#Dataset: CCCma-CanESM2_r1i1p1_CSIRO-CCAM-2008_v1
#Variable: tas
#Area: land
#Interpolation_method: cdo remap
#Spatial_resolution: 0.5º
#Creation_Date: 2021-02-18
#Author: IPCC-WGI Atlas Hub (https://github.com/SantanderMetGroup/IPCC-Atlas). Santander Meteorology Group.
"date","SEA","NAU","CAU","EAU","SAU","NZ","full_domain"
"2006-01",25.707,29.255,29.514,26.136,22.102,14.548,25.561
"2006-02",25.885,28.957,29.926,25.737,23.446,14.041,25.658
"2006-03",25.779,27.48,25.707,23.576,19.435,14.286,24.295
"2006-04",25.793,26.646,23.564,20.968,16.745,11.588,23.135
"2006-05",25.809,25.21,18.947,16.473,12.854,10.128,21.312
"2006-06",25.628,23.379,14.693,13.422,10.809,9.321,19.843
"2006-07",25.538,21.482,12.153,10.581,8.361,7.026,18.465
"2006-08",25.56,24.314,17.603,14.556,11.24,6.984,20.007
"2006-09",25.441,25.191,21.021,17.479,15.057,8.497,21.29
"2006-10",25.353,26.563,24.963,20.384,17.536,8.542,22.492
"2006-11",25.344,27.662,25.353,21.17,17.669,10.929,23.075
"2006-12",25.533,27.837,27.02,21.637,19.937,13.275,24.131
"2007-01",25.917,27.917,27.607,23.321,20.152,16.222,24.836
"2007-02",25.736,27.396,25.626,22.337,19.767,16.708,24.468
"2007-03",25.374,26.432,24.977,21.15,19.031,15.115,23.861
"2007-04",25.403,26.451,21.868,18.881,15.431,12.462,22.487
"2007-05",25.267,24.525,16.837,15.852,12.312,9.914,20.656
"2007-06",25.041,21.164,12.339,11.343,9.157,8.749,18.802
"2007-07",25.124,22.078,12.156,10.905,8.441,6.781,18.391
"2007-08",24.97,22.703,13.648,10.056,8.793,7.189,18.675
"2007-09",25.051,24.503,17.5,13.993,11.567,8.403,20.111
"2007-10",25.034,25.239,20.056,16.087,14.1,9.765,21.067
"2007-11",25.179,26.523,25.233,21.008,18.427,10.721,22.983
"2007-12",25.4,26.44,26.829,22.444,20.92,12.535,23.901
"2008-01",25.508,27.462,25.93,23.625,20.93,15.613,24.329
"2008-02",25.314,26.478,27.083,22.78,21.404,15.636,24.456
"2008-03",25.298,25.73,24.295,22.142,18.655,15.306,23.701
"2008-04",25.026,25.164,20.63,17.799,14.663,13.106,22.021
"2008-05",24.929,24.053,16.993,15.111,11.834,10.405,20.469
"2008-06",24.984,21.479,13.623,11.456,9.671,8.052,18.924
"2008-07",24.708,21.245,12.979,12.384,9.073,7.23,18.558
"2008-08",24.947,22.776,13.811,11.583,9.034,6.989,18.78
"2008-09",25.113,24.95,19.726,16.643,12.978,9.069,20.942
"2008-10",25.271,25.591,21.56,17.426,14.643,9.574,21.537
"2008-11",25.231,27.462,26.28,21.767,18.701,10.751,23.383
"2008-12",25.324,27.959,26.368,22.99,18.532,12.94,23.915
"2009-01",25.284,27.771,28.541,23.848,21.969,14.638,24.832
"2009-02",25.199,27.715,28.536,25.062,21.18,14.64,24.944
"2009-03",25.154,26.974,27.085,23.618,18.807,12.715,24.063
"2009-04",25.293,25.867,20.859,18.367,14.284,11.036,21.997
"2009-05",25.442,23.714,16.339,15.441,11.416,9.333,20.347
"2009-06",25.372,22.116,12.611,12.62,9.011,7.681,18.916
"2009-07",25.233,22.445,13.56,11.016,9.306,7.171,18.76
"2009-08",25.407,22.973,15.004,11.974,9.68,8.106,19.279
"2009-09",25.563,24.825,19.257,15.292,12.995,8.32,20.746
"2009-10",25.292,26.087,24.415,19.563,16.69,8.849,22.172
"2009-11",25.25,27.418,26.959,21.021,18.636,10.593,23.272
"2009-12",25.313,27.743,26.386,21.067,18.965,13.6,23.847
"2010-01",25.651,27.508,28.82,22.506,21.319,16.019,25.121
"2010-02",25.515,27.022,27.588,23.238,21.221,14.475,24.791
"2010-03",25.486,26.588,26.684,22.057,21.009,14.144,24.356
"2010-04",25.57,25.742,20.271,18.343,15.303,12.207,22.298
"2010-05",25.633,23.953,16.465,14.317,11.896,9.04,20.563
"2010-06",25.456,22.416,13.729,12.002,10.332,7.804,19.317
"2010-07",25.366,22.243,13.627,12.085,9.877,8.036,19.124
"2010-08",25.366,22.338,15.792,12.759,10.455,7.198,19.417
"2010-09",25.414,24.131,20.214,16.14,13.85,8.891,20.963
"2010-10",25.295,26.733,22.916,18.712,14.927,9.884,22.049
"2010-11",25.465,28.514,27.428,22.002,19.55,9.95,23.667
"2010-12",25.55,28.646,28.123,21.337,19.919,12.369,24.42
"2011-01",25.739,28.045,29.157,23.913,24.043,13.284,25.186
"2011-02",25.939,29.132,31.156,25.28,23.269,14.422,25.789
"2011-03",25.84,26.924,26.71,21.217,20.616,12.535,24.131
"2011-04",25.78,26.344,24.008,19.404,18.184,11.362,23.161
"2011-05",25.739,24.709,18.48,16.409,14.254,9.434,21.103
"2011-06",25.556,22.467,13.537,12.27,10.5,8.905,19.336
"2011-07",25.582,22.332,13.496,12.538,9.816,8.037,19.034
"2011-08",25.485,22.948,14.669,11.992,10.157,7.513,19.102
"2011-09",25.321,24.319,19.162,15.639,13.69,9.481,20.673
"2011-10",25.339,26.248,22.691,18.812,15.942,9.824,22.085
"2011-11",25.379,27.483,25.597,21.252,18.534,11.774,23.419
"2011-12",25.548,27.319,26.925,21.811,20.256,13.763,24.19
"2012-01",25.628,26.545,25.436,22.799,20.757,14.851,24.172
"2012-02",25.672,26.054,25.389,22.679,20.99,15.625,24.339
"2012-03",25.504,25.775,24.512,21.757,18.633,14.009,23.592
"2012-04",25.098,25.336,21.81,19.337,15.515,12.778,22.412
"2012-05",24.947,23.628,15.522,14.24,10.352,11.404,20.173
"2012-06",24.948,22.014,13.238,12.636,9.569,8.318,18.932
"2012-07",25.019,21.613,11.96,11.065,8.391,7.671,18.379
"2012-08",25.097,23.312,14.567,13.116,9.808,7.619,19.206
"2012-09",25.358,23.944,16.649,12.765,11.28,8.28,19.787
"2012-10",25.37,26.012,22.573,18.737,15.46,9.759,21.924
"2012-11",25.428,26.168,22.515,17.46,15.757,11.911,22.285
"2012-12",25.267,26.989,26.701,21.86,20.592,13.467,23.986
"2013-01",25.577,26.004,24.753,22.476,21.456,16.076,24.186
"2013-02",25.628,26.52,26.788,22.506,21.607,15.297,24.504
"2013-03",25.308,25.429,25.384,21.333,22.38,13.312,23.78
"2013-04",25.454,25.272,20.138,19.027,15.081,11.681,21.995
"2013-05",25.093,23.561,17.508,15.346,12.47,9.691,20.535
"2013-06",24.933,21.844,14.26,12.15,10.29,8.482,19.219
"2013-07",24.9,22.482,13.599,12.279,9.194,8.565,18.93
"2013-08",25.146,23.173,14.431,11.763,8.795,7.735,19.11
"2013-09",25.406,23.812,14.98,13.069,10.157,8.174,19.548
"2013-10",25.479,25.646,18.955,16.446,12.742,8.48,20.923
"2013-11",25.547,26.91,23.376,20.105,16.381,11.203,22.793
"2013-12",25.65,27.177,26.206,22.512,19.71,13.992,24.061
"2014-01",25.642,27.262,27.24,23.62,20.382,16.759,24.754
"2014-02",25.641,26.257,24.576,23.404,18.976,16.701,24.142
"2014-03",25.345,26.538,24.284,22.016,17.673,13.86,23.549
"2014-04",25.226,25.755,20.449,17.973,14.471,12.318,22.061
"2014-05",25.288,23.761,16.572,14.492,11.81,9.489,20.459
"2014-06",25.124,22.43,12.565,10.782,8.913,8.736,18.96
"2014-07",25.049,22.813,13.485,10.716,8.432,7.38,18.838
"2014-08",25.283,23.725,14.115,12.408,9.519,6.908,19.13
"2014-09",25.422,25.304,19.413,16.486,12.745,9.267,20.973
"2014-10",25.553,26.269,21.969,18.674,14.939,9.913,21.969
"2014-11",25.665,27.399,23.608,19.525,15.998,11.586,22.874
"2014-12",25.651,27.043,25.027,21.714,18.62,14.345,23.81
"2015-01",25.553,27.002,26.157,21.595,20.24,15.009,24.213
"2015-02",25.397,27.59,27.4,22.81,21.436,15.484,24.71
"2015-03",25.375,26.935,25.285,21.127,18.795,14.826,23.912
"2015-04",25.567,26.503,21.354,19.392,15.191,13.273,22.738
"2015-05",25.69,24.973,18.482,16.468,12.887,9.894,21.201
"2015-06",25.608,22.944,14.512,12.662,10.084,8.434,19.55
"2015-07",25.445,22.456,13.453,12.027,9.431,8.105,19.045
"2015-08",25.537,23.18,15.539,12.807,10.626,7.631,19.521
"2015-09",25.588,25.08,18.328,16.549,12.508,8.251,20.586
"2015-10",25.586,26.718,23.303,18.673,15.374,9.728,22.109
"2015-11",25.533,27.919,26.119,20.748,18.109,11.659,23.443
"2015-12",25.477,27.751,27.219,23.294,19.771,12.888,24.191
"2016-01",25.676,28.822,29.727,25.418,21.697,14.341,25.383
"2016-02",25.968,27.42,27.095,24.204,21.305,13.784,24.677
"2016-03",25.848,26.564,25.97,21.953,20.348,13.037,24.17
"2016-04",25.936,26.196,24.04,20.94,17.796,11.581,23.37
"2016-05",25.889,24.417,17.092,15.046,12.076,10.133,20.96
"2016-06",25.663,22.835,13.566,13.517,9.187,8.021,19.483
"2016-07",25.447,22.029,12.62,11.394,8.61,6.612,18.647
"2016-08",25.651,23.236,15.562,13.852,10.55,8.264,19.644
"2016-09",25.857,23.695,19.534,16.049,13.964,8.247,20.888
"2016-10",25.707,26.929,23.469,19.323,15.151,9.158,22.378
"2016-11",25.689,27.818,25.757,20.789,18.125,11.094,23.443
"2016-12",25.656,28.003,27.304,22.064,20.544,13.526,24.386
"2017-01",25.867,27.287,26.596,23.157,20.722,14.287,24.493
"2017-02",25.726,27.945,27.614,23.338,21.45,15.798,24.933
"2017-03",25.841,26.156,23.894,20.801,18.994,14.646,23.729
"2017-04",25.685,27.011,22.359,19.82,15.492,12.727,22.9
"2017-05",25.761,24.371,16.012,14.782,11.621,10.506,20.613
"2017-06",25.627,22.814,13.08,12.252,9.054,7.834,19.099
"2017-07",25.71,22.836,12.978,10.442,8.941,6.655,18.78
"2017-08",25.635,23.11,14.79,11.919,9.578,7.984,19.296
"2017-09",25.789,24.724,17.805,14.636,12.48,8.752,20.426
"2017-10",25.779,26.186,21.454,18.473,14.794,9.977,21.831
"2017-11",25.908,26.806,24.515,20.127,17.799,11.323,23.08
"2017-12",25.9,27.96,26.649,22.75,18.519,14.621,24.297
"2018-01",25.662,27.883,27.538,22.415,21.183,14.635,24.668
"2018-02",25.774,27.945,30.716,24.795,23.508,13.866,25.609
"2018-03",25.906,27.045,26.121,24.34,19.729,13.308,24.344
"2018-04",25.936,26.036,20.835,18.015,14.896,11.99,22.385
"2018-05",26.046,25.222,18.869,17.196,13.263,9.135,21.34
"2018-06",25.996,23.65,14.623,11.816,9.95,8.668,19.723
"2018-07",25.789,23.696,13.684,12.223,8.826,7.619,19.255
"2018-08",25.841,24.502,16.118,12.981,10.108,6.564,19.766
"2018-09",25.84,26.123,22.106,17.752,14.775,7.948,21.65
"2018-10",25.835,26.255,23.34,20.276,15.574,9.594,22.319
"2018-11",25.728,27.284,25.546,20.737,18.58,11.478,23.383
"2018-12",25.636,27.741,27.308,22.493,20.94,13.769,24.384
"2019-01",26.032,27.25,26.218,24.516,21.127,15.206,24.698
"2019-02",25.988,27.585,26.572,24.876,19.474,15.814,24.836
"2019-03",25.847,26.864,25.786,21.724,20.517,13.982,24.237
"2019-04",25.679,26.133,21.509,19.213,15.286,11.099,22.414
"2019-05",25.585,23.885,16.471,15.865,12.236,9.805,20.632
"2019-06",25.416,20.437,10.703,10.758,8.455,7.582,18.311
"2019-07",25.424,21.799,12.311,10.504,8.116,6.812,18.524
"2019-08",25.44,22.64,13.506,11.67,9.087,7.378,19
"2019-09",25.612,24.034,20.281,15.23,14.311,8.025,20.918
"2019-10",25.376,26.149,23.668,18.795,15.873,8.95,22.201
"2019-11",25.377,27.149,24.082,19.427,16.754,11.902,22.953
"2019-12",25.718,27.464,25.691,21.102,19.008,13.715,24.004
"2020-01",25.865,28.099,29.569,24.244,23.046,14.817,25.373
"2020-02",25.719,28.029,28.916,24.547,22.59,14.247,25.282
"2020-03",25.665,27.757,27.959,22.774,22.005,13.674,24.834
"2020-04",25.758,26.712,22.089,19.392,15.758,11.935,22.79
"2020-05",25.589,25.287,17.483,15.506,12.911,10.142,21.079
"2020-06",25.761,21.835,13.076,11.508,9.688,8.235,19.182
"2020-07",25.563,22.092,13.727,12.76,9.228,7.209,19.072
"2020-08",25.599,22.45,14.35,12.407,9.807,7.574,19.29
"2020-09",25.499,24.631,20.748,16.596,13.579,8.12,21.158
"2020-10",25.616,26.924,24.336,20.223,16.973,9.41,22.64
"2020-11",25.525,28.075,25.899,21.035,18.195,11.368,23.423
"2020-12",25.742,27.963,28.18,23.255,20.821,13.651,24.645
"2021-01",25.838,28.68,28.858,23.758,22.495,16.208,25.437
"2021-02",25.889,27.492,26.801,24.059,21.572,15.656,24.969
"2021-03",25.852,27.804,27.422,23.71,19.837,14.842,24.816
"2021-04",25.75,26.597,20.955,18.553,15.034,12.591,22.56
"2021-05",25.821,24.773,17.73,14.445,12.677,10.292,21.002
"2021-06",25.51,23.37,13.073,11.928,9.468,8.576,19.261
"2021-07",25.475,22.438,13.291,11.292,9.195,7.98,19.039
"2021-08",25.866,24.036,15.093,13.836,10.004,7.38,19.59
"2021-09",25.887,25.219,17.957,15.556,12.137,9.351,20.734
"2021-10",25.613,27.312,23.074,17.917,15.292,10.15,22.294
"2021-11",25.719,27.838,25.063,20.567,17.641,11.158,23.299
"2021-12",25.814,28.457,27.616,21.611,20.602,13.882,24.557
"2022-01",25.819,29.108,29.358,24.735,22.072,15.582,25.511
"2022-02",25.942,28.419,29.325,24.187,22.841,15.802,25.57
"2022-03",25.993,27.759,26.06,22.667,20.193,14.486,24.509
"2022-04",25.857,27.294,23.74,20.046,16.89,12.197,23.298
"2022-05",25.887,25.161,17.484,16.443,12.699,9.298,21.058
"2022-06",25.894,23.375,15.832,13.152,10.566,9.467,20.127
"2022-07",25.739,22.499,13.136,11.262,8.364,7.539,18.999
"2022-08",25.802,23.823,13.827,11.746,9.246,7.65,19.269
"2022-09",25.819,25.166,18.509,14.843,12.629,8.829,20.783
"2022-10",25.777,27.069,23.142,19.102,15.421,9.483,22.328
"2022-11",25.953,27.793,24.852,20.424,17.315,12.391,23.406
"2022-12",26.044,27.695,27.205,21.93,20.632,14.084,24.564
"2023-01",26.227,27.794,27.163,23.317,21.642,15.089,24.995
"2023-02",25.77,28.061,28.263,24.753,21.964,16.263,25.314
"2023-03",25.854,27.549,26.163,22.123,19.735,15.272,24.446
"2023-04",25.755,26.944,22.487,18.732,15.623,12.012,22.814
"2023-05",25.935,24.342,17.593,14.702,12.61,10,21.01
"2023-06",25.872,23.753,14.354,12.459,9.904,9.224,19.798
"2023-07",25.613,22.254,11.778,9.733,7.759,7.74,18.593
"2023-08",25.749,23.112,14.439,12.135,9.27,7.535,19.342
"2023-09",25.799,25.12,18.892,15.441,12.643,8.899,20.941
"2023-10",25.704,27.17,23.013,18.535,15.227,10.061,22.301
"2023-11",25.745,28.17,26.117,20.654,17.465,11.525,23.557
"2023-12",25.676,28.445,27.814,23.751,20.234,13.047,24.603
"2024-01",25.892,27.597,27.416,23.21,21.497,15.403,24.951
"2024-02",25.835,28.704,30.143,24.806,23.219,13.845,25.575
"2024-03",26.048,28.374,27.013,23.122,20.371,13.945,24.777
"2024-04",26.01,27.46,23.843,19.352,17.373,12.988,23.522
"2024-05",26.038,25.637,19.408,15.812,13.985,10.364,21.712
"2024-06",25.758,23.802,15.376,13.893,10.552,8.064,20.03
"2024-07",25.714,22.297,14.054,11.424,9.661,7.543,19.21
"2024-08",25.611,23.026,15.632,12.784,10.598,7.917,19.639
"2024-09",25.508,25.552,20.098,16.122,13.343,8.752,21.161
"2024-10",25.698,27.643,24.691,20.433,16.303,9.233,22.803
"2024-11",25.673,27.835,25.692,20.297,18.82,11.509,23.481
"2024-12",25.907,28.691,27.721,21.892,20.042,13.526,24.641
"2025-01",26.303,28.749,29.116,23.895,21.979,15.594,25.647
"2025-02",26.183,28.888,30.124,23.924,23.053,15.443,25.851
"2025-03",26.137,26.893,25.262,22.765,19.719,14.52,24.338
"2025-04",26.09,26.563,21.796,19.552,15.915,12.499,22.894
"2025-05",26.092,23.894,17.213,15.172,12.752,11.121,21.021
"2025-06",25.786,23.067,15.327,11.597,10.595,8.85,19.838
"2025-07",25.713,22.709,13.447,12.766,9.15,7.766,19.188
"2025-08",25.654,23.744,15.644,13.809,10.752,9.22,19.996
"2025-09",25.75,25.796,20.628,16.644,13.837,9.039,21.441
"2025-10",25.709,26.988,23.227,19.816,16.498,9.697,22.534
"2025-11",25.722,27.555,25.034,19.855,18.202,10.7,23.221
"2025-12",26.056,27.43,25.34,21.76,19.246,13.47,24.028
"2026-01",26.075,28.213,27.789,24.458,20.976,15.4,25.092
"2026-02",25.982,27.087,27.608,24.534,22.303,15.159,24.966
"2026-03",26.011,26.974,26.038,22.343,19.51,14.283,24.283
"2026-04",26.008,25.986,21.408,18.51,16.389,12.175,22.637
"2026-05",26.019,24.355,17.065,14.656,12.134,10.809,21.002
"2026-06",25.552,23.337,12.469,11.469,9.524,9.258,19.271
"2026-07",25.783,22.556,12.895,12.154,8.803,7.62,19.01
"2026-08",25.891,22.798,13.984,11.838,9.755,7.773,19.29
"2026-09",26.025,25.468,17.869,14.306,12.211,8.467,20.644
"2026-10",25.845,26.334,23.448,19.2,17.159,9.815,22.471
"2026-11",25.973,28.01,26.528,22.703,18.963,11.542,23.908
"2026-12",26.018,27.931,28.039,23.315,22.055,12.863,24.785
"2027-01",26.013,29.04,30.191,25.466,22.636,15.02,25.815
"2027-02",26.34,27.823,28.858,23.861,22.837,15.133,25.511
"2027-03",26.227,27.422,26.047,21.14,19.889,13.844,24.463
"2027-04",26.303,27.72,25.077,20.988,18.538,12.434,24.026
"2027-05",26.39,24.884,17.491,15.278,12.407,9.484,21.065
"2027-06",26.231,24.354,15.009,13.585,10.099,8.797,20.126
"2027-07",25.872,22.322,12.751,10.807,9.619,8.353,19.033
"2027-08",26.14,24.782,16.309,13.228,10.48,7.773,20.07
"2027-09",26.062,25.719,19.572,16.15,13.618,8.625,21.192
"2027-10",25.857,27.291,24.738,20.928,17.347,9.216,22.947
"2027-11",25.744,27.354,24.87,20.849,18.126,10.678,23.269
"2027-12",25.962,28.792,27.664,22.956,19.41,14.135,24.719
"2028-01",26.541,28.353,30.058,25.156,22.873,15.295,25.891
"2028-02",26.474,28.038,27.521,24.385,20.599,16.351,25.278
"2028-03",26.344,26.878,25.014,22.086,18.526,13.776,24.115
"2028-04",26.214,26.247,22.666,19.301,16.87,11.997,23.072
"2028-05",25.925,24.779,18.049,16.581,12.716,10.706,21.368
"2028-06",25.825,23.804,14.338,12.262,9.603,8.947,19.779
"2028-07",25.604,21.446,10.793,10.707,7.99,6.959,18.38
"2028-08",25.639,23.061,14.467,12.329,10.058,7.917,19.523
"2028-09",25.616,24.748,17.751,14.984,12.615,8.818,20.614
"2028-10",25.742,26.166,22.189,17.836,15.482,9.749,22.131
"2028-11",25.756,27.605,24.808,21.208,18.183,11.538,23.457
"2028-12",25.688,27.784,27.543,22.788,20.086,14.097,24.546
"2029-01",25.888,26.952,27.618,23.303,21.211,14.991,24.808
"2029-02",26.08,27.468,26.641,23.204,20.651,16.291,24.901
"2029-03",25.878,25.997,25.064,22.134,19.81,14.576,24.118
"2029-04",25.513,25.661,21.277,19.139,15.668,13.156,22.628
"2029-05",25.424,23.468,15.791,15.151,11.934,10.191,20.428
"2029-06",25.616,22.223,12.679,11.901,9.093,8.732,19.267
"2029-07",25.662,22.254,13.351,11.394,9.051,7.776,19.154
"2029-08",25.87,24.062,15.122,14.513,9.926,8.139,19.871
"2029-09",25.999,24.615,15.807,13.569,10.845,9.904,20.292
"2029-10",25.93,27.417,21.379,17.501,14.132,11.011,22.121
"2029-11",26.099,28.113,25.047,20.105,17.616,11.961,23.532
"2029-12",26.04,28.662,27.801,23.546,20.442,12.889,24.66
"2030-01",25.967,28.757,30.091,24.398,22.712,15.105,25.609
"2030-02",26.193,28.493,30.243,25.253,22.297,15.928,25.852
"2030-03",26.245,27.662,26.935,22.073,20.628,14.03,24.643
"2030-04",25.974,27.377,24.163,20.271,17.496,12.004,23.519
"2030-05",26.163,26.829,20.5,18.421,13.862,10.903,22.24
"2030-06",26.253,24.148,15.373,14.116,10.663,9.939,20.338
"2030-07",26.038,22.687,11.632,11.822,7.929,7.83,18.805
"2030-08",26.041,23.7,14.879,12.3,10.29,7.473,19.689
"2030-09",26.15,25.852,20.323,16.056,13.583,8.348,21.353
"2030-10",26.046,26.995,22.666,19.507,15.506,9.454,22.342
"2030-11",26.036,27.833,25.011,22.144,17.663,12.049,23.68
"2030-12",25.946,28.846,28.019,23.363,20.552,14.62,24.981
"2031-01",26.301,29.033,29.907,25.302,22.017,15.4,25.845
"2031-02",26.323,28.265,27.794,24.055,20.896,15.688,25.266
"2031-03",26.149,27.745,25.931,22.728,19.605,16.102,24.74
"2031-04",26.28,26.973,22.268,19.44,16.874,13.196,23.329
"2031-05",26.327,25.65,18.809,16.93,13.704,11.499,21.954
"2031-06",26.139,23.502,13.748,12.548,9.502,9.71,19.891
"2031-07",25.853,22.168,12.986,11.452,8.979,8.091,19.064
"2031-08",26.158,23.593,15.444,13.156,9.868,7.962,19.833
"2031-09",26.077,25.72,21.581,17.472,13.87,9.494,21.777
"2031-10",25.988,27.659,26.052,21.943,17.194,11.237,23.604
"2031-11",26.161,29.115,27.752,22.321,18.851,12.557,24.434
"2031-12",26.4,29.457,28.815,23.413,20.557,13.971,25.214
"2032-01",26.553,29.321,29.636,25.422,21.667,16.212,25.958
"2032-02",26.747,30.187,29.996,25.281,21.421,15.132,26.149
"2032-03",26.767,29.077,27.815,24.231,21.177,13.854,25.449
"2032-04",26.844,27.819,24.271,20.592,18.246,12.134,23.922
"2032-05",26.813,25.252,18.018,16.442,13.191,9.805,21.7
"2032-06",26.669,23.616,15.06,12.468,10.66,9.037,20.267
"2032-07",26.528,24.595,14.74,13.212,9.421,8.403,20.072
"2032-08",26.444,24.268,16.491,13.552,10.939,8.464,20.337
"2032-09",26.197,25.251,20.849,16.251,14.493,8.643,21.516
"2032-10",26.165,27.311,23.506,19.22,16.721,10.302,22.829
"2032-11",26.181,27.981,25.609,21.935,18.963,12.274,23.975
"2032-12",26.512,29.303,28.603,23.883,20.54,14.618,25.397
"2033-01",26.497,28.911,31.321,26.857,24.586,15.275,26.443
"2033-02",26.548,28.982,29.144,25.397,21.387,16.406,25.885
"2033-03",26.377,28.024,27.195,22.726,19.964,14.818,24.985
"2033-04",26.314,27.888,22.982,20.896,16.028,12.885,23.514
"2033-05",26.091,25.462,17.98,16.606,12.43,11.025,21.55
"2033-06",26.149,23.124,14.303,12.236,10.355,8.22,19.883
"2033-07",25.983,23.127,14.148,11.913,9.313,7.019,19.462
"2033-08",26.062,23.895,14.209,13.677,10.051,8.166,19.818
"2033-09",26.228,25.517,18.419,15.245,12.891,9.019,21.038
"2033-10",26.218,26.904,22.141,18.623,15.974,11.512,22.647
"2033-11",26.246,27.56,23.989,20.897,17.194,12.836,23.536
"2033-12",26.314,27.448,27.07,22.443,21.316,14.405,24.777
"2034-01",26.321,27.689,28.839,24.7,22.354,16.225,25.558
"2034-02",26.329,26.873,25.716,23.855,20.169,18.638,25.044
"2034-03",26.512,27.258,25.955,22.891,19.831,17.04,24.938
"2034-04",25.881,26.722,21.658,19.099,15.648,13.507,22.882
"2034-05",25.846,24.857,17.537,14.787,12.704,10.904,21.132
"2034-06",25.692,23.734,13.5,13.327,9.611,9.77,19.822
"2034-07",25.957,23.457,12.76,11.448,8.517,7.34,19.113
"2034-08",26.149,24.788,14.185,12.933,9.615,8.989,19.969
"2034-09",26.563,25.361,17.414,14.798,12.627,9.605,21.052
"2034-10",26.199,26.834,25.135,19.16,17.765,9.882,23.074
"2034-11",26.127,27.943,26.824,20.729,19.439,12.31,24.01
"2034-12",26.247,27.776,27.135,23.232,21.105,14.19,24.752
"2035-01",26.51,27.521,26.641,22.978,20.858,16.426,25.092
"2035-02",26.29,27.811,25.825,22.223,20.742,15.456,24.767
"2035-03",26.249,27.296,25.628,21.355,19.962,15.055,24.568
"2035-04",26.141,26.711,21.105,18.554,15.598,13.023,22.931
"2035-05",26.237,25.129,17.63,15.008,12.509,10.123,21.335
"2035-06",26.157,22.944,13.064,13.202,9.455,8.373,19.696
"2035-07",25.998,22.588,12.234,11.49,8.617,8.243,19.118
"2035-08",25.946,23.762,15.425,13.203,10.517,8.589,20.013
"2035-09",26.163,25.75,22.004,17.069,14.562,9.466,22.042
"2035-10",26.272,27.384,25.886,20.679,18.021,10.467,23.439
"2035-11",26.348,28.354,26.833,22.905,19.642,11.059,24.214
"2035-12",26.369,28.683,28.532,23.816,21.882,14.818,25.278
"2036-01",26.521,28.117,28.689,24.665,22.804,16.01,25.648
"2036-02",26.373,27.939,30.122,24.302,22.83,15.898,25.891
"2036-03",26.428,27.417,25.244,22.686,19.792,13.877,24.426
"2036-04",26.216,25.756,21.31,18.707,16.991,12.595,22.906
"2036-05",25.96,24.036,18.034,14.535,13.961,10.728,21.319
"2036-06",25.958,22.948,15.074,12.808,10.783,9.049,20.1
"2036-07",26.003,23.541,14.445,13.248,9.347,7.71,19.638
"2036-08",25.98,22.893,13.805,12.933,10.024,8.566,19.544
"2036-09",26.09,24.753,17.929,15.002,12.393,9.364,20.781
"2036-10",26.259,27.171,21.794,17.803,14.411,9.852,22.233
"2036-11",26.472,28.151,25.641,20.472,18.049,12.119,23.856
"2036-12",26.452,29.079,27.657,23.163,20.545,13.819,25.035
"2037-01",26.349,28.905,29.925,24.566,22.507,16.718,26.019
"2037-02",26.541,28.269,28.274,24.493,21.934,17.202,25.712
"2037-03",26.476,26.862,25.692,22.312,19.724,14.898,24.65
"2037-04",26.609,26.582,22.455,19.844,16.896,12.389,23.33
"2037-05",26.605,25.548,17.73,16.386,12.268,9.813,21.436
"2037-06",26.463,23.736,14.514,13.758,10.453,9.407,20.18
"2037-07",26.456,23.409,13.759,12.024,9.595,8.421,19.679
"2037-08",26.309,24.148,17.009,14.143,11.21,8.691,20.532
"2037-09",26.404,25.939,20.499,17.17,13.699,10.241,21.802
"2037-10",26.407,27.4,23.764,19.715,16.439,10.512,22.934
"2037-11",26.475,27.533,25.519,21.849,18.537,12.019,23.786
"2037-12",26.572,28.137,27.727,22.846,21.666,14.059,24.96
"2038-01",26.479,26.828,26.513,24.493,22.175,16.19,25.071
"2038-02",26.658,27.087,24.491,22.959,20.747,17.623,24.883
"2038-03",26.395,26.565,23.817,21.993,18.966,15.448,24.26
"2038-04",26.237,25.888,21.626,18.753,15.934,13.485,23
"2038-05",26.22,24.478,18.421,15.57,13.391,11.015,21.519
"2038-06",26.13,23.443,15.566,14.385,11.476,9.807,20.456
"2038-07",26.12,22.067,13.41,11.269,10.158,8.517,19.415
"2038-08",26.299,24.037,16.636,14.09,11.516,9.167,20.491
"2038-09",26.339,25.586,20.308,15.585,13.575,9.179,21.448
"2038-10",26.395,27.376,24.556,19.732,16.843,10.958,23.135
"2038-11",26.395,28.311,26.09,21.85,18.939,12.393,24.147
"2038-12",26.345,28.622,28.108,22.65,20.669,14.095,25.005
"2039-01",26.595,28.862,29.347,24.963,21.897,16.169,25.938
"2039-02",26.566,28.126,28.276,24.297,20.733,16.522,25.569
"2039-03",26.352,27.915,27.653,23.297,20.12,16.227,25.214
"2039-04",26.395,27.377,22.16,19.516,16.093,14.424,23.457
"2039-05",26.355,25.642,18.293,16.134,13.053,10.754,21.67
"2039-06",26.203,23.893,16.259,13.126,10.626,9.313,20.439
"2039-07",26.095,23.479,15.23,13.384,10.124,8.151,19.939
"2039-08",26.208,24.642,15.913,12.719,10.269,8.447,20.163
"2039-09",26.338,25.662,19.465,16.149,13.948,9.754,21.496
"2039-10",26.426,26.938,22.76,19.58,16.029,10.14,22.682
"2039-11",26.368,28.021,26.397,22,19.455,11.808,24.069
"2039-12",26.422,27.948,27.156,22.795,20.141,14.278,24.744
"2040-01",26.789,26.959,24.928,23.787,20.839,16.782,24.89
"2040-02",26.597,26.562,25.401,23.498,21.058,16.457,24.914
"2040-03",26.191,26.941,25.251,22.289,19.561,15.126,24.432
"2040-04",26.335,25.976,22.45,20.518,16.757,12.842,23.237
"2040-05",26.151,25.092,16.623,15.942,12.244,10.452,21.121
"2040-06",26.045,22.887,14.281,13.847,10.097,8.83,19.872
"2040-07",25.956,23.042,14.305,12.668,9.736,8.669,19.588
"2040-08",26.259,23.929,14.794,12.511,10.079,7.226,19.696
"2040-09",26.401,26.075,18.932,16.707,12.69,10.182,21.489
"2040-10",26.581,27.459,23.771,18.912,16.1,10.605,23.052
"2040-11",26.534,27.63,26.045,22.494,18.427,12.09,24.084
"2040-12",26.371,28.078,27.292,23.9,20.467,14.04,24.864
"2041-01",26.313,28.655,28.192,23.505,21.675,16.467,25.542
"2041-02",26.385,29.321,28.574,24.06,21.06,16.171,25.752
"2041-03",26.356,28.311,26.469,22.596,20.075,15.018,24.991
"2041-04",26.515,27.209,23.391,20.189,17.809,12.356,23.676
"2041-05",26.588,25.326,18.321,15.804,13.095,9.631,21.6
"2041-06",26.275,24.041,15.47,13.722,10.545,10.183,20.597
"2041-07",26.187,23.085,13.648,12.515,8.985,7.543,19.532
"2041-08",26.579,24.331,15.91,13.336,10.835,8.113,20.268
"2041-09",26.386,25.913,21.906,17.492,14.298,9.118,21.993
"2041-10",26.599,27.448,24.616,20.266,17.159,11.213,23.406
"2041-11",26.367,28.931,29.125,24.503,20.71,10.896,24.773
"2041-12",26.442,29.375,30.256,25.139,22.615,12.951,25.615
"2042-01",26.529,29.153,30.915,26.462,23.405,15.55,26.307
"2042-02",26.96,28.803,30.145,25.269,22.548,15.614,26.21
"2042-03",26.836,27.637,26.571,23.362,19.927,14.846,25.141
"2042-04",26.85,26.745,22.702,19.657,16.874,13.425,23.736
"2042-05",26.947,26.258,19.879,17.818,14.439,10.497,22.445
"2042-06",26.894,23.761,15.008,13.5,11.462,9.445,20.577
"2042-07",26.678,22.886,13.389,12.161,9.16,8.015,19.632
"2042-08",26.64,24.635,17.301,14.861,12.001,9.039,20.93
"2042-09",26.416,26.237,20.084,16.618,14.313,9.981,21.841
"2042-10",26.376,27.713,24.134,20.558,16.577,10.636,23.143
"2042-11",26.404,28.555,27.21,23.194,19.796,12.221,24.527
"2042-12",26.473,28.313,28.808,23.044,21.866,15.198,25.431
"2043-01",26.444,28.649,28.562,25.037,22.454,18.086,26.005
"2043-02",26.866,27.234,26.295,24.599,22.359,17.597,25.544
"2043-03",26.462,27.382,25.906,22.651,20.238,15.424,24.741
"2043-04",26.23,27.334,23.731,20.89,18.166,13.598,23.853
"2043-05",26.175,25.825,17.697,16.089,12.289,11.292,21.619
"2043-06",26.304,24.316,15.376,13.582,10.532,9.365,20.505
"2043-07",26.516,22.627,12.835,10.679,9.332,7.878,19.427
"2043-08",26.699,24.642,16.21,14.079,10.773,9.019,20.618
"2043-09",26.619,26.833,19.144,16.02,12.073,9.362,21.535
"2043-10",26.676,27.277,21.92,18.455,14.783,10.537,22.587
"2043-11",26.594,28.31,25.079,20.336,17.616,12.225,23.83
"2043-12",26.812,28.283,28.259,22.116,21.821,14.159,25.279
"2044-01",26.935,29.493,31.054,25.072,23.268,16.579,26.411
"2044-02",26.87,28.37,28.446,24.591,22.609,16.713,25.849
"2044-03",26.811,27.931,26.349,23.517,20.275,16.079,25.132
"2044-04",26.661,26.331,21.197,19.232,16.214,12.974,23.054
"2044-05",26.509,24.58,17.501,15.504,13.166,10.996,21.519
"2044-06",26.157,23.674,13.276,13.025,10.007,9.922,20.035
"2044-07",26.27,23.758,14.858,12.215,10.1,8.623,20.014
"2044-08",26.429,25.151,15.83,13.104,10.373,8.274,20.24
"2044-09",26.778,26.663,18.418,15.604,12.019,8.993,21.294
"2044-10",26.699,27.163,21.954,18.143,15.907,10.651,22.591
"2044-11",26.633,28.564,26.649,21.59,18.358,12.711,24.248
"2044-12",26.474,28.883,29.977,24.381,22.174,13.516,25.489
"2045-01",26.568,28.966,30.122,25.51,23.521,15.452,26.062
"2045-02",26.747,28.763,29.859,25.327,23.592,17.412,26.409
"2045-03",26.885,27.756,26.995,23.215,20.795,15.73,25.354
"2045-04",26.733,26.79,23.937,19.991,17.825,12.842,23.837
"2045-05",26.688,24.896,17.634,15.677,12.922,11.084,21.63
"2045-06",26.619,23.575,14.165,13.416,10.509,9.239,20.316
"2045-07",26.421,23.675,15.346,12.819,10.138,7.738,19.989
"2045-08",26.337,23.767,16.451,13.695,11.443,9.027,20.424
"2045-09",26.414,25.42,21.939,18.411,15.832,9.839,22.26
"2045-10",26.501,27.4,24.549,20.319,17.537,11.283,23.33
"2045-11",26.384,29.026,27.111,22.687,19.652,14.211,24.726
"2045-12",26.527,28.945,28.839,24.28,20.771,14.845,25.456
"2046-01",26.633,29.119,30.833,24.907,24.079,17.369,26.453
"2046-02",26.649,28.116,29.555,25.06,22.545,18.168,26.228
"2046-03",26.636,28.048,26.028,23.678,19.235,16.893,25.176
"2046-04",26.558,27.893,25.749,20.987,18.05,12.311,24.138
"2046-05",26.621,25.465,17.978,15.507,12.387,10.786,21.653
"2046-06",26.57,24.041,14.613,12.847,10.286,9.574,20.36
"2046-07",26.568,23.206,13.504,12.533,9.133,7.961,19.649
"2046-08",26.553,24.416,16.374,14.363,11.102,9.446,20.643
"2046-09",26.752,25.561,19.288,16.418,13.394,9.719,21.631
"2046-10",26.608,27.966,24.168,19.961,16.416,10.304,23.195
"2046-11",26.518,28.582,25.829,21.061,18.137,12.593,24.153
"2046-12",26.693,29.306,28.262,23.195,19.966,15.019,25.398
"2047-01",26.704,29.247,29.441,23.813,23.115,16.796,26.119
"2047-02",26.712,29.507,29.847,25.197,21.333,17.812,26.396
"2047-03",26.985,28.184,26.901,22.749,19.89,15.812,25.347
"2047-04",26.679,27.715,22.929,18.857,16.419,13.701,23.686
"2047-05",26.798,25.851,20.502,16.952,14.74,11.396,22.549
"2047-06",26.62,23.649,14.545,13.594,10.585,9.223,20.357
"2047-07",26.744,23.199,14.437,12.803,9.818,8.103,20.034
"2047-08",27.003,24.231,14.196,12.759,9.586,8.655,20.141
"2047-09",26.961,26.315,19.622,16.165,13.676,10.5,21.939
"2047-10",26.752,28.253,25.443,20.04,17.517,10.592,23.62
"2047-11",26.765,30.499,28.355,22.993,19.206,12.256,25.003
"2047-12",26.867,29.904,29.798,24.569,21.663,14.004,25.805
"2048-01",26.945,29.312,31.225,24.359,23.85,15.756,26.431
"2048-02",26.995,28.516,29.782,24.918,22.511,17.822,26.347
"2048-03",26.906,28.02,26.26,23.467,19.742,14.658,25.057
"2048-04",27.025,28.215,25.116,21.455,18.205,13.227,24.4
"2048-05",27.363,26.481,19.835,16.924,14.68,10.339,22.416
"2048-06",27.014,24.122,15.293,13.493,10.414,9.773,20.625
"2048-07",26.746,24.081,15.948,12.842,10.597,9.505,20.492
"2048-08",26.846,24.713,18.722,15.292,12.014,8.741,21.116
"2048-09",26.833,25.672,20.961,17.753,14.621,9.609,22.064
"2048-10",26.757,28.05,25.991,21.407,18.571,10.728,23.775
"2048-11",26.695,29.373,28.993,23.952,21.092,11.802,25.017
"2048-12",26.964,29.385,29.97,24.519,22.338,14.286,25.914
"2049-01",27.061,29.621,31.065,25.425,23.907,16.423,26.707
"2049-02",27.08,29.38,32.114,24.975,25.132,16.042,26.779
"2049-03",26.98,29.072,27.976,23.562,20.824,15.929,25.687
"2049-04",26.966,28.169,23.716,20.362,17.888,12.358,23.938
"2049-05",26.852,25.151,17.702,16.084,12.976,10.599,21.639
"2049-06",26.763,23.351,13.764,14.381,10.484,10.01,20.39
"2049-07",26.81,24.014,15.136,12.11,10.075,8.428,20.108
"2049-08",26.915,23.928,13.55,12.057,9.723,8.277,19.807
"2049-09",26.917,26.401,20.025,16.156,14.075,10.283,21.963
"2049-10",27.022,27.267,23.037,18.911,15.957,10.612,22.923
"2049-11",26.605,28.844,26.428,21.758,18.618,12.75,24.302
"2049-12",27.029,28.858,28.507,23.589,21.734,15.9,25.667
"2050-01",27.363,28.079,27.374,24.697,22.308,17.007,25.781
"2050-02",26.944,27.432,27.221,25.513,21.901,16.78,25.721
"2050-03",26.951,27.177,25.781,23.281,19.82,15.537,24.951
"2050-04",26.951,27.039,25.103,21.849,18.17,13.134,24.276
"2050-05",27.022,26.18,20.309,18.156,14.064,10.997,22.486
"2050-06",27.037,23.217,14.718,12.337,10.062,9.309,20.221
"2050-07",26.869,23.428,14.853,12.46,10.265,8.435,20.062
"2050-08",26.901,24.324,17.578,14.037,11.464,8.148,20.757
"2050-09",26.941,26.149,21.408,18.04,14.568,9.431,22.223
"2050-10",26.94,28.031,24.979,20.282,16.693,10.806,23.456
"2050-11",26.876,29.475,28.959,22.121,20.402,12.107,25.038
"2050-12",26.914,29.701,30.836,25.427,21.653,14.064,26.119
"2051-01",27.202,29.707,30.004,23.912,22.979,16.082,26.45
"2051-02",27.123,29.912,31.555,26.703,24.507,15.629,26.964
"2051-03",27.237,29.055,29.669,25.245,22.795,14.814,26.16
"2051-04",27.104,28.326,24.063,21.345,17.058,13.636,24.278
"2051-05",27.021,26.548,19.588,17.464,14.23,11.674,22.558
"2051-06",26.83,24.216,15.794,14.173,11.08,9.035,20.758
"2051-07",26.932,24.758,14.414,13.289,9.458,7.909,20.074
"2051-08",26.993,23.866,13.332,11.912,9.887,8.292,19.763
"2051-09",27.317,26.304,17.511,14.829,11.966,9.176,21.298
"2051-10",27.143,27.824,21.982,18.427,15.087,10.876,22.862
"2051-11",27.124,29.151,25.866,20.648,17.991,12.258,24.292
"2051-12",27.193,29.31,28.5,23.977,21.056,14.397,25.561
"2052-01",27.074,28.367,28.92,24.156,22.339,17.237,26.07
"2052-02",26.967,28.34,28.659,24.854,22.004,17.181,25.992
"2052-03",26.856,28.257,26.848,22.401,19.432,15.435,25.114
"2052-04",26.766,27.297,22.598,18.905,16.349,14.108,23.652
"2052-05",27.035,24.972,17.013,15.715,12.367,11.361,21.577
"2052-06",26.977,23.744,15.153,13.587,10.749,8.613,20.436
"2052-07",26.822,23.862,16.347,13.201,11.278,9.012,20.533
"2052-08",26.687,24.219,17.072,13.912,11.56,8.556,20.623
"2052-09",26.865,25.271,19.942,15.652,13.782,9.851,21.656
"2052-10",26.922,28.171,25.143,20.621,17.218,11.539,23.703
"2052-11",26.905,29.509,28.803,23.08,20.75,13.169,25.129
"2052-12",26.983,29.266,30.307,23.93,22.366,14.932,25.986
"2053-01",27.129,29.637,30.447,25.296,23.573,17.183,26.675
"2053-02",27.239,28.418,29.641,25.537,23.231,17.198,26.494
"2053-03",27.197,29.583,29.123,25.073,20.961,16.188,26.249
"2053-04",27.239,27.904,22.621,20.354,16.404,13.687,23.995
"2053-05",27.216,25.197,18.541,15.788,13.504,10.262,21.919
"2053-06",27.087,24.41,15.296,14.386,10.716,9.423,20.702
"2053-07",27.081,22.574,12.332,12.074,9.152,8.837,19.554
"2053-08",26.864,24.471,16.514,13.45,11.333,9.123,20.609
"2053-09",27.022,26.334,22.703,17.948,15.491,9.61,22.493
"2053-10",26.917,27.735,26.396,21.76,19.374,11.301,24.086
"2053-11",26.802,29.382,27.818,23.668,19.863,12.963,24.946
"2053-12",26.795,28.984,29.155,23.345,21.891,14.403,25.554
"2054-01",27.195,28.733,28.858,23.951,23.211,16.581,26.125
"2054-02",27.473,28.698,26.233,23.564,20.551,16.966,25.656
"2054-03",27.077,28.68,27.425,23.884,20.099,14.444,25.368
"2054-04",26.939,28.048,23.845,20.455,17.032,13.395,23.953
"2054-05",26.815,26.083,18.58,16.628,13.497,10.945,22.046
"2054-06",26.681,24.156,15.789,13.341,11.107,9.585,20.755
"2054-07",26.455,24.695,15.447,13.264,11.002,8.648,20.43
"2054-08",26.555,23.697,16.371,12.645,11.409,8.285,20.318
"2054-09",26.882,26.394,19.739,16.458,13.753,9.346,21.756
"2054-10",26.931,28.224,25.11,21.161,17.532,10.636,23.601
"2054-11",26.976,28.817,27.157,22.02,19.298,12.151,24.518
"2054-12",26.886,30.127,30.518,24.711,22.48,14.007,25.955
"2055-01",26.889,29.882,31.095,26.562,23.321,15.745,26.659
"2055-02",27.136,30.284,31.157,25.903,24.348,15.768,26.8
"2055-03",27.267,28.241,28.89,23.798,22.011,14.355,25.735
"2055-04",27.111,27.87,23.664,21.171,17.409,13.115,24.11
"2055-05",27.247,25.921,18.961,16.005,14.301,10.743,22.258
"2055-06",27.103,25.123,16.09,13.985,11.475,9.882,21.049
"2055-07",26.978,23.507,14.3,13.324,9.837,8.189,20.139
"2055-08",27.09,24.124,17.28,13.807,11.378,8.345,20.866
"2055-09",27.168,26.438,21.547,18.133,14.732,10.003,22.572
"2055-10",27.013,28.702,25.346,20.717,17.186,10.684,23.852
"2055-11",26.887,29.802,30.318,25.063,21.5,11.609,25.588
"2055-12",27.023,29.869,31.289,26.234,22.796,14.322,26.481
"2056-01",27.232,29.034,30.23,26.233,23.927,15.829,26.533
"2056-02",27.385,29.658,29.896,26.294,22.472,16.357,26.585
"2056-03",27.361,29.238,28.094,24.397,20.326,14.963,25.782
"2056-04",27.285,28.233,24.769,20.839,17.508,13.728,24.522
"2056-05",27.148,26.112,17.997,16.379,12.652,10.767,22.061
"2056-06",27.03,23.486,13.986,13.085,10.771,10.161,20.588
"2056-07",26.913,24.631,16.125,14.334,10.854,8.515,20.729
"2056-08",27.173,26.783,18.468,15.507,11.092,9.277,21.567
"2056-09",27.43,27.986,20.333,16.072,12.438,9.469,22.235
"2056-10",27.316,29.013,22.986,19.826,15.659,12.042,23.616
"2056-11",27.086,29.57,28.101,23.705,20.433,12.99,25.247
"2056-12",27.243,29.541,29.743,24.373,21.808,15.924,26.184
"2057-01",27.504,29.196,30.718,26.579,23.387,17.991,26.924
"2057-02",27.299,28.442,29.216,24.631,22.289,17.707,26.367
"2057-03",26.909,29.13,29.378,23.417,22.12,16.224,26.114
"2057-04",27.21,27.811,24.146,19.675,17.453,13.419,24.243
"2057-05",27.273,25.68,17.341,15.954,13.327,11.478,22.054
"2057-06",27.008,24.219,15.44,13.628,10.82,9.259,20.843
"2057-07",26.999,23.224,14.64,12.098,10.895,8.598,20.251
"2057-08",26.964,24.968,16.959,14.63,11.674,7.956,20.84
"2057-09",27.218,26.782,23.259,19.061,15.918,9.981,22.927
"2057-10",27.027,28.299,26.64,21.031,17.507,10.439,23.964
"2057-11",27.025,29.063,29.146,23.597,21.708,12.573,25.242
"2057-12",27.011,30.116,31.119,26.576,22.366,13.91,26.336
"2058-01",27.217,29.784,32.595,27.631,24.523,15.021,27.062
"2058-02",27.412,28.96,30.064,26.429,23.005,15.928,26.602
"2058-03",27.499,29.942,29.385,24.417,21.25,14.469,26.188
"2058-04",27.401,28.27,24.68,20.74,18.024,13.207,24.536
"2058-05",27.461,26.718,19.33,17.81,13.993,10.898,22.56
"2058-06",27.469,25.084,14.383,14.674,10.214,8.394,20.657
"2058-07",27.484,23.972,12.161,11.406,8.989,8.351,19.859
"2058-08",27.416,24.754,15.281,13.755,10.821,8.764,20.675
"2058-09",27.416,26.518,21.025,16.635,15.135,9.933,22.404
"2058-10",27.349,28.666,25.319,20.551,17.609,10.5,23.855
"2058-11",27.137,29.304,26.37,22.106,18.576,13.152,24.697
"2058-12",27.281,29.275,28.194,23.358,20.918,15.399,25.696
"2059-01",27.256,29.14,29.344,24.618,23.028,17.542,26.416
"2059-02",27.272,29.602,28.892,24.725,21.493,18.713,26.488
"2059-03",27.425,28.425,26.125,23.3,20.435,15.752,25.489
"2059-04",27.359,28.715,25.246,21.072,17.788,13.83,24.69
"2059-05",27.369,26.934,20.719,17.508,14.924,11.956,23.037
"2059-06",27.072,24.125,14.524,13.975,10.232,9.629,20.699
"2059-07",27.3,24.336,13.999,13.013,9.978,9.976,20.493
"2059-08",27.106,24.87,18.397,14.513,12.637,9.338,21.413
"2059-09",27.313,26.253,20.672,16.869,14.062,10.443,22.303
"2059-10",27.27,28.876,27.571,22.438,18.07,11.088,24.506
"2059-11",27.282,30.855,29.791,24.53,20.393,13.706,25.799
"2059-12",27.287,29.802,30.299,24.604,22.466,14.586,26.108
"2060-01",27.592,29.111,29.138,24.732,23.564,17.074,26.504
"2060-02",27.561,28.582,29.015,26.383,22.882,16.937,26.42
"2060-03",27.585,28.473,26.551,23.18,19.846,16.891,25.703
"2060-04",27.589,27.994,24.184,21.103,17.529,14.15,24.523
"2060-05",27.765,25.285,19.26,17.179,14.346,12.029,22.691
"2060-06",27.832,25.028,15.923,15.022,11.163,10.426,21.461
"2060-07",27.503,24.791,16.116,14.953,10.645,9.791,21.079
"2060-08",27.539,25.547,17.289,14.818,11.337,9.613,21.266
"2060-09",27.61,26.732,20.43,16.254,13.849,9.332,22.23
"2060-10",27.73,28.741,24.229,19.501,16.44,11.428,23.825
"2060-11",27.569,29.892,28.768,22.437,20.471,12.931,25.446
"2060-12",27.492,29.107,30.622,24.251,23.285,14.357,26.341
"2061-01",27.784,29.846,31.453,25.838,23.605,17.158,27.218
"2061-02",27.657,29.865,28.607,23.821,21.986,16.878,26.466
"2061-03",27.585,29.332,27.173,23.632,20.284,16.849,26.004
"2061-04",27.556,29.095,24.832,21.058,18.25,15.437,25.068
"2061-05",27.58,26.645,18.159,16.825,13.305,12.192,22.496
"2061-06",27.623,24.853,15.179,13.142,10.549,9.818,21.06
"2061-07",27.575,25.52,16.479,14.382,11.172,10.081,21.331
"2061-08",27.693,25.417,18.519,14.676,12.217,9.194,21.562
"2061-09",27.599,27.438,24.015,19.452,15.189,10.72,23.342
"2061-10",27.484,29.291,28.801,24.006,19.081,10.819,24.932
"2061-11",27.469,30.647,29.364,24.231,19.551,13.407,25.724
"2061-12",27.5,30.922,31.14,25.288,22.388,15.016,26.674
"2062-01",27.545,30.113,32.78,26.834,24.034,16.419,27.421
"2062-02",27.886,30.983,31.023,25.848,22.668,17.187,27.223
"2062-03",27.693,29.574,29.437,24.122,22.615,15.47,26.459
"2062-04",27.883,28.472,25.685,20.116,18.802,13.758,24.997
"2062-05",27.738,26.091,19.154,16.547,13.804,11.162,22.55
"2062-06",27.562,26.057,17.803,15.266,12.512,10.792,22.042
"2062-07",27.65,24.329,14.682,12.776,10.639,9.326,20.728
"2062-08",27.454,25.491,18.103,14.281,12.427,9.634,21.522
"2062-09",27.446,27.084,23.374,19.325,15.845,10.345,23.168
"2062-10",27.727,29.486,26.165,21.997,17.518,11.946,24.562
"2062-11",27.502,30.847,30.088,25.214,20.443,12.435,25.94
"2062-12",27.498,31.295,32.128,27.329,22.555,15.027,27.089
"2063-01",27.667,30.559,31.275,27.13,22.433,17.226,27.197
"2063-02",27.297,30.371,32.153,26.204,24.554,15.722,27.223
"2063-03",27.769,30.063,30.235,25.498,22.603,15.797,26.807
"2063-04",27.751,28.324,26.789,22.007,19.302,13.402,25.154
"2063-05",27.79,26.967,20.339,18.611,14.895,11.34,23.048
"2063-06",27.629,24.839,15.937,14.973,11.582,9.821,21.237
"2063-07",27.406,25.262,16.103,14.134,10.855,9.324,20.973
"2063-08",27.731,26.527,18.386,16.266,12.371,9.264,21.75
"2063-09",27.657,26.851,22.92,18.551,15.678,10.733,23.079
"2063-10",27.522,28.991,28.091,23.017,19.724,11.089,24.788
"2063-11",27.5,30.372,30.515,25.795,21.715,12.323,25.978
"2063-12",27.506,30.521,31.504,25.984,22.584,15.437,26.814
"2064-01",27.693,31.05,32.305,25.594,23.469,16.825,27.421
"2064-02",27.657,30.772,31.77,25.223,23.859,17.267,27.326
"2064-03",27.701,30.191,27.712,23.504,21.004,16.446,26.168
"2064-04",27.888,29.054,24.747,20.21,17.416,14.163,24.82
"2064-05",27.741,27.294,20.929,17.351,14.991,11.746,23.141
"2064-06",27.477,24.628,16.976,14.977,12.227,10.244,21.514
"2064-07",27.332,24.012,15.948,13.005,10.838,8.923,20.775
"2064-08",27.425,25.819,18.375,15.199,12.412,10.431,21.752
"2064-09",27.694,27.464,21.96,18.865,14.624,10.663,22.968
"2064-10",27.543,28.406,24.97,20.988,17.434,11.316,23.902
"2064-11",27.46,29.66,27.545,22.353,19.535,13.215,25.133
"2064-12",27.524,30.085,29.335,24.035,21.204,15.107,26.113
"2065-01",27.848,29.338,30.579,25.823,24.888,17.088,27.058
"2065-02",27.6,28.911,30.726,26.201,24.511,17.74,27.075
"2065-03",27.455,28.101,27.446,23.846,20.836,17.051,25.889
"2065-04",27.432,28.209,24.53,20.977,17.689,13.815,24.488
"2065-05",27.428,26.547,19.549,17.945,13.872,11.908,22.688
"2065-06",27.303,25.102,16.523,13.907,11.947,10.27,21.382
"2065-07",27.307,23.935,13.521,13.332,9.763,8.814,20.298
"2065-08",27.419,23.862,15.114,12.606,10.678,9.121,20.587
"2065-09",27.508,27.709,20.73,16.499,13.94,9.848,22.547
"2065-10",27.524,29.31,25.673,20.79,16.804,11.75,24.244
"2065-11",27.298,29.638,28.123,23.042,20.523,12.917,25.235
"2065-12",27.748,29.966,30.283,25.041,22.597,14.712,26.426
"2066-01",27.977,28.962,28.789,25.575,22.844,16.875,26.436
"2066-02",27.625,28.674,29.459,24.608,23.463,16.931,26.618
"2066-03",27.569,28.766,27.559,23.386,20.879,16.519,25.96
"2066-04",27.322,27.684,23.255,20.614,16.802,13.188,24.166
"2066-05",27.708,26.448,19.731,17.927,14.331,12.37,22.992
"2066-06",27.456,24.831,17.279,15.258,12.09,9.845,21.621
"2066-07",27.29,25.112,15.743,13.907,10.998,9.137,20.965
"2066-08",27.492,25.918,17.66,15.149,12.19,9.257,21.513
"2066-09",27.63,27.177,21.404,16.348,15.014,10.37,22.667
"2066-10",27.558,28.87,26.528,21.224,17.851,10.742,24.311
"2066-11",27.553,29.883,28.492,23.94,19.988,13.004,25.492
"2066-12",27.63,29.78,30.364,24.56,22.665,14.963,26.455
"2067-01",27.828,29.365,30.715,27.469,23.772,16.563,27.104
"2067-02",27.774,29.499,30.331,25.561,21.866,16.144,26.844
"2067-03",27.783,28.696,26.216,23.558,20.023,15.504,25.587
"2067-04",27.615,28.321,24.722,21.62,17.87,13.413,24.691
"2067-05",27.754,25.937,18.128,16.662,13.036,11.651,22.411
"2067-06",27.692,24.794,15.993,15.187,12.285,9.997,21.49
"2067-07",27.566,25.186,15.747,12.884,11.676,9.51,21.053
"2067-08",27.725,26.097,17.976,15.307,12.333,9.484,21.733
"2067-09",27.889,27.416,23.185,18.86,15.919,10.128,23.304
"2067-10",27.613,28.846,26.67,22.462,17.963,11.269,24.55
"2067-11",27.537,30.481,29.521,24.104,19.394,12.674,25.679
"2067-12",27.677,31,30.879,24.423,22.444,15.648,26.749
"2068-01",27.881,31.005,32.469,25.633,23.888,17.059,27.551
"2068-02",27.805,29.119,32.962,27.327,27.185,16.792,27.848
"2068-03",27.969,29.942,31.957,26.22,23.442,15.659,27.242
"2068-04",27.83,28.368,26.502,20.772,19.085,13.006,25.099
"2068-05",27.914,27.178,22.059,18.222,16.199,11.488,23.529
"2068-06",27.993,24.758,15.594,14.619,11.441,10.622,21.457
"2068-07",27.84,24.607,15.358,13.638,11.196,9.839,21.095
"2068-08",27.879,25.394,17.64,14.785,12.442,9.671,21.579
"2068-09",27.783,28.08,22.41,19.257,14.522,10.683,23.208
"2068-10",27.653,28.919,25.29,20.562,17.537,11.375,24.11
"2068-11",27.701,30.654,30.773,26.927,22.562,12.777,26.302
"2068-12",27.871,30.77,32.386,26.967,23.222,16.289,27.279
"2069-01",27.909,30.783,33.383,27.417,25.624,19.019,28.126
"2069-02",28.15,30.063,31.136,25.999,23.551,18.911,27.494
"2069-03",28.183,29.704,29.924,24.343,22.631,16.627,26.952
"2069-04",27.917,28.968,25.489,21.718,18.342,15.09,25.279
"2069-05",27.978,26.193,18.818,16.839,13.9,12.1,22.709
"2069-06",27.811,25.127,15.858,15.276,11.303,10.115,21.465
"2069-07",27.648,24.157,14.181,13.615,10.057,10.405,20.831
"2069-08",27.73,26.052,18.3,15.082,12.442,9.693,21.811
"2069-09",27.496,27.266,22.973,18.348,16.516,10.941,23.236
"2069-10",27.416,27.904,26.311,22.554,19.581,10.98,24.366
"2069-11",27.283,28.538,26.991,23.075,20.227,13.853,25.031
"2069-12",27.311,28.743,28.494,24.288,22.619,15.329,25.943
"2070-01",27.733,28.778,28.855,24.771,22.711,17.359,26.469
"2070-02",27.764,28.458,29.176,26.77,23.54,16.78,26.678
"2070-03",27.823,28.286,26.675,23.436,21.19,16.038,25.776
"2070-04",27.476,26.944,23.14,20.049,17.421,13.402,24.112
"2070-05",27.381,26.017,20.532,17.77,15.875,12.052,23.068
"2070-06",27.075,24.056,13.459,13.162,10.385,9.814,20.571
"2070-07",27.387,23.726,14.071,12.426,10.925,9.274,20.518
"2070-08",27.384,24.314,16.978,13.477,12.515,9.544,21.196
"2070-09",27.562,26.972,21.201,16.166,14.296,10.399,22.593
"2070-10",27.816,28.762,24.97,19.779,18.174,11.265,24.131
"2070-11",27.849,29.772,27.869,22.87,19.218,14.445,25.532
"2070-12",27.854,31.248,29.957,24.534,21.142,16.577,26.755
"2071-01",27.797,31.054,30.805,25.208,22.062,17.201,27.108
"2071-02",27.757,30.251,32.095,25.415,23.71,18.638,27.645
"2071-03",27.745,30.175,30.854,25.117,22.239,16.561,26.984
"2071-04",27.723,29.191,25.299,21.564,18.02,14.001,25.042
"2071-05",27.896,26.899,20.493,17.735,14.973,12.501,23.285
"2071-06",27.727,24.503,16.548,15.018,12.273,12.193,21.744
"2071-07",27.532,24.27,15.7,13.44,10.939,10.007,20.957
"2071-08",27.786,25.593,19.293,15.808,13.92,9.966,21.913
"2071-09",27.793,28.215,23.855,19.896,16.067,10.667,23.508
"2071-10",27.758,29.527,26.701,22.312,18.06,12.363,24.71
"2071-11",27.826,31.026,30.874,23.691,21.708,13.748,26.144
"2071-12",27.76,30.9,31.067,25.051,22.477,15.296,26.66
"2072-01",28.04,30.457,32.28,27.518,24.902,17.124,27.585
"2072-02",27.97,30.591,30.618,26.891,23.891,17.831,27.317
"2072-03",28.119,29.268,27.818,24.231,22.237,16.12,26.384
"2072-04",28.041,29.275,26.31,22.276,19.752,13.969,25.465
"2072-05",28.027,27.699,20.701,18.602,15.634,12.231,23.503
"2072-06",28.208,26.079,18.208,15.954,13.622,10.578,22.239
"2072-07",27.856,25.241,16.452,13.948,11.085,10.215,21.282
"2072-08",27.983,26.052,18.312,16.319,12.924,10.879,21.999
"2072-09",27.998,27.23,24.151,18.769,17.314,10.363,23.506
"2072-10",28.087,28.825,25.615,22.342,19.337,12.031,24.608
"2072-11",27.936,29.914,29.019,24.118,21.928,13.537,25.84
"2072-12",28.055,29.939,30.524,25.443,23.443,14.683,26.721
"2073-01",28.242,29.834,30.704,26.169,24.103,17.723,27.344
"2073-02",28.227,29.788,30.615,25.671,24.746,18.513,27.395
"2073-03",28.472,29.134,26.891,24.922,21.468,17.695,26.447
"2073-04",27.99,27.955,23.272,21.668,18.227,14.898,24.724
"2073-05",27.672,26.77,19.272,17.895,14.647,12.194,22.88
"2073-06",27.602,24.023,14.708,15.281,11.885,10.528,21.288
"2073-07",27.577,24.667,14.142,14.876,11.323,8.787,20.861
"2073-08",27.663,25.181,17.057,15.498,12.501,10.143,21.594
"2073-09",27.807,27.654,22.231,18.087,15.912,11.019,23.205
"2073-10",27.747,29.378,25.126,20.996,17.63,11.195,24.295
"2073-11",27.692,29.514,29.086,24.316,21.631,12.193,25.671
"2073-12",27.776,29.272,29.304,25.278,23.44,14.698,26.318
"2074-01",28.017,28.439,29.594,25.11,23.266,17.369,26.759
"2074-02",28.071,29.038,30.851,26.146,24.106,18.249,27.345
"2074-03",27.98,28.956,27.869,24.415,20.46,16.199,26.155
"2074-04",27.882,28.245,23.658,21.697,17.089,14.839,24.738
"2074-05",27.768,25.735,17.607,16.11,13.154,11.309,22.31
"2074-06",27.459,25.385,16.644,15.253,12.84,11.273,21.841
"2074-07",27.513,24.746,17.302,14.312,12.428,10.381,21.617
"2074-08",27.939,25.941,17.621,15.347,12.379,9.695,21.747
"2074-09",27.793,26.938,21.806,17.961,15.309,10.816,23.048
"2074-10",27.897,29.315,26.712,21.703,19.057,12.501,24.904
"2074-11",27.9,29.428,27.134,21.378,20.083,12.422,25.14
"2074-12",27.974,29.802,29.479,25.054,21.997,15.762,26.525
"2075-01",28.153,30.629,31.264,26.252,23.281,18.041,27.435
"2075-02",28.256,30.508,29.061,25.974,21.874,17.558,26.973
"2075-03",27.965,29.473,28.521,24.254,21.343,16.725,26.426
"2075-04",27.976,28.629,24.026,21.037,17.852,14.553,24.881
"2075-05",28.144,26.807,20.031,17.666,14.875,12.071,23.269
"2075-06",27.912,25.878,15.808,15.043,11.575,11.108,21.784
"2075-07",27.803,25.685,15.673,14.817,10.404,9.775,21.223
"2075-08",28.066,26.465,17.5,13.75,12.213,9.846,21.767
"2075-09",28.075,28.113,23.178,19.266,15.76,9.926,23.372
"2075-10",28.112,29.303,26.538,20.978,17.817,12.073,24.721
"2075-11",27.998,30.401,29.499,24.004,21.626,13.552,26.138
"2075-12",28.297,30.409,30.611,25.401,23.099,15.75,27.024
"2076-01",28.375,30.39,32.412,27.509,24.465,17.456,27.842
"2076-02",28.43,29.425,29.813,25.943,22.708,18.22,27.194
"2076-03",28.369,29.267,27.28,24.169,21.208,16.136,26.349
"2076-04",28.213,28.898,25.734,22.024,18.725,13.708,25.322
"2076-05",28.208,27.766,21.892,18.75,14.861,13.405,23.875
"2076-06",27.896,25.42,15.602,15.022,11.552,10.487,21.645
"2076-07",28.129,25.608,15.621,14.672,10.941,9.485,21.369
"2076-08",27.969,26.302,18.944,16.019,12.984,10.742,22.295
"2076-09",28.178,27.958,23.307,19.077,16.354,11.241,23.707
"2076-10",28.231,29.821,27.316,22.48,18.975,12.027,25.12
"2076-11",28.221,30.743,28.691,25.682,20.515,13.816,26.114
"2076-12",28.388,30.614,30.297,25.229,23.147,17.101,27.115
"2077-01",28.665,29.951,30.127,26.606,24.086,18.831,27.545
"2077-02",28.644,29.516,29.413,26.985,22.632,17.937,27.236
"2077-03",28.447,29.016,28.462,24.251,21.769,16.727,26.646
"2077-04",28.224,29.393,25.875,22.678,18.497,14.391,25.582
"2077-05",28.453,27.066,18.978,17.174,13.876,11.945,23.05
"2077-06",28.057,25.114,17.063,15.899,12.527,10.752,22.018
"2077-07",28.07,25.905,16.623,15.541,11.581,10.382,21.748
"2077-08",28.14,25.36,16.776,15.22,12.247,10.014,21.572
"2077-09",28.325,27.459,23.59,18.509,17.167,11.477,23.775
"2077-10",28.157,29.046,26.916,22.537,18.933,12.339,24.962
"2077-11",28.069,30.047,28.301,23.404,20.471,14.513,25.833
"2077-12",28.174,29.696,29.299,24.544,21.868,16.338,26.522
"2078-01",28.296,29.171,30.088,25.876,23.552,19.121,27.336
"2078-02",28.126,30.502,32.033,26.353,23.055,19.643,27.808
"2078-03",27.938,29.034,28.62,23.417,22.851,16.644,26.505
"2078-04",28.071,28.552,26.711,21.554,19.849,14.296,25.472
"2078-05",27.93,26.974,20.207,18.005,15.315,12.325,23.281
"2078-06",27.89,25.634,15.634,14.3,11.724,11.238,21.625
"2078-07",27.784,24.33,15.394,14.353,11.787,10.539,21.286
"2078-08",28.163,26.658,18.436,16.542,11.921,10.276,22.24
"2078-09",28.148,28.198,23.734,19.444,17.008,11.446,23.845
"2078-10",28.483,30.612,27.258,23.102,18.21,12.227,25.261
"2078-11",28.458,31.027,29.881,25.062,21.58,13.756,26.522
"2078-12",28.246,30.313,30.408,25.515,23.54,15.343,26.918
"2079-01",28.133,29.518,30.283,26.041,24.143,18.657,27.32
"2079-02",28.334,30.197,32.901,26.061,26.001,18.683,28.18
"2079-03",28.331,29.414,28.038,24.766,21.446,17.219,26.693
"2079-04",28.433,29.513,26.951,22.852,19.95,14.662,25.965
"2079-05",28.465,28.239,22.479,18.885,16.522,12.315,24.176
"2079-06",28.404,25.675,16.784,15.891,12.301,11.106,22.258
"2079-07",28.272,25.058,17.245,14.424,12.338,8.964,21.742
"2079-08",28.546,26.398,19.272,16.326,12.888,11.708,22.709
"2079-09",28.414,28.144,23.895,20.758,17.185,11.342,24.202
"2079-10",28.45,30.05,28.691,23.762,20.036,12.243,25.703
"2079-11",28.051,31.309,30.913,24.752,22.049,12.811,26.509
"2079-12",28.132,32.139,31.891,25.934,23.091,16.187,27.56
"2080-01",28.412,31.251,34.757,28.038,25.757,17.211,28.463
"2080-02",28.224,29.275,32.478,27.938,25.531,18.873,28.132
"2080-03",28.281,29.885,29.24,25.38,21.717,18.044,27.07
"2080-04",28.324,29.136,26.428,22.426,20.039,14.969,25.846
"2080-05",28.256,26.575,20.708,16.808,14.771,12.388,23.431
"2080-06",28.13,23.667,16.58,14.015,12.103,10.404,21.67
"2080-07",28.169,24.191,15.598,12.772,11.983,9.803,21.257
"2080-08",28.463,26.554,19.518,17.131,13.515,10.564,22.689
"2080-09",28.567,28.663,25.66,21.153,17.174,11.715,24.598
"2080-10",28.555,30.889,29.569,24.945,19.192,12.452,26.036
"2080-11",28.416,30.953,30.094,24.602,22.369,13.819,26.572
"2080-12",28.584,32.148,31.816,26.07,23.497,16.307,27.693
"2081-01",28.51,30.444,32.253,26.209,25.184,18.228,28.083
"2081-02",28.579,30.722,32.045,26.741,24.752,18.536,28.095
"2081-03",28.668,29.48,29.372,25.133,23.03,17.676,27.227
"2081-04",28.479,29.276,25.534,23.035,18.37,16.53,25.813
"2081-05",28.444,28.188,21.731,19.049,15.186,13.503,24.096
"2081-06",28.197,25.452,15.813,14.856,11.457,11.246,21.871
"2081-07",28.268,24.935,15.484,13.31,11.313,10.161,21.414
"2081-08",28.316,25.513,17.212,14.666,11.673,10.569,21.885
"2081-09",28.378,28.35,21.761,17.195,14.65,11.23,23.411
"2081-10",28.168,29.643,25.793,21.52,17.44,12.183,24.797
"2081-11",28.127,29.494,28.775,24.47,21.809,13.871,26.014
"2081-12",28.317,29.645,29.016,24.896,22.972,17.251,26.793
"2082-01",28.51,31.599,31.204,26.585,22.581,18.887,27.805
"2082-02",28.078,31.037,31.01,26.086,22.776,19.524,27.703
"2082-03",28.186,30.768,30.336,25.386,22.521,17.414,27.356
"2082-04",28.335,29.13,24.583,22.194,18.578,15.069,25.42
"2082-05",28.315,27.66,22.52,18.939,16.235,12.428,24.096
"2082-06",28.274,25.076,15.443,14.876,11.693,11.086,21.816
"2082-07",28.199,24.403,15.37,14.174,10.908,9.785,21.377
"2082-08",28.174,26.031,19.657,16.29,13.651,10.594,22.495
"2082-09",28.307,27.924,23.023,19.265,15.817,11.254,23.692
"2082-10",28.481,29.102,25.063,20.691,17.725,13.48,24.728
"2082-11",28.257,30.624,30.538,25.446,21.876,14.226,26.573
"2082-12",28.366,31.212,31.372,25.079,23.655,16.038,27.333
"2083-01",28.678,30.533,32.9,28.028,25.775,18.158,28.257
"2083-02",28.565,31.184,32.164,26.527,24.454,18.228,28.087
"2083-03",28.475,30.287,29.017,24.864,21.504,17.445,27.029
"2083-04",28.538,29.61,26.368,22.122,19.505,15.067,25.902
"2083-05",28.618,27.544,21.71,18.692,16.364,13.071,24.175
"2083-06",28.476,26.206,18.074,16.712,13.092,11.921,22.763
"2083-07",28.4,25.619,17.119,14.843,12.316,11.143,22.145
"2083-08",28.557,26.654,21.776,17.636,15.39,11.157,23.351
"2083-09",28.773,29.169,24.679,20.26,16.127,11.323,24.38
"2083-10",28.978,30.459,29.282,24.466,20.456,11.512,25.997
"2083-11",28.742,31.602,30.924,25.075,22.162,13.43,26.803
"2083-12",28.524,30.652,31.96,25.36,25.33,15.858,27.512
"2084-01",28.701,31.241,32.476,26.699,23.703,18.89,28.268
"2084-02",28.792,31.141,32.419,28.433,24.39,19.66,28.59
"2084-03",28.699,30.606,30.099,25.238,22.6,17.114,27.421
"2084-04",28.381,29.478,26.681,21.863,20.01,15.157,26.004
"2084-05",28.59,27.905,21.088,18.742,15.077,12.902,24.002
"2084-06",28.509,26.524,18.602,16.979,13.955,11.288,22.872
"2084-07",28.264,25.297,16.1,15.355,12.022,10.916,21.789
"2084-08",28.414,26.337,18.932,15.955,12.998,10.794,22.395
"2084-09",28.722,28.28,22.436,19.554,15.833,11.526,23.812
"2084-10",28.816,30.484,29.613,24.446,20.05,12.105,26.019
"2084-11",28.818,31.628,31.436,26.341,22.691,13.253,26.988
"2084-12",28.542,31.173,31.846,26.894,23.539,16.435,27.507
"2085-01",28.555,31.164,32.969,26.741,25.975,18.674,28.3
"2085-02",28.678,29.849,31.949,28.712,25.67,18.951,28.226
"2085-03",28.784,30.313,29.988,26.727,23.324,18.247,27.6
"2085-04",28.757,29.328,25.038,22.062,19.073,15.409,25.649
"2085-05",28.723,28.473,21.388,19.176,15.124,13.079,24.129
"2085-06",28.767,25.899,16.049,15.69,11.752,12.653,22.406
"2085-07",28.584,26.31,17.658,15.944,12.778,10.249,22.3
"2085-08",28.652,25.515,16.548,15.036,12.374,11.069,21.898
"2085-09",28.716,28.394,25.526,20.53,17.222,11.36,24.434
"2085-10",28.684,30.047,28.77,23.186,20.104,12.651,25.817
"2085-11",28.347,31,30.427,25.078,22.744,13.705,26.642
"2085-12",28.54,31.05,31.694,27.681,25.057,15.932,27.712
"2086-01",28.705,30.653,29.792,26.68,23.4,17.571,27.545
"2086-02",28.628,29.664,29.717,27.46,24.216,18.462,27.714
"2086-03",28.748,29.338,30.867,25.89,24.947,17.285,27.616
"2086-04",28.6,28.531,26.451,22.865,20,15.437,25.858
"2086-05",28.599,28.005,21.514,19.686,15.486,13.99,24.227
"2086-06",28.699,25.542,15.25,14.873,11.783,12.354,22.051
"2086-07",28.604,25.738,16.594,14.964,11.651,11.145,21.946
"2086-08",28.733,26.737,19.05,15.228,13.227,11.247,22.615
"2086-09",28.881,28.8,23.11,18.628,15.704,11.38,23.91
"2086-10",28.783,29.814,27.546,22.738,19.018,11.938,25.294
"2086-11",28.419,30.364,30.852,25.77,23.007,13.784,26.671
"2086-12",28.454,29.967,29.598,25.771,22.483,15.645,26.818
"2087-01",29.011,29.505,29.749,27.28,24.105,18.578,27.607
"2087-02",28.628,28.949,29.464,26.545,24.751,18.697,27.551
"2087-03",28.519,29.066,29.621,25.401,23.211,17.849,27.205
"2087-04",28.459,28.56,26.113,21.859,20.696,14.806,25.753
"2087-05",28.524,27.007,21.132,18.324,15.221,13.219,23.841
"2087-06",28.556,25.616,16.4,15.349,12.095,11.021,22.091
"2087-07",28.344,25.883,16.956,15.867,12.127,11.319,22.068
"2087-08",28.625,27.436,19.323,16.484,12.809,10.855,22.682
"2087-09",28.628,29.128,22.991,18.882,15.185,11.197,23.844
"2087-10",28.842,30.717,29.189,23.993,19.629,11.992,25.964
"2087-11",28.702,31.099,29.717,24.614,21.877,13.984,26.591
"2087-12",28.535,30.792,31.166,25.346,23.167,16.19,27.311
"2088-01",28.814,31.353,31.263,26.699,24.793,18.348,28.071
"2088-02",28.972,30.585,31.315,27.782,23.782,19.737,28.235
"2088-03",28.67,29.37,28.804,26.932,21.946,17.757,27.158
"2088-04",28.641,28.879,24.594,22.145,18.193,16.322,25.573
"2088-05",28.57,27.677,21.912,19.528,16.025,12.406,24.06
"2088-06",28.581,26.185,15.924,15.212,11.511,10.601,21.971
"2088-07",28.686,25.443,16.309,14.169,11.292,11.128,21.769
"2088-08",28.758,26.574,18.172,16.842,12.713,11.093,22.483
"2088-09",28.817,28.289,21.493,18.062,15.023,11.631,23.543
"2088-10",28.724,30.233,30.154,24.252,20.611,12.266,26.027
"2088-11",28.7,31.666,32.048,27.359,22.371,13.229,27.118
"2088-12",28.862,32.214,32.578,26.502,23.397,16.905,27.951
"2089-01",28.691,32.09,33.667,27.143,25.164,18.081,28.583
"2089-02",28.719,31.98,31.991,27.376,23.636,19.349,28.418
"2089-03",28.774,29.788,28.835,25.037,21.434,16.729,26.978
"2089-04",28.839,29.817,26.37,23.423,19.362,16.005,26.169
"2089-05",28.728,27.824,20.742,18.064,14.673,13.683,23.931
"2089-06",28.787,26.087,16.146,15.859,12.226,12.893,22.466
"2089-07",28.668,25.647,16.809,14.693,12.507,11.776,22.207
"2089-08",28.686,26.016,18.804,16.608,13.737,10.736,22.523
"2089-09",28.961,28.248,20.791,17.72,13.908,11.679,23.427
"2089-10",28.876,30.711,28.051,23.201,19.22,12.29,25.677
"2089-11",28.794,31.87,32.241,26.606,22.712,13.867,27.389
"2089-12",28.998,31.612,32.786,28.205,25.42,15.62,28.149
"2090-01",28.974,31.809,33.338,28.655,25.434,18.663,28.745
"2090-02",29.02,31.214,32.597,27.079,24.987,18.442,28.496
"2090-03",29.014,30.803,30.145,25.975,22.773,17.457,27.661
"2090-04",29.051,30.128,25.547,22.544,18.759,16.343,26.185
"2090-05",29.009,27.65,21.278,18.755,15.376,13.047,24.223
"2090-06",29.149,26.292,17.988,17.9,13.529,12.56,23.099
"2090-07",28.984,26.298,16.096,14.617,11.384,11.017,22.066
"2090-08",29.116,28.098,19.716,15.63,13.992,11.163,23.131
"2090-09",29.009,29.103,23.551,19.68,16.416,12.029,24.347
"2090-10",28.987,30.414,29.532,25.354,21.395,12.082,26.153
"2090-11",28.834,30.643,28.851,24.675,21.311,14.4,26.407
"2090-12",28.996,30.166,30.513,26.428,23.576,17.011,27.442
"2091-01",28.838,29.836,28.943,27.038,23.433,18.301,27.467
"2091-02",28.703,29.207,29.467,26.163,24.213,18.801,27.519
"2091-03",28.67,30.18,29.29,25.818,21.954,17.795,27.31
"2091-04",28.715,28.631,24.316,20.802,18.298,16.176,25.439
"2091-05",28.913,27.428,20.147,19.342,14.659,12.762,23.861
"2091-06",28.644,25.647,17.198,15.273,12.23,11.108,22.356
"2091-07",28.714,26.004,16.068,14.126,11.385,9.005,21.667
"2091-08",28.807,27.683,19.201,16.586,13.928,11.165,22.981
"2091-09",28.891,29.33,22.256,19.388,15.554,11.455,23.973
"2091-10",28.806,30.419,27.353,22.266,18.436,12.058,25.429
"2091-11",28.759,30.683,28.101,23.085,20.273,14.679,26.206
"2091-12",28.754,30.78,31.439,27.161,24.002,15.339,27.519
"2092-01",29.055,31.175,33.125,27.385,25.569,17.423,28.433
"2092-02",28.86,31.827,32.393,27.364,23.858,18.464,28.382
"2092-03",28.797,30.703,30.731,26.005,24.176,16.514,27.584
"2092-04",28.862,30.043,26.751,23.79,19.338,15.758,26.23
"2092-05",28.723,27.967,21.742,19.558,16.035,12.72,24.114
"2092-06",28.638,25.467,15.224,14.494,10.989,11.213,21.863
"2092-07",28.803,26.548,17.969,16.148,12.474,10.843,22.517
"2092-08",28.677,27.001,20.664,17.436,14.226,10.912,23.053
"2092-09",29.03,28.825,24.125,20.334,16.089,11.163,24.271
"2092-10",28.942,31.134,29.22,23.684,19.129,12.079,25.965
"2092-11",28.861,31.997,32.097,25.974,21.552,14.294,27.21
"2092-12",28.677,31.572,33.137,27.065,25.768,14.496,27.902
"2093-01",28.767,31.855,34.029,29.39,25.302,17.807,28.753
"2093-02",29.31,32.013,34.774,28.397,26.394,18.699,29.22
"2093-03",29.292,30.354,31.855,27.026,24.325,18.015,28.219
"2093-04",28.968,29.014,24.534,23.669,18.937,15.376,25.85
"2093-05",29.26,28.255,20.216,19.286,14.982,12.925,24.169
"2093-06",29.235,27.755,18.73,16.904,13.436,12.281,23.384
"2093-07",29.156,26.244,15.508,14.455,11.118,10.426,21.97
"2093-08",29.264,28.05,17.152,16.016,12.6,10.807,22.733
"2093-09",29.22,28.754,21.639,18.782,15.016,11.336,23.762
"2093-10",29.282,30.83,26.658,22.409,18.373,12.683,25.589
"2093-11",28.971,31.496,30.11,26.11,21.382,14.921,27.052
"2093-12",28.918,31.666,32.535,26.782,23.999,16.949,28.064
"2094-01",28.949,30.541,31.323,27.261,24.803,18.462,28.117
"2094-02",29.033,29.749,31.153,27.722,24.904,20.144,28.289
"2094-03",29.041,29.996,29.539,25.451,23.205,17.709,27.492
"2094-04",28.891,29.859,25.329,23.091,19.098,14.946,25.831
"2094-05",28.794,27.543,19.432,17.39,15.121,13.774,23.674
"2094-06",28.812,25.924,17.8,16.237,13.423,10.933,22.616
"2094-07",28.801,26.452,18.954,15.389,13.194,10.58,22.65
"2094-08",28.894,27.179,19.226,16.341,13.043,10.978,22.864
"2094-09",28.954,28.228,24.012,19.031,17.271,11.553,24.256
"2094-10",28.959,30.173,29.893,24.626,21.37,12.555,26.248
"2094-11",28.853,31.551,30.795,25.798,21.706,14.484,27.018
"2094-12",28.974,31.417,32.058,25.949,24.7,17.393,27.992
"2095-01",28.953,31.257,33.475,26.988,25.259,18.647,28.593
"2095-02",29.157,31.44,33.42,27.361,26.293,18.48,28.737
"2095-03",29.002,30.132,30.985,25.875,23.451,18.101,27.814
"2095-04",29.078,29.439,25.012,22.179,19.664,15.22,25.938
"2095-05",29.001,28.151,21.176,19.414,15.869,13.513,24.37
"2095-06",28.753,27.372,18.743,17.748,13.284,12.101,23.197
"2095-07",28.995,26.433,18.427,16.899,13.359,11.459,22.872
"2095-08",29.186,27.68,21.589,17.62,15.18,10.725,23.529
"2095-09",29.15,29.074,25.902,21.521,18.026,11.439,24.87
"2095-10",29.137,30.879,27.96,23.131,19.814,12.941,25.869
"2095-11",29.136,31.976,31.388,25.509,22.068,14.475,27.2
"2095-12",28.978,31.544,32.417,26.633,24.495,16.315,28
"2096-01",29.112,31.415,33.27,27.856,26.153,19.033,28.74
"2096-02",29.367,30.015,33.192,27.888,25.709,19.075,28.667
"2096-03",29.246,29.32,27.811,25.717,22.497,18.278,27.13
"2096-04",28.927,29.101,25.445,21.9,18.612,15.533,25.783
"2096-05",28.938,27.164,18.619,18.144,14.17,12.545,23.471
"2096-06",28.786,25.602,16.636,14.997,12.112,10.92,22.271
"2096-07",28.597,25.664,16.056,14.736,11.497,10.284,21.932
"2096-08",28.601,25.552,15.161,13.733,11.505,9.751,21.625
"2096-09",28.842,27.42,20.395,16.975,15.33,10.812,23.323
"2096-10",28.862,30.067,25.902,21.382,18.467,11.964,25.227
"2096-11",28.76,30.971,29.082,23.96,21.696,14.437,26.585
"2096-12",28.869,30.017,29.355,26.307,23.872,16.798,27.264
"2097-01",29.057,30.065,29.424,26.031,24.185,18.628,27.639
"2097-02",28.952,30.317,31.044,26.186,23.69,19.3,27.958
"2097-03",28.747,30.013,27.325,25.348,21.064,16.712,26.725
"2097-04",28.786,28.312,25.077,22.094,19.905,15.698,25.742
"2097-05",28.712,27.659,22.148,18.661,16.213,12.621,24.245
"2097-06",28.588,26.157,17.26,16.073,13.205,11.826,22.66
"2097-07",28.617,26.106,18.69,15.267,13.415,10.276,22.497
"2097-08",28.751,26.629,18.596,15.835,12.75,10.95,22.568
"2097-09",28.901,29.23,23.289,20.211,15.642,12.207,24.306
"2097-10",29.107,30.595,26.639,21.811,18.757,12.545,25.535
"2097-11",28.852,30.588,29.688,23.79,22.605,14.476,26.727
"2097-12",28.953,31.952,31.891,25.325,23.818,17.805,28.013
"2098-01",29.096,31.618,31.445,26.638,24.171,19.255,28.313
"2098-02",29.265,30.591,32.107,28.295,24.066,20.608,28.646
"2098-03",28.832,30.016,29.146,25.499,21.977,18.565,27.396
"2098-04",28.954,30.268,26.113,23.261,19.072,15.347,26.225
"2098-05",29.012,29.065,22.596,20.115,16.36,14.089,24.883
"2098-06",29.153,27.968,18.284,17.066,13.049,12.432,23.326
"2098-07",29.133,25.509,16.126,13.777,12.327,10.652,22.045
"2098-08",29.319,27.781,18.414,16.199,12.641,10.738,22.864
"2098-09",29.437,29.803,22.688,20.45,16.115,11.493,24.46
"2098-10",29.405,31.105,28.143,22.734,19.405,12.238,26.012
"2098-11",29.194,31.865,29.875,25.113,21.092,15.058,27.089
"2098-12",29.126,31.732,33.909,27.471,25.604,18.135,28.701
"2099-01",29.2,32.599,32.954,28.281,24.434,20.66,29.092
"2099-02",29.099,32.102,33.336,27.74,24.816,19.511,28.935
"2099-03",29.372,31.589,32.073,25.742,25.149,17.705,28.419
"2099-04",29.365,30.862,28.394,23.865,21.18,16.208,27.082
"2099-05",29.402,29.387,23.533,19.174,16.411,13.341,24.956
"2099-06",29.195,26.889,17.594,16.621,13.256,12.285,23.022
"2099-07",28.959,25.196,16.648,15.54,12.898,11.413,22.298
"2099-08",29.103,27.484,21.944,18.186,15.437,11.619,23.71
"2099-09",29.227,29.44,24.175,20.225,16.738,11.603,24.531
"2099-10",29.563,31.046,29.502,25.135,20.175,12.896,26.454
"2099-11",29.194,32.673,32.893,27.204,23.057,14.956,27.921
"2099-12",29.204,32.349,33.777,27.393,25.799,17.348,28.67
