#Dataset: CMIP6_MIROC6_historical_r1i1p1f1
#Variable: tas
#Area: sea
#Interpolation_method: cdo remap
#Spatial_resolution: 1º
#Creation_Date: 2021-02-16
#Author: IPCC-WGI Atlas Hub (https://github.com/SantanderMetGroup/IPCC-Atlas). Santander Meteorology Group.
"date","GIC","NWN","NEN","WNA","CNA","ENA","NCA","SCA","CAR","NWS","NSA","NES","SAM","SWS","SES","SSA","NEU","WCE","EEU","MED","SAH","WAF","CAF","NEAF","SEAF","WSAF","ESAF","MDG","RAR","WSB","ESB","RFE","WCA","ECA","TIB","EAS","ARP","SAS","SEA","NAU","CAU","EAU","SAU","NZ","EAN","WAN","ARO","NPO","EPO","SPO","NAO","EAO","SAO","ARS","BOB","EIO","SIO","SOO","world"
"1850-01",-11.95,-17.513,-20.884,10.498,19.269,9.495,19.803,25.574,24.293,23.991,25.248,25.605,NA,18.267,22.274,12.372,0.231,7.699,1.855,13.238,21.165,27.522,26.864,26.559,27.055,20.019,25.22,26.109,-24.896,NA,NA,-5.565,10.426,NA,NA,11.434,20.638,24.092,26.399,27.06,22.601,24.267,16.112,16.891,2.81,3.826,-28.294,18.64,25.816,20.842,16.558,26.275,18.851,24.917,25.85,26.654,22.821,7.699,16.329
"1850-02",-11.806,-21.287,-15.859,9.263,17.8,9.492,19.002,25.563,23.921,24.571,25.668,25.588,NA,19.138,22.893,13.118,-0.461,6.889,0.678,13.326,23.012,27.77,27.132,26.762,26.42,20.396,25.324,26.427,-27.208,NA,NA,-4.724,11.646,NA,NA,10.841,24.867,24.35,26.227,26.817,23.798,24.571,16.596,17.358,2.903,4,-28.59,18.186,26.061,21.405,16.199,26.506,19.827,24.54,25.857,26.965,23.486,8.238,16.564
"1850-03",-10.431,-18.595,-18.034,10.872,19.813,11.38,20.402,25.856,24.244,24.465,26.139,25.978,NA,19.163,22.495,12.291,0.215,8.297,7.63,13.99,25.003,28.001,27.054,28.085,26.738,20.329,24.769,26.111,-25.818,NA,NA,-3.439,16.324,NA,NA,11.592,29.931,25.856,26.24,27.355,24.3,23.892,16.56,17.202,0.885,2.032,-29.238,18.227,26.253,21.313,16.29,26.794,20.032,25.24,26.576,27.509,23.357,7.967,16.578
"1850-04",-9.4,-11.584,-14.229,11.205,21.792,14.588,21.3,27.056,25.479,24.226,26.454,26.027,NA,18.492,21.382,10.662,3.265,10.611,12.644,14.821,27.637,27.039,27.331,30.625,27.096,19.649,24.499,25.862,-16.823,NA,NA,-0.961,20.064,NA,NA,15.458,36.35,27.62,26.947,27.116,24.286,22.507,15.276,16.514,-1.587,0.219,-22.279,18.807,26.441,20.669,16.981,26.865,19.385,26.842,28.364,27.941,22.766,7.057,16.783
"1850-05",-2.55,-3.919,-5.399,11.909,24.696,17.695,22.95,27.315,26.094,23.056,26.422,25.806,NA,17.063,19.366,8.669,6.505,14.247,21.385,18.184,28.027,26.672,26.331,31.637,27.042,18.543,23.383,24.679,-9.65,NA,NA,2.648,26.029,NA,NA,19.074,39.658,28.922,27.253,26.478,23.487,20.592,14.983,14.844,-4.05,-2.572,-8.31,19.561,26.52,19.646,17.984,26.474,18.134,27.966,29.035,27.914,21.732,6.257,17.014
"1850-06",1.969,4.077,1.46,12.874,27.16,20.342,23.886,27.286,26.728,21.982,26.266,25.32,NA,15.963,18.402,7.397,7.779,16.832,27.356,22.578,30.593,26.733,25.039,34.67,26.374,17.379,22.417,23.864,-0.311,NA,NA,7.959,31.89,NA,NA,21.485,44.007,28.76,27.314,25.646,21.245,19.542,13.956,13.238,-5.588,-3.158,-0.479,20.672,26.285,18.659,19.531,26.05,16.969,26.964,28.935,27.318,20.549,5.174,17.079
"1850-07",4.017,6.059,5.063,14.366,28.083,22.58,24.892,27.176,27.007,21.497,26.395,24.793,NA,15.087,17.023,7.225,10.903,19.974,30.554,25.899,30.315,26.212,23.457,32.446,25.592,16.779,21.691,23.126,1.962,NA,NA,11.162,33.892,NA,NA,23.841,43.939,27.563,27.032,25.368,20.077,18.272,12.877,12.29,-6.615,-6.07,0.437,21.815,25.852,17.914,20.874,25.314,16.085,25.834,28.019,26.592,19.768,4.714,17.086
"1850-08",4.387,5.26,5.362,16.152,27.723,23.382,25.5,27.416,27.244,21.151,27.032,24.703,NA,14.572,17.074,7.22,12.218,20.564,28.97,26.439,30.391,25.781,22.67,31.017,25.037,16.252,21.672,22.824,0.165,NA,NA,12.423,33.112,NA,NA,24.653,43.257,27.225,27.062,25.566,19.718,19.742,12.741,12.534,-8.03,-3.334,-1.084,22.705,25.417,17.589,21.823,24.818,15.284,25.394,27.778,26.24,19.116,4.609,17.04
"1850-09",1.411,1.907,1.936,16.177,27.281,22.185,24.926,26.846,27.041,21.251,27.015,24.743,NA,14.59,18.014,7.773,10.676,18.203,23.227,23.777,30.596,25.806,23.173,32.978,25.069,16.109,22.26,23.094,-4.229,NA,NA,10.805,30.121,NA,NA,24.263,40.855,27.2,27.198,26.39,19.798,20.044,12.613,12.703,-7.495,-2.68,-6.116,22.792,25.281,17.701,21.85,24.837,15.166,25.362,27.71,26.259,19.224,4.505,16.859
"1850-10",-3.628,-8.574,-4.449,15.492,25.524,18.977,23.977,26.392,26.79,21.516,26.938,25.478,NA,14.809,19.189,8.485,7.779,14.694,15.026,20.637,28.158,26.129,24.343,31.827,25.759,16.74,23.428,24.188,-14.14,NA,NA,5.654,23.401,NA,NA,21.24,35.147,27.606,27.137,27.388,20.879,21.791,13.496,13.417,-6.083,-2.499,-17.903,22.009,25.186,17.914,20.699,25.353,15.681,25.913,27.746,26.56,19.783,4.685,16.396
"1850-11",-5.483,-11.535,-7.304,14.259,22.496,15.068,22.241,25.937,25.991,22.018,26.184,25.982,NA,15.458,20.549,9.599,2.758,10.971,8.676,17.629,25.28,27.025,25.628,28.162,26.584,17.396,23.594,24.878,-18.906,NA,NA,-1.974,17.235,NA,NA,16.056,27.692,26.536,26.818,27.969,21.209,23.191,13.765,14.843,-1.983,-0.541,-22.25,20.832,25.22,18.583,19.218,25.681,16.694,25.933,26.768,26.467,20.508,5.548,16.151
"1850-12",-10.908,-18.87,-15.533,11.378,21.288,13.089,20.378,25.842,25.569,22.776,25.553,25.752,NA,16.669,21.852,11.142,1.47,8.67,6.591,13.645,22.178,27.424,26.384,26.17,26.694,18.666,24.555,25.882,-23.943,NA,NA,-3.444,14.141,NA,NA,11.462,22.003,24.92,26.398,27.747,22.485,24.094,15.055,16.62,0.665,1.845,-25.551,19.573,25.275,19.639,17.953,25.909,17.815,25.139,25.493,26.167,21.446,6.581,16.092
"1851-01",-12.509,-22.021,-21.591,11.255,18.956,12.121,19.9,25.208,24.271,23.79,25.31,26.222,NA,18.485,23.113,12.935,1.258,8.124,1.24,13.166,21.422,27.481,26.914,25.538,26.606,20.35,25.489,26.234,-26.993,NA,NA,-5.718,12.054,NA,NA,10.044,21.868,24.412,25.759,27.357,23.982,24.881,16.375,17.782,2.772,3.809,-29.336,18.548,25.367,20.667,17.11,26.28,19.207,24.638,24.681,25.941,22.586,7.759,16.262
"1851-02",-10.279,-17.13,-14.789,10.642,18.097,10.104,19.639,25.532,24.25,24.692,25.821,25.796,NA,19.299,23.609,13.427,0.285,7.416,2.8,12.921,22.642,27.7,27.39,25.807,26.735,20.774,25.246,26.097,-27.133,NA,NA,-6.214,12.757,NA,NA,10.104,24.29,24.779,25.626,26.937,24.371,24.81,16.977,18.03,3.012,3.765,-26.717,18.182,25.733,21.041,16.4,26.583,20.069,24.558,25.185,26.336,23.28,8.348,16.534
"1851-03",-13.422,-17.686,-22,10.664,19.934,11.779,19.852,26.128,24.842,25.277,25.881,25.739,NA,19.198,22.873,12.638,1.244,8.086,7.516,13.319,24.191,27.81,27.795,27.877,27.116,20.462,24.829,26.155,-25.906,NA,NA,-4.234,15.799,NA,NA,12.363,28.78,25.968,25.97,26.733,24.77,24.025,16.892,17.769,0.578,1.935,-29.236,18.257,25.864,21.006,16.724,26.9,20.095,25.645,26.602,27.041,23.144,8.03,16.552
"1851-04",-9.543,-12.692,-13.372,10.77,21.456,13.739,20.492,26.727,25.46,24.57,26.391,25.956,NA,18.064,21.226,11.027,2.03,10.748,12.628,15.395,26.279,27.005,27.726,28.712,27,19.951,24.318,25.655,-18.623,NA,NA,-1.844,19.175,NA,NA,15.449,32.93,27.62,26.711,27.154,23.656,22.918,16.267,17.091,-1.875,-0.083,-22.849,18.774,26.179,20.432,17.165,26.737,19.267,27.099,28.415,27.77,22.42,7.132,16.714
"1851-05",-2.943,-5.113,-4.649,12.017,23.269,17.172,21.892,27.043,26.016,23.279,26.455,25.839,NA,16.634,19.505,8.984,4.909,13.443,21.223,17.934,27.871,26.62,26.939,32.028,27.029,18.858,23.164,24.93,-8.993,NA,NA,2.915,26.412,NA,NA,18.236,38.047,29.096,27.102,26.517,22.803,20.914,15.215,15.852,-5.087,-1.201,-12.339,19.57,26.226,19.583,18.215,26.498,17.936,28.075,29.257,27.532,21.591,6.15,16.888
"1851-06",2.643,2.18,1.465,13.508,26.261,20.381,23.504,27.154,26.846,21.98,26.574,25.256,NA,15.729,18.151,7.66,7.829,15.776,27.495,22.322,30.605,26.604,26.622,34.543,25.99,17.984,22.24,23.625,0.332,NA,NA,7.742,31.213,NA,NA,20.765,43.555,28.881,27.019,25.775,21.441,19.902,13.953,14.306,-7.389,-1.659,-1.135,20.773,26.066,18.69,19.788,26.019,16.83,26.955,28.469,26.95,20.349,5.246,17.073
"1851-07",4.887,5.762,5.438,14.885,27.898,22.931,24.451,27.066,27.161,21.549,26.623,24.852,NA,15.034,16.843,7.21,9.791,18.544,29.974,25.277,30.96,26.227,25.1,34.326,25.314,16.7,21.588,23.163,1.207,NA,NA,13.035,33.375,NA,NA,22.816,43.845,27.442,26.696,25.028,21.318,18.769,13.691,13.392,-8.289,-4.73,0.314,21.838,25.635,17.944,21.359,25.506,15.823,25.779,27.647,26.414,19.695,4.764,17.063
"1851-08",4.815,5.127,5.359,15.61,28.169,23.453,25.068,26.906,27.465,21.184,27.154,24.794,NA,14.43,16.727,7.432,11.004,19.518,30.164,26.532,30.028,26.266,24.283,34.188,25.045,16.54,22.313,22.884,0.684,NA,NA,13.614,34.062,NA,NA,24.231,42.264,26.993,26.649,25.18,20.655,19.185,13.091,13.347,-9.782,-2.718,-0.927,22.735,25.357,17.502,22.153,25.198,15.13,25.319,27.394,26.219,19.46,4.441,17.059
"1851-09",1.351,1.919,1.288,15.922,28.011,22.595,24.618,26.7,27.459,21.339,27.189,24.858,NA,14.331,17.395,7.702,9.051,17.533,23.191,24.339,30.345,26.038,24.455,34.262,25.445,16.212,22.42,23.236,-2.732,NA,NA,11.414,29.884,NA,NA,24.094,41.354,27.443,26.989,25.75,20.486,20.247,12.79,13.354,-7.797,-2.867,-7.174,22.905,25.295,17.474,22.011,25.172,15.103,25.615,27.623,26.346,19.383,4.405,16.852
"1851-10",-3.338,-5.796,-5.281,14.502,26.209,20.286,24.039,26.675,27.166,21.535,27.152,25.536,NA,14.614,18.524,8.731,6.553,14.338,13.414,20.72,28.804,26.118,25.253,32.127,26.179,16.381,23.213,24.369,-12.394,NA,NA,5.245,22.16,NA,NA,21.175,36.288,27.559,27.156,26.963,20.741,20.995,13.124,13.876,-5.635,-2.111,-16.561,22.101,25.19,17.851,21.042,25.668,15.595,26.046,27.639,26.656,19.849,4.729,16.464
"1851-11",-8.888,-14.861,-11.066,13.464,23.736,16.057,22.479,25.814,26.15,22.186,26.772,26.008,NA,15.49,19.34,9.874,3.547,11.636,9.396,17.456,25.576,26.848,26.388,28.549,27.181,17.623,23.6,24.864,-20.567,NA,NA,-0.781,18.322,NA,NA,17.139,29.46,27.215,27.081,27.87,21.04,22.571,13.847,14.861,-2.449,0.44,-25.74,20.78,25.316,18.715,19.444,26.026,16.371,26.422,26.964,26.776,20.507,5.465,16.116
"1851-12",-13.446,-17.655,-14.819,11.823,21.358,13.504,20.632,25.397,25.149,23.218,25.882,25.851,NA,16.94,21.501,10.897,2.086,9.915,3.91,14.269,22.329,27.732,26.738,26.739,26.889,18.821,24.412,25.569,-20.769,NA,NA,-4.468,12.943,NA,NA,11.829,22.118,25.097,26.558,27.402,21.65,24.211,15.123,16.104,0.888,2.181,-26.164,19.396,25.389,19.852,18.066,26.212,17.719,25.458,26.245,26.63,21.564,6.616,16.155
"1852-01",-14.39,-20.262,-23.856,10.887,19.234,11.801,19.544,25.182,24.336,24.15,25.379,25.896,NA,18.013,23.082,12.554,1.437,7.686,-2.294,12.931,21.534,27.657,27.032,26.044,26.621,20.061,25.063,25.761,-24.597,NA,NA,-7.582,9.783,NA,NA,10.898,21.685,24.355,26.187,27.235,22.856,24.935,16.475,17.535,2.877,4.264,-26.305,18.489,25.654,20.915,17.1,26.328,19.008,24.726,25.297,26.58,22.528,7.976,16.363
"1852-02",-11.14,-20.022,-19.751,10.099,18.981,11.75,19.595,25.11,23.962,24.728,25.528,25.994,NA,18.41,22.836,13.246,-0.393,7.88,-0.7,13.292,22.488,27.896,27.645,26.733,26.908,20.581,25.167,25.82,-27.797,NA,NA,-7.846,11.255,NA,NA,11.201,25.165,25.232,26.177,27.345,24.138,25.279,17.019,18.398,3.12,4.231,-27.11,17.944,26.016,21.384,16.617,26.692,19.727,24.991,25.353,26.774,23.239,8.524,16.58
"1852-03",-13.079,-17.938,-21.671,10.573,19.386,11.588,19.82,25.993,24.346,24.989,25.61,26.236,NA,18.795,22.362,12.303,0.379,8.961,7.546,13.523,23.432,26.594,27.571,27.801,27.562,20.515,25.256,26.364,-27.946,NA,NA,-4.309,15.103,NA,NA,13.022,27.918,26.025,26.454,27.496,24.419,24.498,17.006,18.44,0.783,2.671,-30.562,18.177,26.26,21.21,16.373,26.601,19.872,26.178,26.688,27.441,23.484,8.104,16.57
"1852-04",-12.691,-15.158,-18.606,10.978,21.907,14.371,21.255,27.128,25.084,24.034,26.355,26.009,NA,18.094,21.634,11.2,1.915,10.919,12.968,15.951,25.976,27.355,28.324,30.695,27.46,20.184,24.333,25.495,-17.961,NA,NA,-1.63,20.75,NA,NA,15.941,34.007,28.046,27.109,27.603,23.678,22.977,16.216,16.999,-2.123,0.29,-22.2,18.848,26.471,20.544,17.004,26.975,19.393,27.387,28.629,28.21,22.693,7.16,16.785
"1852-05",-4.618,-4.769,-8.243,12.048,24.275,17.102,22.466,27.144,26.094,22.962,26.736,25.729,NA,16.527,19.377,8.416,4.535,13.293,21.715,19.192,28.298,27.069,27.766,34.596,27.324,19.333,23.525,24.595,-9.023,NA,NA,3.285,27.2,NA,NA,19.055,40.157,29.081,27.441,26.918,22.881,21.168,15.415,15.862,-5.304,-0.371,-11.705,19.631,26.385,19.605,17.981,26.668,18.161,28.238,28.829,27.858,21.629,6.244,16.956
"1852-06",2.4,3.879,1.711,13.649,26.525,20.491,23.802,26.944,26.678,22.063,26.51,25.484,NA,15.599,17.227,7.868,6.824,16.001,27.605,23.718,30.599,26.637,26.623,36.102,26.559,18.459,22.059,23.546,-0.279,NA,NA,7.091,31.836,NA,NA,21.62,44.397,28.792,27.267,25.72,21.383,18.882,14.132,14.796,-6.842,-0.721,-0.535,20.862,26.164,18.785,19.539,26.135,16.757,26.998,28.499,27.226,20.285,5.368,17.143
"1852-07",3.935,5.059,4.314,15.085,27.474,22.763,24.482,26.996,26.949,21.639,26.465,25.031,NA,15.255,17.808,7.382,9.647,18.792,30.326,26.714,30.448,26.264,24.485,33.839,25.637,17.284,21.64,22.872,1.394,NA,NA,10.676,33.354,NA,NA,23.886,44.381,27.488,27.022,25.311,20.645,18.628,13.338,13.533,-8.251,-2.616,0.195,22.012,25.806,17.927,20.965,25.417,16.009,25.967,27.778,26.591,19.604,4.651,17.093
"1852-08",3.292,4.81,4.365,16.407,27.486,23.412,25.234,27.168,27.108,21.307,26.808,24.761,NA,14.684,17.544,7.413,11.467,19.362,28.27,27.75,29.392,25.887,23.34,31.726,25.134,16.476,21.571,22.683,0.639,NA,NA,12.521,32.904,NA,NA,25.018,42.811,27.125,27.077,25.565,20.127,19.107,12.948,13.521,-7.312,-4.259,-1.581,22.828,25.322,17.557,21.794,24.809,15.39,25.453,27.738,26.307,19.161,4.349,17.022
"1852-09",-0.13,1.159,0.404,16.446,27.432,22.36,24.79,26.666,27.181,21.142,26.772,25.167,NA,14.159,17.558,7.984,9.959,17.574,24,24.403,30.573,25.697,23.701,34.238,25.069,16.109,22.063,23.198,-3.907,NA,NA,10.55,30.825,NA,NA,23.851,41.371,27.017,27.142,26.605,19.927,20.442,13.007,13.144,-8.004,-4.452,-7.435,22.759,25.096,17.598,21.839,24.944,15.251,25.415,27.674,26.323,19.161,4.415,16.769
"1852-10",-5.658,-6.972,-6.479,15.85,25.531,19.704,23.938,26.593,26.765,21.271,26.582,25.498,NA,14.518,18.864,8.963,6.823,14.781,14.516,20.977,28.603,26.061,24.971,31.35,25.529,16.758,23.222,24.01,-13.196,NA,NA,5.523,23.962,NA,NA,21.277,35.376,27.249,27.006,27.341,20.585,22.383,13.465,14.19,-6.302,-2.121,-16.378,22.129,24.87,17.877,20.891,25.413,15.724,25.686,27.646,26.398,19.587,4.767,16.364
"1852-11",-9.71,-14.088,-12.66,14.219,22.775,16.276,22.534,26.367,26.186,22.2,26.031,25.956,NA,15.479,20.141,10.316,4.323,11.761,7.386,16.073,24.855,26.533,25.912,28.255,26.569,17.856,24.047,25.098,-19.692,NA,NA,0.69,17.537,NA,NA,16.464,28.642,26.986,26.807,27.252,20.771,23.057,13.623,14.931,-2.532,0.251,-24.149,20.848,25.061,18.633,19.427,25.723,16.697,26.182,26.649,26.518,20.448,5.51,16.059
"1852-12",-14.811,-20.164,-20.356,12.661,20.63,13.615,21.051,25.742,25.037,22.934,25.373,25.949,NA,16.926,22.072,11.478,2.519,10.126,3.329,14.275,21.804,27.175,26.359,26.313,26.29,18.92,24.497,25.585,-26.04,NA,NA,-4.382,12.201,NA,NA,12.951,21.769,25.262,26.572,27.851,22.066,23.9,14.938,16.137,0.598,2.044,-29.594,19.633,25.166,19.748,17.865,25.833,18.024,25.424,25.693,26.362,21.698,6.595,15.985
"1853-01",-14.119,-16.76,-21.888,11.27,19.217,10.873,20.093,25.233,24.414,23.976,25.356,25.968,NA,17.998,23.329,12.651,2.075,9.01,3.478,13.824,21.34,27.301,26.72,25.848,26.351,20.139,25.232,26.017,-25.631,NA,NA,-5.23,11.406,NA,NA,10.385,21.551,24.225,26.195,27.589,23.986,24.359,16.925,17.312,2.754,4.461,-30.153,18.533,25.434,20.651,16.959,26.101,19.294,24.445,24.984,26.204,22.535,7.872,16.242
"1853-02",-14.983,-20.016,-26.506,10.998,18.822,11.374,20.29,25.459,24.244,24.536,25.166,25.72,NA,18.852,23.054,13.344,0.923,8.291,3.782,13.206,22.572,27.268,27.088,26.575,26.508,21.075,25.092,25.762,-28.812,NA,NA,-6.576,13.594,NA,NA,10.809,25.575,25.026,25.964,27.333,25.629,25.143,17.326,18.618,2.802,4.363,-29.212,18.177,25.677,21.205,16.464,26.259,19.922,24.63,25.51,26.438,23.154,8.434,16.432
"1853-03",-14.002,-21.584,-25.188,10.533,21.059,13.114,21.443,26.09,24.585,25.103,24.978,25.612,NA,18.874,22.651,11.678,3.181,9.5,5.905,13.36,24.061,26.407,27.535,29.227,26.501,20.715,24.8,26.056,-24.841,NA,NA,-2.463,14.089,NA,NA,13.232,28.837,26.395,26.296,27.997,25.342,24.551,17.062,18.487,0.687,2.585,-26.774,18.406,25.806,21.204,16.432,26.491,20.05,25.99,26.882,26.973,23.272,7.987,16.6
"1853-04",-8.917,-15.509,-17.536,10.687,22.88,14.751,21.828,26.8,24.75,25.225,25.566,25.863,NA,18.296,21.499,10.219,2.813,11.093,14.536,15.286,25.599,26.636,27.829,30.331,26.731,19.351,24.198,25.842,-20.75,NA,NA,-0.57,21.282,NA,NA,16.676,32.752,27.832,26.929,27.444,24.542,22.937,16.662,17.353,-2.1,1.506,-22.732,18.917,26.304,20.49,16.891,26.628,19.241,27.381,28.459,27.558,22.752,7.181,16.696
"1853-05",-3.439,-4.421,-6.111,11.241,25.354,17.915,23.393,27.441,25.759,23.136,26.139,25.394,NA,16.749,19.539,8.223,5.755,13.963,21.307,18.843,28.344,26.76,27.317,34.482,26.404,18.639,22.822,24.546,-11.048,NA,NA,2.672,27.028,NA,NA,19.342,39.691,28.782,27.332,26.929,22.461,21.404,15.533,16.007,-4.53,0.141,-12.977,19.762,26.335,19.504,18.034,26.496,18.058,27.614,29.031,27.341,21.364,6.17,16.879
"1853-06",2.262,2.14,1.431,12.55,27.344,20.813,24.272,27.192,26.412,22.34,25.865,25.021,NA,16.227,18.283,7.379,8.318,17.082,27.508,23.829,30.426,26.684,26.555,34.976,25.175,18.061,22.34,23.6,-0.962,NA,NA,7.313,32.209,NA,NA,21.885,43.954,28.139,27.336,25.944,21.507,18.993,14.043,14.522,-6.69,-1.089,-1.647,20.904,26.25,18.652,19.42,25.934,16.678,26.094,28.609,26.567,20.401,5.36,17.098
"1853-07",4.349,5.462,4.061,14.226,28.345,23.165,25.199,27.236,26.715,21.913,26.193,24.603,NA,15.411,17.473,7.601,10.449,19.408,33.802,26.143,29.365,26.269,24.369,33.015,24.435,17.154,21.648,22.587,1.586,NA,NA,11.165,36.252,NA,NA,24.092,43.746,27.457,27.111,25.46,20.56,18.696,13.45,13.422,-6.767,-1.847,0.454,22.006,26.036,17.946,20.864,25.234,15.846,25.446,28.323,26.17,19.624,4.863,17.13
"1853-08",4.734,5.506,5.35,15.6,28.186,23.651,25.783,27.173,27.086,21.49,26.599,24.655,NA,14.14,16.346,6.666,11.447,19.711,29.229,26.798,29.194,26.027,23.213,33.113,24.257,16.786,21.502,22.387,0.574,NA,NA,12.714,33.888,NA,NA,24.811,42.298,26.737,27.015,25.798,19.777,19.519,12.776,13.11,-7.614,-1.93,-0.879,22.823,25.78,17.665,21.847,24.821,15.177,25.028,27.646,25.892,19.036,4.557,17.058
"1853-09",1.949,1.364,1.52,16.124,28.027,22.899,25.963,27.61,27.098,21.874,26.557,24.532,NA,14.412,17.569,7.357,10.071,17.998,22.07,23.543,30.172,25.962,23.153,34.231,24.402,16.137,21.884,22.77,-3.097,NA,NA,10.582,29.547,NA,NA,24.243,41.221,26.966,27.052,26.433,20.059,20.533,13.001,13.449,-8.191,-2.612,-7.042,23.111,25.758,17.595,21.789,24.796,14.997,24.989,27.696,26.103,19.186,4.462,16.843
"1853-10",-4.554,-7.977,-6.936,14.527,27.117,20.15,24.787,26.905,26.644,22.124,26.64,25.138,NA,15.065,18.496,8.645,6.909,15.375,15.223,20.682,28.488,25.871,24.462,31.218,25.236,16.779,23.202,23.857,-14.973,NA,NA,4.676,23.349,NA,NA,21.238,35.329,27.423,27.112,27.258,20.584,21.371,13.065,13.652,-6.224,-0.855,-19.068,22.302,25.779,17.93,20.905,25.407,15.449,25.648,27.518,26.385,19.847,4.871,16.43
"1853-11",-8.562,-13.205,-10.556,13.093,23.656,15.789,22.734,26.345,25.795,22.894,25.937,25.767,NA,15.822,20.25,9.685,3.614,12.33,9.566,17.616,25.189,26.615,25.396,28.634,26.749,17.426,23.941,24.735,-17.128,NA,NA,-0.281,17.597,NA,NA,16.666,27.578,26.396,27.125,27.51,20.834,22.507,14.134,14.912,-2.349,0.269,-22.016,21.062,26.023,18.596,19.227,25.61,16.366,25.916,26.333,26.774,20.841,5.489,16.228
"1853-12",-11.819,-14.147,-18.928,10.526,22.924,14.123,21.666,26.102,25.244,23.784,25.133,25.799,NA,16.899,21.711,11.303,1.921,9.464,3.47,15.051,22.035,27.305,26.288,26.986,27.148,18.668,24.564,25.534,-21.486,NA,NA,-3.688,13.032,NA,NA,12.22,21.501,25.103,26.248,27.559,22.116,23.399,15.415,16.178,0.878,2.339,-25.801,19.69,26.067,19.696,18.18,25.835,17.769,25.242,25.697,26.541,21.933,6.687,16.218
"1854-01",-14.772,-19.697,-25.569,10.755,20.833,11.691,20.822,25.917,24.578,24.649,25.436,25.568,NA,18.095,22.274,12.96,1.995,9.021,3.506,13.911,21.755,27.357,26.923,26.161,26.518,20.017,25.372,26.018,-26.25,NA,NA,-4.42,12.154,NA,NA,10.502,21.663,24.467,25.716,26.974,22.866,24.96,16.752,17.194,3.061,4.181,-26.855,18.752,26.29,20.833,17.117,26.159,18.921,24.777,25.034,26.32,23.024,7.851,16.38
"1854-02",-15.599,-19.412,-25.601,10.853,21.445,12.442,20.975,26.189,24.587,25.331,25.523,25.459,NA,18.964,22.575,13.666,2.543,8.841,2.15,13.256,22.91,27.26,27.124,27.057,27.289,20.51,26.059,26.79,-25.119,NA,NA,-5.628,12.721,NA,NA,11.255,24.477,25.006,25.393,26.772,23.728,24.81,17.777,17.36,3.206,3.815,-28.842,18.365,26.506,21.404,16.723,26.361,19.82,25.084,25.193,26.606,23.813,8.282,16.609
"1854-03",-12.808,-17.018,-20.389,11.081,21.246,11.588,20.834,26.584,24.763,25.723,25.706,26.115,NA,19.293,22.412,12.91,1.096,9.184,8.906,14.294,24.841,27.016,27.429,28.16,27.254,20.865,25.52,26.586,-26.507,NA,NA,-3.41,16.295,NA,NA,12.983,28.215,25.845,26.083,26.976,24.096,24.246,17.297,17.569,0.651,2.83,-29.291,18.389,26.827,21.351,16.584,26.739,20.077,26.111,26.554,27.253,23.73,8.009,16.719
"1854-04",-10.226,-12.037,-16.376,11.932,22.201,14.514,21.286,27.223,25.312,25.046,25.94,26.165,NA,18.067,21.401,10.152,2.985,10.547,13.503,15.865,26.954,27.397,27.367,30.299,27.144,20.087,24.905,26.205,-19.537,NA,NA,-1.189,20.467,NA,NA,16.338,34.305,27.645,27.056,27.268,23.413,22.879,16.591,16.822,-2.314,0.129,-23.082,19.02,27.153,20.628,17.069,26.931,19.486,27.623,28.307,27.922,23.127,7.02,16.859
"1854-05",-3.28,-2.848,-6.468,12.646,24.895,17.763,22.49,28.105,26.22,24.424,26.539,25.785,NA,17.428,19.662,9.33,4.91,14.142,20.128,19.243,28.814,27.437,26.948,31.717,27.253,19.307,23.675,25.008,-8.429,NA,NA,3.344,26.518,NA,NA,18.8,39.954,29.046,27.429,26.716,22.866,21.005,15.095,15.557,-5.157,-0.818,-10.906,19.835,27.218,19.628,18.253,26.734,18.245,28.086,29.34,27.991,22.036,6.142,17.13
"1854-06",2.537,3.565,1.559,14.113,27.268,21.016,24.105,28.073,26.901,23.759,26.701,25.717,NA,16.562,18.185,8.193,8.762,17.458,26.168,22.566,30.397,26.945,25.802,35.315,26.833,18.05,22.949,24.278,0.443,NA,NA,8.099,31.761,NA,NA,20.754,44.565,29.349,27.491,25.618,21.551,19.652,14.438,13.865,-6.26,-2.47,-0.665,20.9,27.194,18.614,19.637,26.25,17.144,27.551,28.936,27.424,20.962,5.396,17.313
"1854-07",4.516,5.646,4.525,15.273,28.295,22.852,25.018,28.043,27.35,23.793,26.918,25.31,NA,15.897,17.957,7.03,10.462,19.131,33.712,26.341,30.984,26.497,23.431,34.44,26.305,16.945,22.039,23.424,1.587,NA,NA,11.856,35.881,NA,NA,23.596,45.344,28.027,27.228,25.134,20.257,18.911,13.363,12.888,-6.794,-3.255,0.225,22.015,27.026,17.874,21.097,25.279,16.131,26.695,27.961,26.992,19.971,4.833,17.304
"1854-08",5.05,4.705,5.355,16.507,28.394,23.766,25.931,28.239,27.521,24.033,27.185,24.964,NA,15,17.627,5.884,11.718,19.403,30.966,26.367,30.065,26.005,22.642,33.964,25.845,16.612,22.101,22.68,0.681,NA,NA,13.833,35.282,NA,NA,24.804,43.543,27.554,26.912,25.233,19.888,19.551,13.098,13.06,-8.186,-4.237,-1.063,22.999,27.011,17.424,21.921,24.631,15.564,26.16,27.463,26.686,19.532,4.438,17.245
"1854-09",2.337,1.146,1.586,16.567,28.379,22.523,26.012,28.157,27.343,24.027,27.16,25.173,NA,14.916,17.819,6.403,9.645,17.738,22.866,23.69,30.579,26.171,23.597,35.117,26.463,16.389,23.109,23.986,-1.771,NA,NA,11.307,30.352,NA,NA,23.959,41.865,28.105,26.95,25.699,20.151,20.525,13.279,13.208,-6.528,-6.032,-5.698,23.285,27.091,17.346,21.806,24.91,15.456,26.535,28.094,26.944,19.907,4.35,17.104
"1854-10",-4.978,-8.172,-5.731,14.944,27.596,20.151,24.516,27.997,27.188,24.099,27.332,25.608,NA,14.846,18.845,7.401,7.062,14.877,15.739,20.61,28.831,26.355,24.852,31.205,26.901,16.631,23.341,24.182,-11.369,NA,NA,5.463,23.577,NA,NA,21.23,34.134,28.441,27.256,26.552,20.246,21.984,13.275,14.044,-5.58,-3.432,-18.947,22.49,27.226,17.842,20.919,25.522,15.684,27.573,28.001,27.109,20.14,4.748,16.659
"1854-11",-9.446,-15.032,-9.233,13.583,22.684,16.024,22.538,27.512,26.089,24.733,27.175,26.28,NA,15.972,19.763,9.937,3.712,12.138,10.728,18.109,25.656,27.584,26.091,29.99,27.548,17.614,23.932,24.871,-19.156,NA,NA,1.001,17.682,NA,NA,17.173,27.195,27.428,27.425,27.783,21.284,22.839,14.001,15.312,-1.981,-0.762,-26.311,21.289,27.446,18.638,19.364,26.157,16.539,27.582,27.684,27.471,20.92,5.49,16.45
"1854-12",-12.088,-14.394,-14.932,12.391,19.447,12.336,20.395,27.222,25.679,25.672,26.647,26.63,NA,17.395,22.118,10.914,2.503,9.746,3.381,15.079,22.558,28.099,26.958,28.047,27.621,19.012,24.939,25.946,-22.265,NA,NA,-3.381,13.635,NA,NA,14.282,22.034,25.571,27.493,28.494,22.536,24.825,14.91,16.33,0.992,1.729,-26.111,19.821,27.51,19.947,18.088,26.703,18.012,26.124,26.492,27.491,22.223,6.63,16.604
"1855-01",-13.493,-19.551,-22.21,11.712,18.112,10.628,19.88,26.547,24.649,26.146,26.572,26.947,NA,18.835,23.668,12.666,1.809,7.082,-4.758,12.64,22.081,28.328,27.82,27.615,27.833,19.698,25.576,26.884,-26.406,NA,NA,-6.592,8.523,NA,NA,11.885,21.43,25.214,27.061,27.638,23.247,24.925,16.151,17.34,3.345,4.136,-30.008,18.828,27.494,21.022,17.151,27.158,19.44,25.894,25.785,27.593,23.366,7.945,16.717
"1855-02",-13.006,-20.305,-21.455,11.434,18.359,11.115,19.442,26.401,24.596,26.751,26.895,27.44,NA,19.792,23.554,14.234,0.441,7.681,1.657,13.418,23.727,28.934,28.702,27.392,28.667,20.261,26.249,27.24,-25.453,NA,NA,-6.833,11.395,NA,NA,11.447,25.225,25.826,27.149,27.597,23.174,26.107,17.175,17.823,3.52,4.347,-29.783,18.216,27.495,21.651,16.859,27.786,20.136,25.91,26.419,28.057,23.96,8.469,16.965
"1855-03",-12.817,-14.309,-20.124,11.032,19.156,11.887,19.629,26.838,24.922,27.157,27.361,27.455,NA,20.153,22.745,13.727,0.658,7.907,1.527,13.644,25.88,29.019,29.307,30.247,28.628,20.364,25.873,27.107,-25.681,NA,NA,-6.41,13.132,NA,NA,13.709,29.913,26.895,27.737,28.258,23.691,25.918,16.391,17.889,1.477,2.371,-29.137,18.304,27.698,21.658,16.847,28.311,20.355,26.738,27.911,28.816,23.945,8.139,17.072
"1855-04",-9.859,-10.349,-12.655,11.458,20.796,14.427,20.698,27.635,25.648,27.137,27.576,27.121,NA,19.428,21.916,12.043,3.289,12.045,11.284,15.682,27.327,28.507,29.617,31.09,28.536,20.467,25.582,26.496,-17.876,NA,NA,-2.093,18.41,NA,NA,17.17,34.4,28.717,28.203,28.73,24.49,24.321,15.59,16.517,-1.649,0.646,-22.231,18.859,27.688,20.917,17.268,28.142,19.526,28.213,29.84,29.449,23.342,7.321,17.262
"1855-05",-3.45,-3.851,-6.994,12.388,24.03,17.748,22.02,28.371,26.778,26.223,27.301,26.723,NA,18.05,19.737,9.984,5.965,14.222,18.909,19.064,29.129,27.666,28.667,36.037,28.528,19.086,24.397,25.711,-8.787,NA,NA,3.038,25.744,NA,NA,19.047,41.011,30.492,28.46,28.113,22.871,21.87,14.78,15.316,-4.051,-1.076,-11.124,19.746,27.612,20.034,18.352,27.664,18.184,29.255,30.491,29.053,22.318,6.302,17.38
"1855-06",1.998,4.294,1.918,13.655,27.058,20.888,23.544,28.128,27.513,24.566,27.416,26.539,NA,16.155,17.871,8.102,8.098,17.55,26.422,22.963,31.083,27.334,27.294,36.37,27.246,17.894,23.195,24.439,0.756,NA,NA,8.129,31.43,NA,NA,22.085,44.763,29.817,28.107,26.583,21.423,19.79,14.079,13.741,-6.19,-1.668,-0.415,20.888,26.941,19.002,19.77,26.935,16.992,28.091,29.695,28.067,20.975,5.49,17.459
"1855-07",3.937,6.093,5.046,15.348,28.187,23.395,24.792,27.876,27.799,23.106,27.401,26.029,NA,15.426,17.828,7.242,10.358,19.348,32.159,26.916,31.069,26.808,25.04,35.269,26.047,16.57,22.135,23.595,1.846,NA,NA,11.355,35.596,NA,NA,23.32,45.357,28.259,27.546,26.417,20.023,20.411,12.974,13.36,-6.29,-3.984,0.289,21.995,26.034,18.295,21.177,26.042,16.122,26.707,28.399,27.233,19.949,4.702,17.297
"1855-08",4.446,5.99,5.459,16.283,28.169,24.202,25.219,27.578,27.81,22.63,27.265,25.451,NA,15.076,18.589,7.748,10.244,19.404,31.3,27.23,30.098,26.406,23.514,32.86,25.555,16.12,22.159,23.094,1.325,NA,NA,12.649,35.954,NA,NA,24.73,43.85,27.906,27.453,26.064,19.564,19.564,12.615,12.616,-7.643,-5.579,-0.472,22.81,25.471,17.723,22.107,25.265,15.711,26.134,28.337,26.781,19.499,4.282,17.178
"1855-09",1.23,2.909,2.566,16.247,28.409,22.872,24.846,27.202,27.763,22.378,27.788,25.449,NA,14.777,18.051,8.129,9.334,17.919,23.137,23.941,30.444,26.197,24.11,35.051,25.888,16.134,22.483,23.2,-2.008,NA,NA,11.693,29.997,NA,NA,24.57,41.598,27.704,27.464,26.811,19.613,20.6,13.076,13.234,-8.279,-3.804,-5.445,22.856,25.279,17.654,22.034,25.417,15.384,26.065,27.77,26.732,19.367,4.454,16.963
"1855-10",-3.597,-2.703,-3.066,15.349,26.478,20.151,24.265,26.976,27.245,22.312,27.524,25.809,NA,15.207,18.802,9.074,5.607,15.414,13.603,21.047,29.067,26.313,25.522,32.013,26.441,16.342,23.105,24.053,-9.412,NA,NA,5.647,22.894,NA,NA,21.458,35.896,27.777,27.256,26.996,19.962,21.881,13.599,13.969,-7.786,-2.363,-14.049,22.275,25.092,17.989,20.885,25.838,15.811,26.205,27.692,26.833,19.677,4.665,16.529
"1855-11",-9.786,-12.837,-9.575,14.408,23.556,16.056,22.966,26.268,26.235,22.926,26.776,26.041,NA,16.26,20.13,10.08,4.349,11.885,7.054,16.888,25.828,27.304,26.324,28.634,27.128,17.299,23.571,24.578,-17.459,NA,NA,-1.027,16.872,NA,NA,17.273,28.802,27.14,27.054,27.141,20.999,23.442,14.011,14.818,-2.91,0.002,-21.987,21.049,25.085,18.746,19.358,26.201,16.747,26.351,27.047,26.825,20.248,5.46,16.223
"1855-12",-13.008,-14.792,-15.586,12.038,21.409,13.149,20.863,25.815,25.453,23.554,26.15,25.717,NA,17.141,21.472,11.262,1.733,9.665,4.521,14.387,21.966,27.64,26.914,27.09,27.374,18.209,24.293,25.591,-21.754,NA,NA,-6.995,13.176,NA,NA,12.013,22.196,25.548,26.776,27.358,21.407,24.387,15.414,16.511,0.297,1.93,-28.861,19.685,25.083,19.789,18.141,26.267,17.947,25.81,26.137,26.712,21.414,6.503,16.081
"1856-01",-11.803,-21.134,-19.762,11.172,18.62,10.035,20.071,25.104,24.394,24.044,25.804,25.829,NA,18.438,22.84,12.882,-0.097,6.022,-1.631,12.541,22.328,27.54,27.259,26.278,26.753,19.436,25.668,26.52,-26.93,NA,NA,-4.108,11.633,NA,NA,11.911,24.158,25.095,26.449,27.488,23.419,24.738,16.725,17.381,2.362,4.205,-29.17,18.664,25.099,20.737,16.869,26.413,19.196,25.247,25.384,26.441,22.68,7.688,16.284
"1856-02",-14.628,-20.776,-20.645,10.155,17.866,10.714,19.416,24.969,23.747,24.684,25.67,25.775,NA,19.502,23.891,13.075,0.451,7.867,-3.055,13.285,22.855,27.776,27.618,26.867,27.191,20.702,25.422,26.198,-30.558,NA,NA,-6.362,10.317,NA,NA,11.734,25.293,25.51,26.253,27.532,24.416,24.784,17.525,17.872,2.626,4.483,-32.104,18.203,25.193,21.167,16.417,26.555,20.069,25.302,25.647,26.762,23.22,8.178,16.409
"1856-03",-14.465,-21.04,-22.172,10.428,19.901,11.669,20.629,25.911,24.347,25.443,25.72,25.942,NA,19.317,22.633,12.625,1.753,8.635,3.334,13.78,24.872,27.822,27.928,29.053,27.442,20.564,25.032,26.012,-25.534,NA,NA,-4.011,14.017,NA,NA,13.719,30.325,26.662,26.511,27.222,24.996,24.629,17.439,17.745,0.514,2.788,-30.198,18.323,25.423,21.275,16.421,26.773,20.063,26.203,26.836,27.326,23.24,7.856,16.525
"1856-04",-9.848,-12.466,-13.735,10.755,21.704,14.003,21.191,26.702,25.223,24.655,26.207,26.129,NA,18.629,21.72,10.958,2.511,10.978,9.821,15.826,26.912,27.589,27.743,31.229,26.543,19.442,23.681,25.637,-18.66,NA,NA,-1.343,19.901,NA,NA,15.652,35.8,28.137,27.22,27.599,24.931,23.115,16.723,16.92,-3.071,1.146,-23.662,18.945,26.105,20.567,17.004,26.927,19.593,27.518,28.202,27.526,22.675,6.987,16.721
"1856-05",-3.935,-3.99,-5.793,11.942,23.996,16.795,22.511,26.826,26.091,23.536,26.693,25.971,NA,17.799,20.29,10.05,4.27,13.617,20.29,18.501,28.935,26.804,27.157,33.583,26.374,19.03,23.508,24.738,-7.694,NA,NA,2.539,26.76,NA,NA,18.935,40.577,29.756,27.445,26.76,24.131,20.772,15.141,15.55,-4.145,-1.247,-11.343,19.776,26.055,19.654,17.891,26.623,18.199,28.216,29.625,27.305,21.629,6.093,16.909
"1856-06",2.27,3.505,1.92,13.283,26.192,20.262,23.763,26.663,26.691,22.027,26.365,25.445,NA,16.485,19.119,7.568,7.156,16.062,27.133,22.173,28.942,26.567,25.488,31.742,25.694,17.824,22.542,23.629,-0.212,NA,NA,7.708,31.505,NA,NA,21.781,43.771,29.103,27.447,25.822,22.432,18.986,14.038,13.522,-7.007,-1.974,-0.927,20.811,25.737,18.64,19.292,26.117,17.14,27.207,28.585,26.742,20.651,5.179,17.051
"1856-07",3.609,5.741,4.981,14.898,27.512,22.696,24.721,26.812,26.988,21.155,26.302,25.016,NA,15.201,17.972,7.247,9.509,18.415,31.234,26.311,29.308,26.222,23.771,29.467,24.64,16.264,21.494,23.136,1.933,NA,NA,11.679,33.613,NA,NA,24.09,43.394,27.787,27.221,25.332,20.982,17.941,13.214,13.201,-9.638,-3.958,0.177,21.931,25.247,17.974,20.638,25.416,16.169,25.693,27.933,26.217,19.744,4.641,16.959
"1856-08",3.659,4.805,4.835,15.828,27.867,23.406,24.768,26.569,26.991,20.835,26.734,24.648,NA,14.648,17.65,6.859,10.964,19.895,30.121,27.131,28.774,25.766,23.013,29.632,24.339,16.086,21.553,22.431,1.177,NA,NA,12.155,33.985,NA,NA,25.153,42.087,27.119,27.287,26.034,20.233,19.045,12.773,12.939,-10.295,-2.85,-1.659,22.608,24.751,17.591,21.681,24.865,15.515,25.045,27.454,25.885,19.146,4.283,16.867
"1856-09",0.877,0.447,0.631,16.021,27.607,22.416,24.866,26.144,26.969,21.102,26.616,24.782,NA,14.428,18.545,7.464,9.834,18.02,23.557,24.593,28.845,25.794,23.643,32.106,24.765,15.998,22.057,22.971,-1.729,NA,NA,11.02,30.352,NA,NA,24.156,40.29,27.385,27.252,26.881,20.993,20.178,13.084,13.085,-7.818,-4.813,-6.095,22.638,24.68,17.53,21.596,24.874,15.412,25.055,27.925,26.026,19.3,4.249,16.73
"1856-10",-4.031,-4.241,-3.003,15.705,25.719,19.292,24.276,26.24,26.799,21.676,26.761,25.432,NA,14.599,18.808,8.816,5.541,14.523,15.286,20.752,28.225,25.734,25.151,31.355,25.388,16.683,23.051,23.539,-9.167,NA,NA,5.596,23.46,NA,NA,20.622,35.083,27.293,27.014,26.711,21.779,20.698,13.525,13.52,-7.042,-3.382,-15.031,22.093,24.611,17.728,20.603,25.418,15.659,25.255,27.429,26.149,19.663,4.812,16.319
"1856-11",-9.541,-14.019,-10.784,13.397,23.455,16.816,22.875,25.769,25.879,22.392,25.877,25.821,NA,15.952,20.083,10.324,4.497,12.744,8.564,17.438,24.753,26.822,25.879,28.08,26.081,17.496,23.836,24.669,-21.23,NA,NA,-0.833,16.758,NA,NA,17.104,28.174,26.783,26.831,27.741,22.193,22.297,14.103,14.476,-3.721,-1.15,-22.689,20.745,24.699,18.488,19.256,25.631,16.685,25.685,26.625,26.229,20.641,5.312,16.017
"1856-12",-11.052,-18.239,-14.614,11.178,21.177,12.867,21.028,25.541,25.206,23.277,25.558,25.451,NA,16.955,22.073,11.089,1.647,9.714,5.332,13.965,21.818,27.04,26.245,26.78,26.328,18.362,24.679,25.53,-23.179,NA,NA,-3.934,14.037,NA,NA,12.529,22.824,25.739,26.337,27.343,22.466,23.698,15.432,16.18,-0.012,1.505,-27.254,19.492,24.969,19.34,17.838,25.717,17.89,25.677,25.602,26.41,21.874,6.372,15.974
"1857-01",-13.289,-19.362,-18.596,10.387,18.224,10.291,19.5,25.453,24.425,24.156,25.085,25.647,NA,18.156,23.081,12.908,0.628,9.112,2.262,14.32,20.856,27.151,26.583,25.807,26.157,19.78,25.023,26.135,-25.665,NA,NA,-5.062,9.783,NA,NA,10.083,20.933,24.026,25.988,27.393,23.656,24.448,16.911,17.081,2.39,3.559,-28.801,18.677,25.283,20.49,16.612,25.941,19.08,24.429,25.057,26.085,22.921,7.63,16.177
"1857-02",-15.709,-18.412,-25.265,10.887,17.023,9.862,19.283,25.102,23.783,24.892,24.925,25.61,NA,18.899,23.754,13.103,1.899,9.073,4.503,13.154,23.476,27.149,27.065,26.221,26.323,20.598,25.113,25.991,-25.267,NA,NA,-6.65,13.88,NA,NA,11.117,26.706,25.061,25.624,27.181,24.781,24.387,17.355,17.771,2.459,3.653,-29.288,18.268,25.726,21.083,16.383,26.151,19.923,24.617,25.291,26.229,23.263,8.1,16.359
"1857-03",-13.705,-18.531,-21.69,10.458,19.649,11.201,20.055,25.734,24.218,24.983,25.329,25.275,NA,18.868,22.906,12.153,2.353,9.624,5.863,13.675,23.909,26.966,27.555,28.682,27.032,20.891,25.045,25.633,-23.137,NA,NA,-4.491,14.408,NA,NA,13.315,29.044,26.378,26.063,27.037,24.873,23.803,16.987,17.673,0.183,2.374,-27.941,18.29,25.789,21.056,16.293,26.444,20.091,25.675,26.655,26.894,23.253,7.784,16.481
"1857-04",-8.604,-12.795,-16.216,11.109,21.699,14.707,20.857,26.727,24.94,24.172,25.527,25.744,NA,17.857,21.178,10.978,3.144,10.895,14.146,15.29,26.435,26.892,27.779,31.331,26.934,19.697,24.117,25.204,-18.487,NA,NA,-2.121,21.245,NA,NA,16.26,34.996,28.021,26.576,27.004,24.68,22.604,16.778,16.764,-2.2,0.068,-21.279,18.864,26.089,20.57,16.978,26.655,19.239,27.202,28.464,27.524,22.66,6.955,16.675
"1857-05",-2.626,-4.338,-4.484,12.88,24.202,17.026,22.086,27.074,25.684,23.025,25.969,25.26,NA,16.98,20.009,9.077,4.851,14.28,22.647,18.416,27.658,26.224,27.242,31.578,26.454,18.323,23.155,24.732,-8.326,NA,NA,2.683,27.437,NA,NA,18.848,39.537,29.251,27.194,26.307,23.964,20.59,15.688,14.646,-5.366,-1.548,-12.442,19.697,26.171,19.549,17.914,26.162,18.205,27.875,29.4,27.505,21.6,5.867,16.824
"1857-06",2.062,3.647,2.585,13.879,25.989,20.578,23.218,26.747,26.054,22.188,25.719,25.074,NA,16.013,18.527,7.909,7.499,17.063,28.917,22.735,30.347,26.558,26.865,34.645,25.566,17.825,21.78,22.926,-0.135,NA,NA,7.045,33.049,NA,NA,21.601,43.384,28.421,27.146,25.808,21.531,19.507,14.678,13.963,-7.277,-1.58,-1.549,20.84,26.015,18.592,19.567,25.835,16.862,26.53,28.317,26.567,20.145,5.022,16.975
"1857-07",4.545,5.875,5.469,14.999,26.782,22.651,24.071,26.647,26.557,21.65,26.114,24.625,NA,15.353,17.353,7.739,9.746,19.93,31.582,26.559,30.272,26.094,25.781,30.439,24.716,17.1,21.44,22.553,1.732,NA,NA,10.959,34.743,NA,NA,23.516,43.916,27.244,26.962,25.416,20.699,18.596,13.5,12.646,-7.304,-3.231,0.22,21.9,25.777,17.914,21.039,25.35,15.866,25.55,27.555,26.054,19.46,4.467,17.024
"1857-08",4.591,4.928,5.294,15.85,27.483,23.555,25.167,26.897,26.906,21.479,26.333,24.148,NA,15.033,17.888,7.5,11.181,20.242,28.835,27.164,29.148,25.958,24.191,34.004,24.499,16.844,21.483,22.229,0.436,NA,NA,11.846,33.769,NA,NA,24.939,42.213,26.957,26.967,25.371,19.701,18.851,12.913,12.655,-8.527,-4.678,-0.713,22.82,25.527,17.51,21.978,24.923,15.29,25.251,27.395,25.813,18.847,4.266,16.983
"1857-09",1.559,1.449,2.07,16.388,26.358,22.714,24.817,26.675,26.758,21.527,26.649,24.437,NA,14.724,18.555,7.452,10.399,18.045,21.009,24.45,30.159,26.093,23.975,33.657,24.543,16.595,22.479,22.633,-1.952,NA,NA,10.855,28.694,NA,NA,24.006,40.856,26.778,27.09,26.204,19.608,20.057,13.267,12.992,-6.767,-2.71,-6.749,22.913,25.508,17.543,21.76,25.028,15.197,25.01,27.251,25.81,18.968,4.254,16.818
"1857-10",-5.203,-6.746,-6.355,15.315,26.376,19.427,23.844,26.642,26.416,21.844,26.762,25.089,NA,14.772,19.662,8.542,7.062,14.862,15.761,20.766,28.607,25.996,24.846,31.279,25.323,16.852,23.161,23.677,-9.421,NA,NA,4.973,23.246,NA,NA,21.256,35.866,27.246,27.026,27.293,20.67,21.629,13.813,14.144,-7.034,-2.618,-16.4,22.23,25.403,17.867,20.512,25.416,15.547,25.377,27.209,26.124,19.493,4.663,16.388
"1857-11",-6.962,-9.265,-8.457,14.15,24.134,15.976,22.609,26.302,25.893,22.391,26.193,25.74,NA,15.631,20.546,10.499,3.14,11.193,6.665,16.805,25.201,26.645,25.902,27.587,26.246,17.923,23.863,24.855,-20.022,NA,NA,-2.577,16.941,NA,NA,16.329,28.911,27.015,26.73,27.225,21.276,22.465,14.388,14.674,-3.251,-0.671,-21.768,20.926,25.446,18.716,19.184,25.905,16.563,25.928,26.913,26.428,20.285,5.351,16.156
"1857-12",-10.147,-17.078,-13.918,12.148,20.763,13.215,20.65,25.893,25.112,23.239,25.54,25.223,NA,16.935,22.358,11.78,1.028,9.367,4.802,14.449,21.673,27.396,26.485,26.794,26.803,18.443,24.803,25.878,-25.414,NA,NA,-5.29,14.22,NA,NA,13.274,22.227,25.646,26.562,28.166,21.971,24.007,15.275,16.366,0.444,1.829,-27.393,19.617,25.661,19.746,17.901,25.961,18.005,25.617,26.043,26.485,21.667,6.488,16.131
"1858-01",-13.548,-20.632,-21.156,9.084,20.149,12.416,19.638,25.623,24.588,24.23,25.177,25.616,NA,17.833,23.351,12.62,1.404,7.821,-1.448,12.835,20.711,27.621,26.798,26.288,26.592,19.816,25.155,25.958,-27.005,NA,NA,-5.662,8.985,NA,NA,10.94,19.884,24.532,26.064,27.627,22.756,24.985,16.518,17.749,2.731,4.031,-32.58,18.705,25.98,20.787,16.939,26.14,19.23,24.683,25.266,26.493,22.57,7.735,16.246
"1858-02",-13.178,-16.189,-23.055,8.194,20.936,12.978,19.547,25.996,24.482,24.643,25.261,25.789,NA,18.417,23.347,12.516,-0.018,6.622,-2.292,12.531,22.733,27.82,27.397,26.307,26.851,19.854,24.95,26.166,-23.653,NA,NA,-6.851,11.537,NA,NA,10.813,24.627,24.95,25.996,26.936,23.083,25.145,17.362,18.346,2.709,4.378,-28.234,18.251,26.304,21.296,16.497,26.457,20.055,24.774,25.643,26.668,22.98,8.263,16.505
"1858-03",-10.812,-13.523,-15.745,9.362,20.186,12.206,19.747,26.366,24.545,25.366,25.811,25.916,NA,18.417,22.333,11.842,0.485,8.033,3.342,12.834,24.735,27.214,27.826,29.251,27.305,20.016,25.459,26.52,-24.484,NA,NA,-7.798,14.394,NA,NA,12.836,29.681,26.138,26.245,27.065,23.151,24.24,16.857,18.393,0.924,2.298,-27.603,18.414,26.453,21.17,16.701,26.813,19.912,25.864,26.972,27.192,23.28,7.883,16.615
"1858-04",-11.021,-11.403,-14.783,9.611,22.457,15.047,20.548,27.155,25.311,24.697,26.139,26,NA,17.808,20.85,10.938,2.301,10.189,11.731,14.746,26.403,27.293,27.961,31.092,27.017,19.635,24.742,26.217,-18.848,NA,NA,-2.983,19.447,NA,NA,16.886,34.519,27.931,27.024,26.988,23.116,22.67,15.728,17.379,-1.611,0.466,-23.215,18.944,26.684,20.694,17.192,27.015,19.04,27.494,28.46,27.735,22.821,6.999,16.748
"1858-05",-3.275,-4.281,-5.366,10.66,24.371,17.93,22.026,27.588,26.116,23.716,26.552,25.606,NA,17.088,20.226,9.333,5.098,13.736,19.762,18.573,26.862,26.798,27.394,33.505,26.723,18.814,23.86,25.435,-7.969,NA,NA,1.219,25.918,NA,NA,19.163,38.838,29.297,27.272,26.34,22.687,20.796,15.102,15.722,-4.82,-1.336,-11.659,19.729,26.658,19.685,18.171,26.591,18.078,28.358,29.395,27.653,21.811,6.071,16.996
"1858-06",2.114,4.001,1.862,12.278,27.208,20.777,23.128,27.46,26.737,23.135,26.625,25.394,NA,16.183,18.362,8.185,7.559,16.141,28.787,23.283,29.773,26.49,25.7,34.045,26.226,17.106,22.927,24.548,0.043,NA,NA,7.379,31.76,NA,NA,21.671,44,29.198,27.227,25.175,21.639,19.107,14.291,13.998,-6.039,-3.101,-1.741,20.652,26.591,18.619,19.652,25.909,16.867,27.579,28.915,27.361,20.785,5.218,17.136
"1858-07",4.255,5.289,5.213,13.718,27.799,23.152,24.508,27.111,27.096,22.443,26.47,24.832,NA,15.148,17.696,6.786,10.092,18.549,31.627,26.062,30.372,26.08,22.952,31.436,25.349,16.206,21.609,23.249,1.723,NA,NA,10.818,33.794,NA,NA,24.502,44.297,27.627,26.976,25.194,20.375,19.039,13.286,13.231,-8.014,-4.444,0.236,21.921,26.33,17.934,21.011,24.786,16.038,25.84,27.907,26.612,19.761,4.454,17.068
"1858-08",4.373,4.817,5.628,15.259,27.972,24.046,25.327,27.321,27.483,21.839,26.754,24.441,NA,14.485,16.475,7.282,10.94,19.712,29.558,26.598,29.434,25.615,22.217,30.692,24.752,15.636,21.791,22.986,1.424,NA,NA,12.145,33.149,NA,NA,24.925,42.402,27.002,26.677,25.255,19.809,19.657,12.938,13.02,-8.398,-5.697,-0.709,22.763,25.963,17.567,22.01,24.226,15.255,25.297,27.193,26.209,19.278,4.385,16.989
"1858-09",1.956,2.433,2.091,16.067,28.093,22.562,25.729,27.461,27.247,21.863,26.707,24.409,NA,14.273,18.038,7.231,10.045,17.517,23.858,23.975,29.988,25.438,23.173,32.683,24.878,15.902,22.493,23.417,-2.533,NA,NA,10.414,29.802,NA,NA,24.069,40.558,27.187,26.741,25.87,20.168,19.81,12.824,13.019,-7.706,-4.287,-7.113,23.027,25.8,17.386,21.854,24.303,15.192,25.289,27.286,26.348,19.311,4.366,16.783
"1858-10",-4.134,-5.804,-5.518,15.591,25.798,19.823,24.75,26.778,26.899,22.182,26.474,25.246,NA,14.529,18.712,8.563,6.116,15.05,17.103,20.901,28.095,25.759,24.853,31.442,25.913,16.441,22.952,23.984,-10.997,NA,NA,7.139,24.988,NA,NA,21.112,36.22,27.794,27.051,26.621,19.994,21.083,13.415,13.871,-6.475,-2.884,-18.644,22.239,25.733,17.863,20.916,25.371,15.631,25.898,27.549,26.445,19.515,4.684,16.366
"1858-11",-8.294,-11.976,-10.628,13.118,24.39,16.75,22.915,26.845,26.386,23.06,26.125,26.057,NA,15.59,19.819,9.559,3.82,11.9,10.374,16.905,24.393,26.594,25.672,28.294,26.764,17.64,23.457,24.514,-17.134,NA,NA,0.136,18.572,NA,NA,15.586,28.354,27.317,26.816,27.258,20.45,22.922,13.973,14.686,-2.364,-1.298,-21.42,21.022,25.764,18.681,19.404,25.573,16.482,26.21,27.032,26.613,20.336,5.369,16.165
"1858-12",-10.721,-15.871,-15.651,10.947,21.5,14.26,21.282,26.145,25.315,23.807,25.359,25.922,NA,17.06,22.429,10.895,0.847,7.933,-0.364,13.856,22.017,27.135,26.174,26.731,26.953,19.001,24.634,25.542,-20.817,NA,NA,-2.043,11.814,NA,NA,12.625,22.25,25.504,26.573,27.079,21.683,23.975,15.172,16.351,0.478,1.358,-22.79,19.782,25.825,19.665,18.145,25.72,18.102,25.498,26.272,26.429,21.644,6.406,16.273
"1859-01",-12.823,-21.713,-23.501,10.845,20.958,11.534,20.727,25.575,24.563,24.423,25.593,25.844,NA,17.984,22.804,12.04,0.303,7.58,-1.995,12.881,21.594,27.432,26.661,25.816,26.672,19.931,25.154,26.28,-26.817,NA,NA,-5,10.827,NA,NA,11.149,22.332,24.958,26.064,27.503,23.768,24.538,16.774,17.265,2.681,3.531,-29.564,18.815,25.987,20.779,17.187,26.049,19.196,24.808,25.373,26.256,23.094,7.613,16.304
"1859-02",-13.122,-20.501,-21.769,11.064,20.682,12.494,20.783,25.762,24.522,25.493,25.605,26.228,NA,19.184,24.292,13.126,0.096,7.422,2.352,12.915,22.448,27.47,27.372,25.977,26.75,20.842,25.524,26.306,-25.805,NA,NA,-6.115,12.242,NA,NA,10.577,24.726,25.289,25.517,26.892,23.42,24.891,16.865,17.372,3.053,3.373,-29.091,18.32,26.312,21.32,16.9,26.441,20.063,24.881,25.797,26.636,23.499,8.219,16.562
"1859-03",-13.132,-20.24,-20.823,10.692,21.258,12.574,20.867,26.386,24.946,25.542,26.288,26.612,NA,19.145,23.085,12.158,0.771,8.207,8.068,13.594,24.678,27.625,28.01,28.277,27.647,20.567,25.307,26.551,-23.839,NA,NA,-4.941,16.005,NA,NA,13.35,29.375,25.838,26.158,27.192,24.017,24.546,17.025,17.354,1.155,1.389,-28.27,18.475,26.487,21.26,16.902,27.141,20.127,25.895,26.765,27.397,23.387,7.886,16.709
"1859-04",-10.239,-13.536,-15.54,11.096,22.553,14.623,21.62,27.042,25.384,24.84,26.494,26.421,NA,18.264,21.581,10.769,1.996,10.585,12.991,16.46,26.441,27.546,28.183,29.384,26.983,19.724,24.312,25.515,-19.066,NA,NA,-1.307,20.721,NA,NA,16.044,34.525,27.501,26.96,27.403,23.124,23.451,15.773,16.557,-1.014,-1.265,-22.393,19.104,26.794,20.647,17.225,27.198,19.458,27.378,28.468,28.029,22.76,7.031,16.837
"1859-05",-4.994,-4.824,-9.404,12.237,24.286,17.572,22.857,27.63,26.249,23.598,26.801,25.896,NA,16.955,20.262,8.784,4.869,12.916,19.772,18.812,28.597,27.384,27.915,32.611,26.726,18.654,23.433,24.858,-7.996,NA,NA,2.366,25.688,NA,NA,18.867,39.679,29.068,27.488,26.837,23.087,21.332,14.97,14.63,-4.292,-2.398,-10.661,19.954,26.875,19.452,18.388,26.969,18.375,28.184,29.642,27.843,21.859,6.169,17.033
"1859-06",1.664,3.493,1.099,13.837,26.333,20.585,23.645,26.967,26.853,22.975,26.745,25.801,NA,15.902,18.552,7.635,6.391,16.51,27.003,23.722,31.13,26.704,26.42,34.523,26.341,17.031,21.82,23.781,-0.085,NA,NA,7.954,31.757,NA,NA,21.527,44.651,29.091,27.48,25.815,21.513,19.487,13.642,13.81,-6.449,-3.999,-1.877,20.92,26.778,18.468,19.84,26.345,17.072,27.316,29.254,27.405,20.736,5.422,17.151
"1859-07",3.605,5.356,4.637,15.005,27.949,23.037,24.909,27.573,27.403,22.655,26.859,25.199,NA,14.966,17.867,6.131,9.154,19.525,30.101,27.466,31.243,26.595,24.296,33.068,25.49,16.163,21.096,22.799,2.118,NA,NA,10.805,34.081,NA,NA,23.585,45.017,27.974,27.151,25.196,20.545,18.631,12.976,12.439,-7.809,-5.524,0.258,22.139,26.622,17.939,21.3,25.406,16.112,26.341,28.28,26.902,19.734,4.666,17.184
"1859-08",3.609,4.716,4.557,15.949,28.44,23.67,25.637,27.815,27.631,22.419,27.007,24.635,NA,14.308,17.633,6.687,10.712,19.76,31.017,26.849,30.55,26.195,23.136,33.119,25.151,15.467,21.429,23.012,0.822,NA,NA,12.916,34.198,NA,NA,24.682,43.311,27.317,26.849,25.089,19.865,18.858,12.57,12.052,-9.013,-8.122,-1.369,23.069,26.334,17.385,22.22,24.77,15.452,25.687,27.407,26.58,19.532,4.423,17.077
"1859-09",1.059,1.492,1.753,16.253,28.314,22.748,25.899,28.074,27.566,21.747,27.219,24.598,NA,13.503,17.685,7.134,9.423,18.025,22.973,23.832,31.176,26.146,24.287,34.528,25.463,15.56,22.605,23.745,-1.573,NA,NA,11.184,30.283,NA,NA,23.938,41.353,27.439,26.945,25.391,19.585,20.148,12.841,12.93,-8.321,-3.631,-6.64,23.288,26.124,17.369,22.041,25.029,15.061,25.855,27.448,26.671,19.533,4.492,16.929
"1859-10",-3.797,-3.925,-4.024,15.295,26.694,19.909,25.034,27.418,27.307,22.099,27.182,25.381,NA,14.342,18.027,8.372,6.321,15.58,13.155,20.781,29.024,26.544,25.338,31.248,26.28,15.736,23.356,24.669,-10.527,NA,NA,5.711,22.517,NA,NA,20.99,35.403,27.849,27.236,26.628,20.021,22.334,13.238,13.552,-6.369,-2.516,-15.536,22.301,26.128,18.028,20.943,25.542,15.349,26.575,27.71,26.858,19.932,4.623,16.494
"1859-11",-10.47,-14.832,-11.534,13.458,23.864,15.997,22.861,26.671,26.472,22.854,26.745,26.113,NA,15.563,20.767,9.849,3.143,11.235,9.378,17.223,25.83,27.045,26.105,28.493,27.439,16.839,24.142,25.243,-19.246,NA,NA,0.356,18.026,NA,NA,17.243,28.699,27.439,27.053,27.792,20.775,23.909,13.599,14.4,-2.208,-0.674,-26.61,21.154,26.088,18.835,19.277,25.975,16.517,26.992,26.97,26.846,20.814,5.392,16.196
"1859-12",-11.762,-16.174,-15.72,11.83,19.684,11.407,20.754,26.323,25.526,23.216,26.166,26.112,NA,16.781,21.267,11.322,1.134,8.892,2.948,14.733,22.599,27.246,26.635,27.281,27.521,18.049,24.676,25.919,-22.236,NA,NA,-2.517,13.395,NA,NA,12.71,23.216,25.722,26.596,27.802,21.932,24.868,14.842,16.508,0.662,1.746,-26.445,19.968,25.989,19.858,17.76,26.094,17.59,26.239,25.858,26.846,22.019,6.74,16.274
"1860-01",-11.835,-16.978,-18.256,11.552,17.934,9.888,19.868,25.903,24.748,24.449,25.827,25.611,NA,18.61,22.892,13.693,-0.894,6.204,-2.391,13.45,22.149,27.668,27.26,26.742,27.012,19.798,25.56,26.406,-26.87,NA,NA,-5.204,11.513,NA,NA,11.719,23.006,24.996,26.308,27.131,22.906,25.092,16.09,17.264,2.949,4.023,-29.72,18.983,26.07,21.054,16.703,26.389,19.026,25.496,25.382,26.775,23.129,8.011,16.465
"1860-02",-13.113,-21.873,-24.261,11.901,17.909,9.527,20.083,25.731,24.06,25.217,26.111,25.995,NA,19.204,23.368,13.735,1.479,5.32,-4.86,11.868,22.653,28.026,27.841,26.79,27.623,19.965,26.103,27.25,-26.143,NA,NA,-5.555,10.11,NA,NA,10.713,25.312,25.667,26.272,27.175,23.282,25.064,17.132,17.761,3.17,4.282,-27.412,18.511,26.355,21.325,16.174,26.867,19.934,25.708,25.65,27.226,23.947,8.595,16.685
"1860-03",-14.612,-18.825,-23.357,10.899,19.95,11.929,20.279,26.611,25.077,25.198,26.431,26.199,NA,18.905,22.699,12.723,1.941,8.851,1.96,12.891,24.503,27.656,28.137,29.308,27.718,20.455,25.609,26.923,-27.173,NA,NA,-5.446,12.648,NA,NA,13.351,29.302,26.797,26.713,27.824,23.723,24.363,17.158,17.599,0.248,3.528,-28.617,18.408,26.577,21.28,16.677,27.195,19.976,26.724,27.046,27.666,23.792,8.185,16.744
"1860-04",-11.972,-12.31,-17.882,11.464,21.602,13.616,21.182,27.285,25.737,24.3,26.902,26.329,NA,17.993,20.883,11.463,1.949,11.499,11.01,15.252,26.351,27.673,28.376,31.428,27.752,19.704,24.86,25.955,-19.072,NA,NA,-2.072,19.916,NA,NA,16.469,33.929,28.535,27.379,27.411,23.046,23.16,16.042,16.979,-3.502,0.905,-21.329,18.996,26.638,20.727,17.04,27.335,19.281,28.112,28.774,28.212,22.932,7.154,16.828
"1860-05",-4.966,-4.23,-7.549,12.578,23.244,16.595,22.513,27.361,26.353,23.08,27.427,25.78,NA,17.232,19.712,9.624,4.216,13.252,19.04,18.997,28.81,27.607,27.881,34.74,27.456,18.464,23.497,25.008,-8.25,NA,NA,2.208,25.623,NA,NA,19.01,40.357,29.559,27.675,26.764,21.655,21.128,15.218,15.131,-5.09,-1.165,-11.538,19.807,26.592,19.667,18.116,26.932,18.214,28.468,29.156,28.018,21.761,6.183,17.009
"1860-06",1.34,4.093,0.569,13.894,26.577,20.275,24.195,27.415,27.197,22.269,26.58,25.726,NA,16.031,17.495,7.892,6.791,16.174,27.624,22.508,30.597,27.279,26.464,35.515,26.727,17.588,22.407,23.969,0.14,NA,NA,7.811,30.879,NA,NA,20.49,43.423,29.212,27.51,26.062,20.863,19.234,13.617,13.878,-7.314,-2.154,-1.153,20.894,26.294,18.726,19.781,26.326,16.835,27.198,28.796,27.251,20.719,5.236,17.116
"1860-07",3.87,6.61,4.008,15.331,28.098,22.52,25.249,26.989,27.418,21.154,26.748,25.431,NA,14.924,17.116,7.598,9.87,18.585,30.122,26.316,30.97,26.754,25.454,32.984,25.828,16.649,22.291,23.505,1.735,NA,NA,11.517,34.31,NA,NA,23.344,45.143,28.218,27.344,25.925,20.205,19.004,13.256,13.439,-8.497,-3.097,0.284,21.97,25.786,17.999,21.301,25.715,15.964,26.288,28.311,26.634,19.955,4.582,17.142
"1860-08",3.899,4.695,4.22,16.515,28.901,23.975,25.919,27.147,27.715,20.636,27.027,25.044,NA,14.174,16.616,7.622,10.871,19.893,28.222,26.872,28.932,26.159,24.129,32.521,25.273,16.031,21.94,23.145,0.737,NA,NA,12.682,33.077,NA,NA,24.54,42.246,27.584,27.242,26.267,19.997,19.514,12.779,13.041,-8.789,-4.734,-1.141,22.815,25.244,17.708,22.271,25.254,15.355,25.768,27.894,26.402,19.388,4.225,17.043
"1860-09",0.39,2.127,-0.149,16.376,28.504,22.593,25.531,27.124,27.734,20.748,27.38,25.106,NA,14.321,18.031,8.223,9.732,18.119,22.858,24.449,29.75,25.989,24.065,33.733,25.236,15.709,22.169,23.21,-2.26,NA,NA,11.599,29.452,NA,NA,24.356,41.095,27.552,27.356,26.428,20.477,19.247,12.67,12.799,-7.978,-2.965,-6.405,22.946,25.077,17.638,22.012,25.265,15.226,25.83,27.612,26.499,19.417,4.207,16.862
"1860-10",-4.015,-3.616,-3.965,15.594,26.418,19.471,24.243,26.918,27.53,21.383,27.112,25.666,NA,14.525,18.785,8.317,5.4,14.415,16.544,21.086,29.19,26.252,24.953,31.735,26.238,15.947,23.087,24.109,-9.818,NA,NA,6.493,24.661,NA,NA,21.769,36.187,27.862,27.33,27.058,20.807,20.508,13.46,13.738,-6.329,-2.511,-14.91,22.291,24.932,17.799,20.732,25.462,15.551,26.155,27.712,26.699,19.886,4.545,16.43
"1860-11",-10.274,-15.775,-10.637,14.578,22.441,15.317,22.589,25.947,26.384,21.969,26.559,26.046,NA,15.577,19.812,10.61,3.405,12.589,9.807,17.124,24.812,27.347,25.958,28.467,26.406,16.858,23.824,25.089,-22.012,NA,NA,2.478,18.624,NA,NA,17.043,27.473,27.16,27.043,27.644,21.235,22.562,14.034,15.076,-3.655,0.189,-25.728,21.031,24.902,18.642,19.279,25.86,16.471,26.336,27.004,26.541,20.629,5.293,16.012
"1860-12",-13.392,-16.505,-19.343,12.54,20.532,12.899,21.067,25.799,25.594,23.071,25.696,25.798,NA,16.689,22.011,12.039,1.609,9.449,5.125,13.82,23.301,27.436,26.539,26.581,26.846,18.036,24.869,25.931,-25.792,NA,NA,-2.118,14.585,NA,NA,12.998,24.34,25.38,26.424,27.533,22.065,23.841,14.88,16.237,0.101,1.941,-28.655,19.784,25.211,19.519,18.002,25.976,17.998,25.649,25.924,26.444,21.862,6.477,16.019
"1861-01",-10.204,-19.027,-18.59,11.893,19.367,10.021,20.455,25.525,24.772,23.781,25.493,25.73,NA,17.908,23.403,12.916,-0.488,6.868,-2.269,13.25,21.431,27.444,26.701,26.01,26.613,19.67,25.445,26.007,-26.704,NA,NA,-3.86,10.473,NA,NA,10.726,21.19,24.174,26.196,27.522,23.7,24.372,16.646,17.312,2.277,3.923,-24.729,18.86,25.423,20.517,16.797,26.164,19.35,24.752,25.255,26.458,23.034,7.574,16.349
"1861-02",-11.395,-15.665,-20.757,11.717,18.994,10.541,20.137,25.434,24.298,24.913,25.479,25.392,NA,18.78,23.641,12.723,-0.182,7.693,0.786,12.891,23.096,27.502,27.117,26.52,26.779,20.072,25.563,26.359,-28.359,NA,NA,-7.171,12.2,NA,NA,10.603,25.377,24.893,26.22,27.426,25.299,24.749,17.403,18.221,3.124,4.297,-27.121,18.314,25.779,21.078,16.517,26.305,20.196,24.73,25.502,26.516,23.628,8.136,16.518
"1861-03",-12.449,-16.388,-18.83,11.623,18.747,11.119,20.525,26.097,24.529,25.243,26.184,25.695,NA,18.632,22.284,12.484,-0.275,7.66,7.157,13.461,25.183,27.344,27.489,27.548,26.993,20.215,25.334,26.558,-26.117,NA,NA,-2.737,16.836,NA,NA,12.249,31.397,26.154,26.198,27.227,25.174,24.31,17.339,17.819,0.974,2.535,-28.724,18.475,26.241,21.119,16.511,26.68,19.958,25.61,26.47,26.942,23.561,7.902,16.543
"1861-04",-11.059,-11.359,-17.011,11.943,21.094,14.047,21.73,26.642,25.218,24.555,26.363,25.674,NA,17.952,21.236,10.576,2.071,10.43,13.785,15.102,26.656,26.994,27.869,29.079,27.102,19.922,24.582,26.13,-16.302,NA,NA,-1.024,21.368,NA,NA,15.555,35.315,27.868,26.976,27.608,24.065,22.643,16.24,16.78,-2.172,0.217,-21.029,19.051,26.573,20.574,16.906,26.727,19.159,27.239,28.288,27.525,22.922,6.887,16.705
"1861-05",-3.16,-1.85,-5.595,12.537,23.31,16.973,22.258,27.154,26.071,23.412,26.454,25.442,NA,16.839,19.207,9.189,5.02,13.26,19.099,18.5,28.231,25.972,26.956,31.99,26.722,18.347,23.184,25.272,-7.19,NA,NA,3.81,24.928,NA,NA,18.776,38.461,29.253,27.486,26.983,23.451,21.031,15.351,15.204,-4.695,-1.638,-11.072,19.854,26.544,19.618,18.049,26.274,17.984,28.063,29.106,27.547,21.992,5.894,16.936
"1861-06",2.317,4.641,1.484,14.062,26.371,20.71,24.109,27.048,26.784,22.564,26.402,25.033,NA,15.82,17.682,8.296,8.408,16.23,25.989,22.38,30.092,26.497,26.378,33.528,25.746,17.72,22.442,23.657,-0.727,NA,NA,8.055,31.19,NA,NA,21.714,43.67,28.568,27.422,25.861,21.426,18.456,13.678,13.671,-6.929,-3.037,-1.253,21.02,26.388,18.652,19.399,25.92,16.911,26.972,28.607,26.968,20.628,5.153,17.075
"1861-07",4.25,6.716,4.395,15.274,27.252,22.552,24.66,27.13,27.078,22.215,26.482,24.575,NA,15.12,16.994,6.969,10.154,19.249,32.003,26.283,30.717,26.206,24.776,31.46,24.908,17.225,21.634,22.898,1.79,NA,NA,11.872,34.088,NA,NA,23.748,44.632,27.447,27.245,24.97,20.693,17.53,13.125,12.726,-8.041,-3.358,0.264,22.173,26.156,17.821,20.878,25.154,15.851,25.455,28.077,26.235,19.864,4.399,17.052
"1861-08",4.315,5.744,4.803,16.246,27.972,23.714,25.339,27.21,27.346,21.995,26.733,24.368,NA,14.799,16.831,7.505,11.02,19.738,30.07,26.968,30.449,25.987,24.022,32.881,24.525,16.816,21.742,22.625,0.632,NA,NA,12.864,34.243,NA,NA,24.805,43.09,27.148,26.998,25.208,20.366,18.469,13.023,12.507,-8.901,-3.429,-1.053,22.946,25.841,17.426,21.984,24.876,15.251,24.932,27.576,25.932,19.342,3.963,16.994
"1861-09",1.312,2.089,0.78,16.328,27.944,22.443,25.607,27.125,26.976,22.174,26.841,24.352,NA,14.668,17.2,8.023,10.026,17.364,23.489,24.212,30.984,25.767,24.444,34.414,24.959,16.5,22.535,23.424,-3.089,NA,NA,10.551,30.393,NA,NA,23.987,41.238,27.088,27.19,25.967,19.906,19.942,12.96,12.751,-7.852,-3.515,-6.542,23.13,25.724,17.541,21.939,25.015,15.071,25.021,27.744,26.032,19.409,4.17,16.838
"1861-10",-4.941,-4.773,-5.793,15.634,26.656,19.044,24.196,26.778,26.706,22.341,26.701,25.316,NA,14.938,17.965,8.11,6.377,15.083,15.167,20.241,28.792,25.926,25.158,30.701,25.951,17.092,22.914,24.02,-12.296,NA,NA,5.135,23.627,NA,NA,20.967,35.205,27.622,27.165,27.041,20.639,21.179,13.542,13.364,-5.704,-1.496,-16.925,22.367,25.671,17.845,20.714,25.365,15.377,25.913,27.525,26.424,19.812,4.4,16.389
"1861-11",-8.552,-12.409,-10.777,14.54,23.05,15.948,22.412,26.466,26.176,22.975,26.312,25.699,NA,15.682,19.924,9.673,3.313,12.307,8.884,16.79,25.22,26.57,25.658,28.232,26.469,17.212,23.393,24.774,-20.701,NA,NA,-0.754,17.254,NA,NA,16.019,26.842,26.866,26.95,27.641,21.952,22.797,14.441,14.953,-2.308,-0.364,-23.918,21.058,25.804,18.498,19.369,25.587,16.265,26.208,26.902,26.54,20.77,5.217,16.091
"1861-12",-12.356,-16.869,-16.411,12.21,21.47,14.278,21.017,25.982,25.273,23.281,25.665,25.485,NA,16.667,21.839,11.598,1.715,9.403,6.515,14.427,23.033,27.4,26.361,26.124,26.873,18.786,24.793,25.96,-22.701,NA,NA,-3.403,13.959,NA,NA,11.818,22.889,25.069,26.474,27.558,23.016,23.643,15.824,16.524,0.425,1.794,-24.938,19.764,25.878,19.457,18.117,25.859,17.62,25.124,25.712,26.373,22.006,6.358,16.15
"1862-01",-15.462,-14.464,-23.548,12.516,18.856,12.542,20.226,25.521,24.486,24.361,25.453,25.734,NA,18.133,23.019,13.311,1.078,8.053,5.178,12.966,21.33,27.477,26.982,25.165,26.154,19.908,24.934,25.999,-25.48,NA,NA,-5.922,12.171,NA,NA,9.755,21.571,24.325,25.755,26.968,23.827,25.029,16.731,16.907,2.845,3.518,-28.75,18.73,26.083,20.541,17.109,26.126,19.056,24.284,25.312,26.287,22.78,7.476,16.222
"1862-02",-14.866,-16.723,-26.413,11.833,19.32,12.397,19.917,25.516,24.077,25.321,25.161,26.179,NA,18.895,23.252,12.954,0.045,8.233,4.207,13.318,23.213,27.131,27.214,25.965,26.945,20.291,25.359,26.469,-27.309,NA,NA,-5.696,12.731,NA,NA,11.208,26.609,24.963,25.736,26.905,24.007,24.391,17.37,17.562,3.142,3.46,-27.861,18.309,26.297,21.148,16.535,26.411,19.884,24.716,25.492,26.692,23.256,7.993,16.447
"1862-03",-13.062,-15.286,-20.13,12.066,18.81,11.14,20.429,25.908,24.328,25.167,26.189,25.941,NA,18.597,22.794,11.956,-0.155,7.023,6.559,12.812,24.389,27.174,27.289,27.459,27.157,19.989,25.369,26.572,-25.822,NA,NA,-3.078,15.559,NA,NA,11.876,29.409,26.123,26.213,26.999,23.988,23.729,16.975,17.45,0.901,2.622,-28.847,18.385,26.545,21.063,16.596,26.786,19.945,25.663,26.888,27.393,23.431,7.797,16.535
"1862-04",-9.557,-10.379,-13.984,12.194,21.017,13.466,21.264,26.829,25.196,24.952,26.756,25.696,NA,17.946,21.579,10.271,0.802,10.163,11.902,15.254,27.088,27.25,27.74,30.461,27.352,19.723,24.38,25.698,-21.705,NA,NA,-0.708,19.837,NA,NA,15.861,35.149,27.549,26.815,27.224,23.896,22.759,16.417,16.856,-2.84,1.317,-22.953,18.945,26.868,20.531,17.005,26.923,19.192,27.104,28.457,28.064,22.673,6.96,16.689
"1862-05",-4.659,-6.262,-8.908,13.186,23.791,17.014,22.778,27.593,26.134,24.584,26.474,25.579,NA,16.835,20.117,8.356,4.93,13.822,20.374,18.022,27.981,27.173,26.974,31.062,26.722,18.449,23.49,24.695,-10.336,NA,NA,2.637,26.621,NA,NA,18.826,39.539,29.375,27.368,26.618,22.917,21.55,15.107,15.755,-4.232,-0.952,-12.789,19.871,27.056,19.464,17.893,26.541,18.274,28.269,28.996,27.805,21.648,5.793,16.855
"1862-06",1.453,3.995,1.146,15.23,26.59,20.392,24.229,27.783,27.08,24.076,26.442,25.374,NA,15.336,17.802,6.748,7.747,16.556,26.712,22.701,29.653,26.881,26.015,33.472,25.946,17.398,22.026,23.503,-0.442,NA,NA,7.82,30.845,NA,NA,20.544,44.079,29.465,27.504,25.848,21.938,19.971,14.208,14.446,-6.961,-1.805,-1.712,21.067,27.107,18.462,19.424,26.04,16.856,27.505,29.211,27.234,20.665,4.861,17.089
"1862-07",3.659,6.487,4.618,16.668,27.603,22.624,25.387,28.007,27.352,23.765,26.881,25.141,NA,15.216,17.42,7.142,10.487,19.403,31.619,25.643,31.271,26.681,24.853,34.414,25.247,16.662,21.319,22.775,1.524,NA,NA,11.681,34.803,NA,NA,23.121,45.251,28.299,27.421,25.106,20.551,18.874,12.994,13.005,-7.203,-3.444,0.238,22.304,26.995,17.661,20.885,25.384,16.011,26.27,28.686,26.692,19.661,4.344,17.143
"1862-08",3.918,5.561,4.809,17.159,27.913,23.391,25.78,28.296,27.496,23.891,27.07,24.813,NA,14.778,17.71,5.981,11.051,20.28,28.665,26.606,30.802,26.157,23.247,33.506,24.958,16.328,21.81,22.708,0.276,NA,NA,13.311,33.29,NA,NA,24.766,43.774,27.169,27.047,24.948,20.343,18.831,12.908,12.451,-8.387,-3.505,-0.827,23.139,26.882,17.204,21.881,24.8,15.509,25.547,27.806,26.449,19.287,4.01,17.1
"1862-09",0.896,1.017,0.863,16.896,28.292,22.557,25.893,28.159,27.545,23.632,27.039,25.188,NA,14.612,18.208,6.771,9.295,17.701,22.68,23.691,30.314,26.184,23.719,33.377,25.629,16.535,22.945,23.476,-2.14,NA,NA,10.326,29.643,NA,NA,24.113,41.378,27.866,27.218,25.527,20.306,20.466,13.295,13.109,-7.117,-2.813,-6.431,23.165,26.983,17.137,22.027,24.951,15.362,25.908,28.211,26.866,19.6,3.985,16.948
"1862-10",-2.846,-5.467,-5.502,14.993,26.067,19.87,24.343,27.616,26.967,23.703,27.237,25.54,NA,14.612,18.967,7.778,6.645,14.812,13.13,20.105,28.397,26.22,24.655,31.599,26.575,16.48,22.729,23.921,-10.206,NA,NA,5.566,23.105,NA,NA,21.262,35.378,28.205,27.382,26.601,21.305,21.885,13.388,13.909,-5.542,-3.554,-14.404,22.439,27.101,17.58,20.929,25.435,15.759,26.843,28.49,27.176,19.969,4.467,16.639
"1862-11",-9.005,-10.79,-11.132,13.794,23.34,15.833,22.662,27.618,26.475,24.528,26.778,25.857,NA,15.755,20.354,9.664,3.364,10.8,7.234,16.431,25.321,26.83,25.862,29.29,27.612,17.189,23.733,24.833,-20.478,NA,NA,-1.477,17.679,NA,NA,16.917,28.09,27.634,27.429,27.708,21.868,22.944,13.556,15.026,-2.461,-0.559,-27.05,21.276,27.303,18.563,19.26,25.684,16.559,26.988,27.505,27.295,20.804,5.245,16.267
"1862-12",-12.699,-14.578,-18.234,12.782,19.827,11.618,20.812,27.003,25.701,25.5,26.447,26.064,NA,17.316,22.148,11.2,1.598,9.318,3.304,14.794,22.665,27.406,26.47,27.397,27.606,18.65,24.971,26.137,-25.473,NA,NA,-4.462,13.944,NA,NA,13.19,23.275,26.163,27.371,28.389,22.611,24.679,14.659,15.824,0.909,2.154,-27.486,19.901,27.374,19.737,17.859,26.113,17.948,26.239,26.797,27.114,22.03,6.437,16.327
"1863-01",-12.811,-16.589,-23.376,12.521,18.659,10.568,20.078,26.299,24.739,25.7,26.219,26.507,NA,18.522,23.308,12.666,1.1,7.322,2.058,13.424,22.135,27.785,27.347,26.71,27.672,19.72,24.911,26.184,-25.686,NA,NA,-7.191,11.529,NA,NA,10.678,22.179,25.46,26.969,27.898,22.677,25.771,15.837,16.709,3.331,3.946,-28.375,18.824,27.504,20.799,16.79,26.611,19.195,25.597,25.924,27.369,22.71,7.716,16.519
"1863-02",-15.061,-18.664,-23.769,11.819,19.138,11.502,19.969,26.249,24.601,26.116,26.625,26.834,NA,19.216,23.925,12.781,1.356,7.278,-2.498,11.485,23.41,28.471,28.2,28.842,28.142,20.64,25.658,26.827,-27.364,NA,NA,-8.466,9.595,NA,NA,11.335,24.203,25.621,27.338,27.708,22.816,24.722,16.302,17.366,3.524,4.333,-25.564,18.18,27.465,21.287,16.635,27.242,19.957,25.693,26.58,27.76,23.576,8.268,16.799
"1863-03",-12.703,-14.329,-23.2,11.676,20.437,13.502,20.392,27.033,25.228,26.603,26.69,26.949,NA,19.08,23.026,11.755,1.718,8.235,3.535,13.366,24.678,28.434,28.401,28.794,28.744,20.014,25.807,26.76,-22.926,NA,NA,-7.367,13.257,NA,NA,12.382,28.615,26.608,27.535,28.661,23.361,24.316,16.817,17.118,1.158,2.801,-23.005,18.305,27.584,21.191,16.708,27.456,20.036,26.277,27.902,28.355,23.689,7.896,16.948
"1863-04",-8.882,-10.073,-14.767,11.798,21.876,15.024,21.197,27.844,25.989,26.163,27.301,27.219,NA,18.429,21.479,11.243,2.278,10.818,10.459,14.936,26.225,28.034,28.673,31.675,28.491,19.369,24.782,26.456,-19.492,NA,NA,-3.224,19.047,NA,NA,15.39,34.356,28.35,27.968,28.63,23.181,23.638,15.781,16.78,-1.264,0.052,-22.011,18.775,27.685,20.577,17.308,27.537,19.39,27.912,29.463,29.137,23.032,7.04,16.971
"1863-05",-2.683,-2.571,-4.212,12.416,24.714,17.869,22.111,28.52,27.065,25.086,27.654,26.985,NA,17.221,19.161,9.521,4.549,13.425,20.27,18.31,28.507,27.938,28.133,34.502,28.001,18.615,24.024,25.699,-9.712,NA,NA,2.252,25.522,NA,NA,19.161,39.412,29.582,28.413,27.915,21.707,22.172,14.554,15.39,-3.996,-0.78,-12.155,19.658,27.697,19.584,18.375,27.317,18.18,29.116,30.154,28.807,22.068,6.008,17.178
"1863-06",2.268,4.919,1.111,14.16,27.027,21.277,24.003,28.683,28.032,24.162,27.722,26.826,NA,15.919,17.903,7.844,7.071,17.098,28.607,22.895,30.823,27.841,26.552,36.215,27.287,17.68,23.002,24.738,-0.032,NA,NA,7.656,32.962,NA,NA,21.111,45.275,29.866,28.093,26.801,20.472,20.222,13.457,14.415,-5.667,-2.202,-1.075,20.79,27.321,18.596,20.076,26.728,17.025,28.195,29.332,27.862,20.88,5.208,17.304
"1863-07",4.27,6.802,4.701,15.674,28.737,23.56,24.93,27.899,28.256,23.123,27.599,26.288,NA,15.373,16.774,7.175,10.201,19.944,31.684,26.154,31.205,26.962,24.732,35.365,26.185,16.819,22.247,23.901,1.483,NA,NA,11.483,34.382,NA,NA,24.014,45.309,28.412,27.685,26.337,19.91,18.609,12.22,13.174,-6.038,-3.175,0.141,21.959,26.643,17.949,21.443,25.79,16.084,26.782,27.926,26.859,19.929,4.419,17.25
"1863-08",4.775,6.296,5.005,16.248,29.049,24.347,25.287,27.817,28.114,22.253,27.692,25.635,NA,14.45,17.216,6.882,10.992,20.43,31.096,26.636,31.084,26.267,24.153,34.248,25.534,16.484,22.625,23.618,0.466,NA,NA,12.819,35.068,NA,NA,24.859,44.188,27.644,27.265,26.279,19.901,19.53,12.621,13.003,-8.212,-4.972,-1.048,22.757,25.823,17.461,22.35,25.225,15.421,26.048,27.771,26.577,19.654,4.202,17.122
"1863-09",1.485,2.638,1.262,16.647,28.425,22.316,25.046,27.128,27.864,21.958,27.823,25.562,NA,14.303,18.222,8.058,10.169,18.423,24.136,24.082,31.124,26.189,24.583,34.608,25.372,16.338,23.278,23.936,-3.252,NA,NA,11.992,30.493,NA,NA,24.186,42.559,28.012,27.579,26.742,19.929,20.501,12.774,13.373,-6.966,-3.788,-6.512,22.901,25.455,17.322,22.074,25.362,15.331,26.046,27.967,26.529,19.586,4.201,16.923
"1863-10",-2.765,-6.211,-3.892,15.824,26.437,19.421,24.4,27.07,27.304,21.969,27.517,26.169,NA,14.388,18.749,8.728,6.676,13.899,13.994,19.824,28.385,26.388,25.709,33.166,25.99,16.887,23.713,24.56,-13.857,NA,NA,6.604,23.614,NA,NA,21.486,35.95,27.958,27.277,27.18,21.067,21.323,13.006,13.918,-5.76,-2.583,-18.313,22.295,25.264,17.631,20.832,25.924,15.604,26.23,27.622,26.964,20.039,4.533,16.432
"1863-11",-8.709,-14.247,-11.856,12.955,24.207,16.57,22.752,26.771,26.839,22.551,26.7,26.573,NA,15.485,20.317,9.738,4.32,11.753,5.088,16.266,24.393,27.549,26.342,28.972,27.305,17.542,24.127,25.359,-17.175,NA,NA,-0.587,15.575,NA,NA,16.206,27.856,27.44,27.29,27.644,21.218,22.779,13.791,14.694,-1.269,0.171,-25.615,21.003,25.026,18.47,19.468,26.202,16.546,26.448,27.065,26.992,20.853,5.262,16.157
"1863-12",-13.36,-17.273,-21.056,10.406,23.036,15.035,21.141,26.331,25.981,23.323,25.489,26.388,NA,16.827,22.157,11.461,4.513,10.157,-0.938,13.19,21.547,27.865,26.698,27.127,27.429,18.708,25.005,25.892,-22.217,NA,NA,-4.568,9.636,NA,NA,13.74,21.801,25.584,26.93,27.594,21.934,24.11,14.918,16.292,1.127,2.202,-26.838,19.771,24.961,19.484,18.185,26.338,17.839,25.611,26.225,26.822,21.712,6.558,16.174
"1864-01",-14.883,-20.651,-23.149,9.93,21.465,12.77,19.882,25.656,24.829,24.329,25.232,26.09,NA,18.057,23.965,12.585,1.168,8.501,1.549,12.444,21.169,27.716,26.915,26.196,27.065,20.237,25.561,26.136,-26.986,NA,NA,-9.118,10.509,NA,NA,10.111,21.841,24.45,26.393,27.559,23.757,25.18,16.255,17.545,3.43,4.268,-29.145,18.737,25.071,20.71,17.093,26.315,19.229,24.645,25.697,26.425,22.91,7.919,16.321
"1864-02",-13.227,-21.846,-24.895,9.223,20.357,13.405,19.25,25.808,24.719,25.457,25.266,26.165,NA,18.998,24.357,13.281,2.671,9.149,-1.363,12.331,21.913,27.973,27.598,26.841,27.194,20.941,25.447,26.256,-26.228,NA,NA,-8.085,9.512,NA,NA,10.511,23.627,24.765,26.335,27.369,24.686,25.277,17.17,18.47,3.371,4.697,-26.376,18.214,25.313,21.272,16.768,26.676,19.951,24.36,25.765,26.588,23.405,8.509,16.627
"1864-03",-14.178,-20.458,-24.82,9.621,20.88,13.395,19.97,26.12,24.802,25.088,25.419,25.997,NA,18.535,23.454,11.875,3.229,9.827,4.005,13.39,24.498,28.085,27.775,28.642,27.161,20.614,25.001,26.114,-23.932,NA,NA,-3.903,14.58,NA,NA,13.243,29.611,26.126,26.513,27.292,25.126,24.693,17.695,18.09,0.771,3.561,-27.702,18.242,25.457,21.137,16.653,26.931,19.912,25.34,26.931,27.043,23.57,8.156,16.647
"1864-04",-10.363,-15.453,-15.092,10.192,21.874,14.764,20.715,26.406,24.818,24.418,25.742,26.188,NA,17.996,21.419,11.105,3.211,11.043,13.113,14.881,25.825,26.304,27.748,31.523,27.043,19.709,24.828,26.27,-19.861,NA,NA,-2.317,19.563,NA,NA,16.782,33.155,27.286,27.043,27.093,24.796,22.603,16.252,16.908,-1.545,1.264,-24.208,18.764,25.765,20.546,16.998,26.759,19.243,26.696,28.351,27.676,23.171,7.18,16.711
"1864-05",-2.338,-1.757,-3.54,11.608,24.912,18.237,22.35,26.872,25.73,22.512,25.954,25.44,NA,17.191,19.986,8.98,5.437,13.686,20.085,18.3,28.216,26.43,27.041,34.651,27.289,18.736,23.564,25.183,-8.799,NA,NA,2.034,26.766,NA,NA,19.806,40.419,29.136,27.204,26.546,23.413,21.069,15.267,15.991,-4.51,0.322,-10.148,19.678,25.461,19.481,18.023,26.412,18.13,27.501,28.862,27.56,21.948,6.061,16.922
"1864-06",2.179,2.893,1.52,12.715,26.767,21.032,23.73,26.736,26.185,21.499,25.983,25.267,NA,16.206,18.088,7.491,8.319,17.598,27.627,22.818,30.123,26.481,26.742,35.322,26.487,17.266,22.06,24.118,-0.123,NA,NA,7.764,31.651,NA,NA,21.924,43.734,28.152,27.061,25.826,22.524,19.43,13.98,14.633,-5.535,-1.409,-1.2,20.756,25.139,18.557,19.385,25.9,16.866,26.586,28.054,26.917,20.589,5.108,16.956
"1864-07",3.855,5.3,4.652,14.351,27.683,23.28,24.62,26.488,26.526,20.81,26.159,24.631,NA,15.44,17.387,6.801,10.653,19.627,32.079,26.24,29.04,26.198,25.449,31.74,25.683,16.56,21.368,23.087,1.563,NA,NA,10.98,34.859,NA,NA,24.609,43.531,27.566,27.01,25.634,21.854,19.2,13.491,13.211,-5.974,-1.963,0.283,21.8,24.724,17.868,20.746,25.346,15.664,25.867,27.959,26.663,19.714,4.496,16.979
"1864-08",4.066,5.568,5.024,15.82,28.305,24.231,25.439,26.492,27.051,20.356,26.593,24.64,NA,14.181,16.609,6.802,11.464,20.533,28.464,27.249,27.82,25.608,24.4,30.273,25.333,16.224,21.389,22.655,0.825,NA,NA,12.752,32.165,NA,NA,25.676,40.886,27.404,27.082,26.324,21.431,19.722,12.741,13.327,-8.371,-2.067,-0.454,22.593,24.301,17.574,21.743,24.952,15.018,25.762,27.849,26.319,19.187,4.347,16.938
"1864-09",1.165,1.338,2.118,16.127,27.967,22.803,24.792,26.321,27.213,20.49,26.7,25.047,NA,14.242,17.983,7.574,8.837,17.662,24.003,24.417,29.324,25.811,24.578,33.005,25.136,16.154,22.205,23.024,-1.911,NA,NA,10.751,29.83,NA,NA,23.968,40.054,27.382,26.965,26.652,21.395,20.292,13.163,13.092,-7.478,-1.581,-5.851,22.692,24.064,17.478,21.567,25.042,14.955,25.568,27.799,26.434,19.344,4.184,16.707
"1864-10",-5.754,-8.191,-4.728,14.873,26.938,19.918,24.129,26.281,26.722,20.745,26.487,25.714,NA,14.494,18.701,8.602,5.095,14.89,14.978,20.877,27.682,25.868,25.138,31.206,25.834,16.427,23.085,23.685,-9.632,NA,NA,5.151,22.604,NA,NA,21.23,34.541,27.403,26.884,27.545,21.871,22.089,13.559,13.651,-5.278,-1.886,-17.885,22.006,23.931,17.854,20.438,25.462,15.285,25.726,26.902,26.464,19.833,4.55,16.234
"1864-11",-10.656,-13.214,-11.019,13.726,23.854,16.086,22.889,25.546,25.81,21.958,25.926,25.442,NA,15.64,20.319,9.681,2.372,12.642,8.644,18.314,24.749,26.648,25.948,27.466,26.453,17.034,23.824,24.727,-20.108,NA,NA,-0.947,16.797,NA,NA,16.38,27.626,26.708,26.686,27.867,21.985,22.833,14.356,14.558,-2.748,0.399,-25.287,20.787,24.28,18.554,19.277,25.487,16.284,25.834,26.54,26.362,20.558,5.356,15.921
"1864-12",-12.364,-19.288,-15.572,11.54,23.118,13.909,21.783,25.485,25.183,23.029,24.969,25.442,NA,16.771,22.033,11.45,2.475,10.245,5.421,15.289,21.454,27.202,26.082,26.294,26.45,18.578,25.031,25.571,-23.472,NA,NA,-2.074,13.218,NA,NA,13.4,21.582,25.195,26.285,27.598,22.969,23.556,15.359,15.811,0.637,2.498,-27.711,19.476,24.486,19.639,17.823,25.531,17.636,25.314,25.523,26.095,21.74,6.549,16.001
"1865-01",-12.927,-18.825,-19.548,10.444,18.758,12.228,19.493,24.899,24.048,23.261,24.704,25.505,NA,17.641,22.287,12.922,0.437,7.619,4.727,12.776,21.488,27.272,26.396,25.219,26.39,19.737,24.833,25.851,-27.181,NA,NA,-6.706,12.86,NA,NA,11.093,21.39,24.219,26.043,27.106,23.944,24.426,16.987,17.454,2.957,4.493,-27.078,18.59,24.78,20.618,17.002,25.738,18.809,24.451,24.927,25.967,22.701,7.905,16.2
"1865-02",-14.949,-20.814,-22.589,10.108,20.233,11.825,19.304,25.127,24.116,24.398,24.921,25.544,NA,18.7,23.29,13.34,1.285,7.89,5.613,12.817,22.187,27.299,26.976,26.131,26.849,20.264,25.16,26.089,-27.16,NA,NA,-8.386,13.633,NA,NA,10.6,24.14,24.597,25.883,27.104,24.416,25.03,17.506,17.848,2.995,4.814,-28.704,18.026,25.21,21.191,16.509,26.216,19.839,24.369,25.055,26.055,23.129,8.387,16.376
"1865-03",-12.292,-16.019,-21.657,10.054,20.049,11.197,19.536,25.808,24.239,24.747,25.466,25.581,NA,18.517,22.823,12.579,1.128,9.178,9.734,14.083,24.312,26.887,27.588,28.159,27.079,20.089,24.947,26.188,-24.856,NA,NA,-5.665,17.516,NA,NA,12.88,29.115,26.209,26.282,26.926,25.403,24.046,17.193,17.739,0.763,3.641,-26.019,18.133,25.57,21.177,16.504,26.449,19.966,25.549,26.628,26.823,23.075,8.041,16.535
"1865-04",-10.064,-11.322,-13.095,10.435,21.983,14.728,20.217,26.524,25.021,24.421,25.854,25.735,NA,17.931,22.246,11.128,1.885,10.624,14.081,15.23,26.546,26.033,27.549,29.129,27.083,19.735,24.496,25.52,-20.611,NA,NA,-1.431,20.626,NA,NA,15.893,33.46,27.633,26.733,26.942,24.462,22.621,16.315,16.53,-1.928,0.624,-23.923,18.698,25.821,20.441,17.107,26.441,19.383,27.093,28.599,27.341,22.545,7.169,16.588
"1865-05",-3.418,-4.637,-6.416,11.289,24.231,17.444,21.68,26.734,25.831,23.277,25.847,25.482,NA,16.853,19.061,9.598,5.213,13.654,20.99,18.309,27.906,26.306,27.382,31.947,26.399,18.527,23.287,24.516,-8.339,NA,NA,2.412,27.613,NA,NA,18.616,38.579,29.578,27.058,26.803,22.872,21.797,15.276,15.868,-5.102,0.168,-10.385,19.622,25.83,19.548,17.995,26.177,17.816,27.865,29.408,27.18,21.424,6.169,16.797
"1865-06",1.301,2.452,0.877,12.781,25.955,20.842,22.805,26.342,26.487,22.255,26.026,25.107,NA,15.728,17.735,8.307,8.148,16.998,27.805,22.349,29.956,26.594,27.126,34.934,25.655,17.874,22.289,23.391,0.069,NA,NA,8.322,31.68,NA,NA,21.687,43.641,28.597,27.136,25.996,21.902,19.541,14.151,14.393,-7.491,-0.873,-1.787,20.563,25.663,18.655,19.497,25.822,16.791,26.732,28.328,26.639,20.253,5.146,16.912
"1865-07",3.895,4.757,4.437,14.052,27.336,22.968,24.008,26.758,26.772,21.655,26.43,24.471,NA,15.038,17.653,7.764,10.595,20.361,31.857,26.652,29.734,25.984,25.372,30.147,24.902,16.987,21.172,22.469,1.271,NA,NA,12.389,34.236,NA,NA,23.905,43.748,27.433,26.884,25.493,21.034,18.447,13.451,13.478,-7.416,-1.976,0.188,21.711,25.241,17.879,20.892,25.08,15.829,25.718,27.668,26.156,19.428,4.529,16.931
"1865-08",3.215,4.25,4.497,15.172,27.889,23.702,24.819,26.492,27.151,21.023,27.126,24.357,NA,14.231,16.771,7.536,11.327,20.826,29.358,27.175,29.398,25.91,24.287,31.733,24.558,16.559,21.347,22.262,0.9,NA,NA,13.006,33.526,NA,NA,25.08,42.831,27.296,26.985,25.796,20.561,19.42,13.159,13.641,-8.306,-2.081,-1.736,22.444,24.839,17.553,21.704,24.771,15.142,25.316,27.649,25.954,19.039,4.275,16.87
"1865-09",1.017,0.387,1.16,15.802,27.752,22.604,24.542,26.375,26.895,21.135,27.048,24.647,NA,14.239,18.182,8.134,10.127,18.726,22.925,24.286,29.838,25.649,24.032,33.489,24.736,15.966,21.916,22.818,-2.238,NA,NA,10.34,30.344,NA,NA,23.706,40.999,27.099,26.95,26.515,20.635,20.165,12.9,13.661,-7.81,-2.677,-7.24,22.563,24.697,17.503,21.66,24.967,15.205,25.339,27.554,26.093,19.234,4.236,16.664
"1865-10",-5.556,-8.498,-5.664,14.81,25.593,20.011,23.299,26.544,26.549,21.809,26.827,25.4,NA,14.663,18.803,9.053,5.272,15.609,14.262,20.82,28.081,25.982,24.452,32.127,25.498,16.259,22.424,23.357,-13.36,NA,NA,4.546,23.171,NA,NA,21.365,35.014,27.145,26.969,27.087,21.198,21.413,13.316,14.013,-5.114,-3.442,-19.889,21.971,24.545,17.789,20.723,25.274,15.55,25.554,27.41,26.347,19.583,4.622,16.168
"1865-11",-9.878,-16.334,-13.393,14.034,22.947,15.695,22.361,25.389,25.575,22.318,26.091,25.585,NA,15.469,20.416,9.906,3.094,11.856,8.655,17.032,24.812,26.862,25.782,27.87,26.451,17.063,23.43,24.497,-20.414,NA,NA,0.612,17.872,NA,NA,16.824,27.782,26.762,26.566,27.1,21.925,22.058,13.957,14.76,-2.567,-0.18,-25.07,20.707,24.644,18.559,19.198,25.697,16.413,25.594,27.178,26.457,20.369,5.392,15.9
"1865-12",-11.948,-20.251,-17.329,12.318,20.817,13.393,20.597,25.086,24.615,23.443,25.391,25.32,NA,16.8,21.791,11.189,1.979,9.326,2.751,13.979,22.436,27.368,25.713,26.052,26.627,18.112,24.333,25.365,-25.056,NA,NA,-3.866,11.983,NA,NA,11.57,22.744,24.896,26.239,27.404,22.54,23.422,15.507,16.124,0.692,2.121,-29.461,19.405,24.933,19.598,17.988,25.675,17.649,24.879,25.82,26.312,21.578,6.473,15.865
"1866-01",-13.439,-23.267,-21.986,10.517,20.006,12.716,20.15,24.735,23.816,24.126,25.044,25.968,NA,18.107,22.355,12.485,0.431,8.356,-1.777,13.903,20.609,27.485,26.385,25.339,25.622,19.702,24.632,25.413,-26.485,NA,NA,-4.604,9.686,NA,NA,9.556,19.862,24.089,26.063,27.6,24.635,23.988,16.645,17.125,2.93,4.237,-31.042,18.518,25.327,20.7,16.869,25.999,18.689,24.16,24.745,25.89,22.778,7.731,16.11
"1866-02",-17.368,-18.223,-27.569,10.723,19.943,12.287,20.131,24.959,23.958,25.1,25.323,25.701,NA,18.711,22.273,12.924,0.935,8.017,-0.353,12.961,23.571,27.205,26.856,25.79,26.079,20.264,25.361,25.888,-26.17,NA,NA,-5.43,12.189,NA,NA,10.541,26.626,24.997,25.693,27.114,25.24,24.564,17.363,18.151,2.933,4.319,-28.249,18.069,25.45,21.319,16.63,26.188,19.377,24.532,24.973,26.078,23.323,8.341,16.352
"1866-03",-15.119,-18.882,-25.274,10.046,21.147,13.113,20.491,25.833,24.193,25.208,25.573,25.606,NA,18.698,22.343,12.722,2.092,8.628,4.301,13.114,25.117,27.053,27.423,28.873,26.921,20.055,25.042,25.842,-21.936,NA,NA,-5.361,15.182,NA,NA,12.499,30.901,26.182,26.035,27.004,24.707,24.408,17.099,18.023,0.862,2.161,-24.583,18.218,25.565,21.276,16.464,26.473,19.694,25.716,26.143,26.968,23.223,7.973,16.511
"1866-04",-11.312,-13.87,-17.023,10.153,22.839,14.948,21.135,26.666,24.807,24.786,26.151,25.494,NA,17.937,21.888,10.788,2.733,10.583,11.633,14.439,26.525,25.429,27.623,31.234,26.655,19.298,24.105,25.744,-18.613,NA,NA,-2.155,19.163,NA,NA,15.657,33.891,27.499,26.768,27.054,24.642,22.658,16.563,16.651,-1.904,0.147,-23.122,18.836,25.986,20.401,16.977,26.443,19.166,27.341,27.942,27.292,22.846,7.015,16.571
"1866-05",-4.196,-4.679,-7.211,10.92,24.492,17.79,22.186,27.165,25.723,23.373,26.272,25.081,NA,16.997,19.962,9.264,5.759,13.719,21.327,17.879,27.819,26.066,27.286,34.345,26.42,18.823,22.639,23.995,-8.603,NA,NA,2.775,27.138,NA,NA,18.361,39.589,28.666,27.079,26.305,23.966,20.837,15.231,15.328,-4.214,-1.67,-12.006,19.573,26,19.544,18.151,26.286,17.949,27.653,27.951,27.053,21.547,6.077,16.797
"1866-06",1.264,3.674,0.873,12.026,26.857,20.891,23.219,26.929,26.623,22.194,26.222,24.797,NA,15.221,17.292,7.047,8.455,17.589,27.285,22.976,29.712,26.204,26.623,34.967,25.73,17.691,21.595,23.135,0.43,NA,NA,7.715,32.14,NA,NA,21.602,43.681,28.122,26.92,25.88,22.584,19.817,14.616,14.613,-7.405,-1.256,-1.377,20.588,25.862,18.442,19.749,25.8,16.667,26.481,27.67,26.573,20.303,5.267,16.976
"1866-07",3.797,5.562,4.156,13.776,27.255,23.403,23.801,26.709,26.985,21.336,26.622,24.483,NA,14.629,16.557,6.371,11.169,20.337,31.264,26.323,30.042,25.97,25.421,33.336,24.822,16.789,21.424,22.4,1.847,NA,NA,11.242,34.538,NA,NA,23.53,44.083,27.493,26.771,25.298,21.965,19.232,13.998,14.283,-8.301,-2.744,0.25,21.73,25.658,17.7,21.181,25.125,15.736,25.72,27.866,26.164,19.666,4.64,17.002
"1866-08",4.042,5.038,4.649,14.91,28.182,23.595,25.172,27.356,27.298,21.327,26.948,24.136,NA,14.21,17.302,6.69,10.642,20.882,28.556,26.612,30.164,25.625,23.662,32.931,24.475,16.298,21.24,22.166,0.844,NA,NA,12.777,33.265,NA,NA,24.509,43.073,27.028,26.726,25.175,21.08,18.828,13.445,13.491,-8.23,-3.79,-0.895,22.659,25.402,17.405,21.974,24.483,15.103,25.252,27.164,26.059,19.229,4.226,16.938
"1866-09",0.573,1.59,0.958,15.434,28.414,22.72,25.483,27.034,27.267,21.263,26.922,24.183,NA,14.206,18.355,7.399,8.899,18.409,21.814,24.721,29.471,25.587,23.512,33.8,24.783,15.796,21.758,22.657,-2.26,NA,NA,11.197,28.789,NA,NA,24.211,40.926,27.212,26.817,26.094,20.812,20.618,12.979,13.893,-7.828,-4.214,-7.33,22.806,25.23,17.478,21.859,24.475,15.092,25.483,27.654,26.502,19.321,4.126,16.727
"1866-10",-4.234,-9.192,-6.761,14.476,26.895,19.91,24.347,26.534,26.814,21.764,26.817,24.995,NA,14.435,19.065,8.238,6.31,14.935,12.396,19.856,27.999,25.89,24.64,31.854,25.519,16.242,22.904,23.786,-10.122,NA,NA,6.886,21.293,NA,NA,21.038,34.953,27.359,26.996,27.03,21.575,22.135,13.679,14.135,-5.718,-1.923,-16.928,22.107,25.232,17.744,20.809,25.165,15.331,25.693,27.383,26.435,19.893,4.645,16.335
"1866-11",-9.834,-15.29,-12.139,13.286,25.007,16.634,23.065,26.374,26.292,22.147,26.067,25.795,NA,15.124,19.305,9.632,3.737,11.698,8.251,16.587,24.627,26.838,25.445,28.326,25.876,17.107,23.424,24.559,-18.406,NA,NA,-0.083,16.495,NA,NA,16.303,27.346,26.486,26.821,27.671,21.636,23.314,14.183,15.241,-2.316,0.121,-24.703,20.896,25.157,18.583,19.313,25.602,16.151,25.794,26.598,26.364,20.605,5.418,16.008
"1866-12",-12.614,-12.448,-17.685,9.538,23.065,14.071,21.303,25.883,25.324,22.69,25.529,25.862,NA,16.703,21.374,11.47,1.967,9.952,5.488,14.353,22.111,27.024,26.144,26.675,26.863,18.614,24.599,25.596,-22.344,NA,NA,-3.665,13.309,NA,NA,12.351,23.295,25.249,26.179,27.222,22.369,23.915,15.379,16.397,0.786,1.973,-25.71,19.53,25.197,19.708,17.963,25.795,17.563,25.397,25.836,26.419,21.9,6.522,16.069
"1867-01",-14.907,-21.035,-25.026,9.134,20.88,11.777,20.724,25.463,24.414,23.749,25.034,25.681,NA,17.813,22.707,12.622,2.07,7.655,-2.686,12.168,20.093,27.157,26.725,26.153,26.416,19.964,24.972,25.682,-24.649,NA,NA,-3.307,9.378,NA,NA,10.383,19.959,23.849,25.787,27.066,23.315,25.032,16.829,18.001,2.969,4.132,-27.086,18.644,25.354,20.69,17.082,25.878,18.795,24.455,25.236,26.372,22.822,7.717,16.234
"1867-02",-16.38,-23.915,-26.377,9.118,21.396,12.673,20.337,25.987,24.668,23.935,25.385,26.193,NA,18.275,23.542,13.414,1.218,9.212,1.179,13.151,21.689,27.278,27.126,26.296,25.868,20.722,24.699,25.75,-27.407,NA,NA,-6.366,11.378,NA,NA,11.182,23.941,24.593,25.938,27.159,24.108,24.801,17.684,18.7,2.945,4.332,-28.555,18.151,25.773,21.268,16.757,26.208,19.785,24.462,24.989,26.38,23.187,8.185,16.405
"1867-03",-14.714,-21.387,-25.131,9.609,21.537,12.858,21.099,26.083,24.39,24.742,25.707,25.786,NA,18.814,23.195,12.515,2.117,10.218,7.373,13.996,23.429,27.233,27.528,27.487,26.485,20.741,25.146,26.077,-25.004,NA,NA,-4.659,15.667,NA,NA,13.732,29.064,26.074,26,26.888,23.846,23.652,16.92,17.956,0.926,2.267,-25.822,18.279,26.113,21.035,16.47,26.594,20.105,25.573,26.337,26.923,23.308,7.848,16.6
"1867-04",-9.988,-11.746,-16.485,9.903,23.087,15.194,21.693,27.164,25.311,24.561,25.743,26.007,NA,18.022,21.248,10.648,2.894,11.192,12.405,15.173,25.002,26.362,27.609,30.169,27.245,19.99,24.176,25.284,-19.412,NA,NA,-0.247,17.731,NA,NA,16.436,31.721,27.619,26.749,27.043,23.781,23.042,16.131,17.231,-1.634,0.109,-22.721,18.937,26.322,20.435,17.134,26.64,19.231,27.215,28.365,27.887,22.712,7.016,16.718
"1867-05",-3.279,-4.856,-7.161,11.469,24.133,17.586,22.32,27.247,25.814,23.13,26.331,25.531,NA,16.769,19.672,8.819,5.413,13.815,20.48,18.727,27.54,26.73,26.806,31.886,26.647,18.301,23.227,24.483,-9.199,NA,NA,3.725,25.938,NA,NA,18.571,38.425,29.106,27.245,26.506,23.108,21.278,15.074,15.967,-4.074,-1.427,-11.21,19.865,26.388,19.524,17.906,26.427,18.153,27.977,29.192,27.709,21.776,6.116,16.934
"1867-06",1.822,3.535,0.861,12.915,26.288,21.044,23.065,26.497,26.231,22.216,26.047,25.191,NA,15.783,18.056,7.716,9.367,17.382,27.144,22.468,29.841,26.271,25.952,34.424,25.94,16.91,21.884,23.561,-0.054,NA,NA,8.69,32.031,NA,NA,21.642,44.461,28.977,27.363,25.933,22.424,19.69,13.7,14.091,-5.707,-4.016,-0.211,20.788,26.306,18.567,19.192,25.886,16.754,27.678,28.57,27.244,20.89,5.216,17.096
"1867-07",3.951,5.625,4.114,14.352,27.175,23.221,24.573,26.907,26.712,21.916,26.173,24.671,NA,14.922,17.396,7.59,11.18,19.441,31.33,26.447,29.659,26.177,24.283,32.048,25.117,15.788,21.22,22.613,1.69,NA,NA,11.596,33.577,NA,NA,23.606,44.163,27.976,27.168,25.282,21.057,18.273,12.719,12.85,-6.76,-4.618,0.246,22.064,26.15,17.898,20.647,25.209,15.835,26.156,28.476,26.701,19.776,4.639,17.097
"1867-08",3.972,4.703,3.996,15.874,27.473,23.789,25.217,27.235,26.969,21.625,26.288,24.338,NA,14.083,17.007,6.21,12.297,19.602,29.222,26.884,30.479,25.697,23.082,32.278,24.688,15.588,21.581,22.509,1.2,NA,NA,12.222,32.768,NA,NA,24.917,43.224,26.943,27.055,25.769,20.324,19.175,12.69,13.055,-7.031,-4.758,-0.756,22.927,25.747,17.668,21.527,24.477,15.131,25.159,27.666,26.373,19.534,4.343,17.031
"1867-09",0.618,-0.595,0.078,16.412,27.905,22.158,25.532,26.929,26.898,21.384,26.327,24.271,NA,13.986,18.012,7.511,11.776,17.718,21.889,24.655,30.328,25.681,23.397,34.049,25.042,15.351,22.11,22.862,-1.523,NA,NA,10.92,29.193,NA,NA,23.822,41.603,27.187,27.114,26.174,20.179,20.342,13.147,13.4,-7.287,-4.453,-7.864,23.093,25.461,17.512,21.505,24.404,15.031,25.29,27.682,26.367,19.48,4.444,16.809
"1867-10",-4.85,-8.14,-8.214,15.316,26.303,19.912,24.632,26.912,26.403,21.831,26.515,24.774,NA,14.232,18.616,8.148,7.616,14.282,14.027,20.648,28.186,25.769,24.642,30.25,26.048,15.966,22.818,23.757,-9.428,NA,NA,6.768,23.129,NA,NA,20.918,35.686,27.426,27.078,27.026,20.431,21.617,13.151,14.036,-5.792,-2.949,-17.13,22.384,25.397,17.922,20.456,24.944,15.322,25.452,27.87,26.494,19.73,4.661,16.372
"1867-11",-8.602,-14.542,-11.425,13.259,23.887,17.164,23.13,26.552,25.842,22.626,26.178,25.624,NA,15.244,19.642,9.67,4.906,11.474,8.055,16.877,24.373,26.554,25.657,28.236,27.046,16.404,23.617,25.259,-19.778,NA,NA,1.283,16.465,NA,NA,15.579,27.671,26.662,26.823,27.9,21.448,23.317,13.725,15.18,-1.86,-0.58,-22.508,21.067,25.473,18.652,19.128,25.491,16.298,25.926,26.854,26.72,20.72,5.422,16.113
"1867-12",-10.917,-15.87,-14.302,12.172,21.986,13.157,21.677,26.204,24.999,22.962,25.584,25.74,NA,16.797,21.551,11.258,2.25,8.698,1.592,14.863,22.024,27.233,26.156,25.507,27.273,18.008,24.193,25.628,-21.398,NA,NA,-2.753,13.041,NA,NA,11.875,23.03,25.341,26.491,27.385,22.285,24.44,14.675,16.597,0.899,2.055,-25.309,19.776,25.663,19.653,17.805,25.706,17.548,25.311,25.638,26.618,21.564,6.592,16.164
"1868-01",-15.303,-20.777,-24.338,11.665,20.266,11.617,21.087,25.935,24.586,23.777,25.22,25.834,NA,18.004,23.158,12.222,1.331,8.297,-2.929,12.735,21.043,27.341,26.469,25.555,26.549,19.713,24.851,25.912,-26.828,NA,NA,-5.951,10.029,NA,NA,10.646,20.335,24.476,26.108,27.148,24.177,24.36,16.208,17.586,3.303,3.924,-29.932,18.839,25.906,20.6,16.999,25.823,19.064,24.599,25.082,26.231,22.82,7.864,16.251
"1868-02",-14.432,-19.878,-27.184,11.341,19.433,10.624,20.776,25.863,24.251,25.187,25.277,25.981,NA,18.804,23.096,12.69,1.461,6.887,1.925,12.19,23.112,27.399,27.304,26.222,26.902,20.566,25.275,26.08,-26.317,NA,NA,-5.106,12.717,NA,NA,10.458,25.726,25.201,25.738,27.104,24.904,24.377,16.898,18.1,3.579,3.772,-29.503,18.371,26.364,21.378,16.604,26.252,19.822,24.787,25.454,26.475,23.191,8.457,16.543
"1868-03",-12.018,-14.357,-19.101,11.363,19.981,12.439,21.03,26.328,24.45,25.69,25.712,26.262,NA,19.199,22.835,12.027,1.304,8.17,3.343,12.757,24.741,27.345,27.871,28.454,26.995,20.506,25.363,26.473,-23.944,NA,NA,-6.599,14.673,NA,NA,12.77,30.297,26.621,26.082,26.885,24.77,23.509,16.632,17.94,1.681,1.644,-24.461,18.447,26.452,21.264,16.696,26.85,20.055,26.101,26.815,27.16,23.357,8.012,16.749
"1868-04",-6.202,-7.485,-10.802,11.691,21.202,13.943,21.253,27.167,25.262,25.152,26.452,25.922,NA,18.379,21.458,10.776,2.165,9.687,10.563,14.747,26.147,26.556,27.929,30.283,27.313,19.51,24.401,25.998,-17.255,NA,NA,-1.664,18.038,NA,NA,15.612,32.696,27.831,26.871,27.254,24.705,22.41,16.149,16.657,-0.987,-0.96,-17.746,19.029,26.79,20.468,17.203,26.852,19.296,27.528,28.505,27.953,22.963,7.22,16.963
"1868-05",-1.816,-1.013,-3.513,12.225,24.366,17.533,22.306,27.226,26.143,24.412,26.646,25.553,NA,17.497,19.661,9.386,4.513,13.13,20.532,18.433,27.724,26.865,27.421,30.418,26.704,18.091,23.153,24.813,-7.767,NA,NA,3.163,25.236,NA,NA,18.391,37.556,29.206,27.397,26.305,23.428,21.38,15.29,15.603,-4.947,-2.147,-10.501,19.808,26.859,19.456,18.247,26.595,18.152,28.566,29.516,28.124,21.868,6.212,17.044
"1868-06",2.291,4.132,2.514,13.976,26.844,20.787,24.169,27.87,26.982,23.612,26.611,25.541,NA,15.176,17.147,7.014,7.298,16.347,28.418,22.587,30.141,26.94,26.656,32.934,26.251,17.145,22.212,23.688,0.281,NA,NA,8.039,31.247,NA,NA,21.629,43.507,29.53,27.512,25.949,21.587,19.969,14.295,14.569,-8.057,-2.502,-0.869,21.067,26.805,18.603,19.753,26.041,16.89,27.555,29.425,27.41,20.618,5.254,17.191
"1868-07",4.54,5.966,5.118,15.214,27.823,23.14,25.177,27.742,27.149,23.07,26.675,24.892,NA,14.648,16.915,6.477,10.413,19.642,29.514,26.791,30.696,26.207,24.635,32.214,25.301,15.816,21.157,22.95,1.248,NA,NA,11.484,33.409,NA,NA,24.385,44.185,27.591,27.37,25.467,20.506,18.69,13.165,13.516,-8.102,-4.128,0.146,22.32,26.638,17.89,21.105,25.048,15.831,26.012,27.986,26.847,19.814,4.682,17.178
"1868-08",4.416,5.22,5.822,16.131,28.547,24.117,26.061,27.714,27.519,22.864,26.911,24.612,NA,14.519,17.164,6.853,11.189,20.154,28.886,27.265,29.75,25.989,23.164,31.92,24.838,15.714,21.386,22.986,0.582,NA,NA,12.972,33.079,NA,NA,25.083,43.112,27.231,27.206,25.409,19.973,19.215,12.895,12.869,-7.571,-5.24,-0.729,23.226,26.434,17.429,21.958,24.729,15.191,25.561,27.521,26.482,19.388,4.368,17.141
"1868-09",1.516,1.074,2.515,16.18,28.461,22.531,25.85,27.813,27.447,22.621,26.916,24.672,NA,14.202,17.098,7.665,9.19,18.195,22.553,24.219,30.662,26.102,23.82,34.266,25.154,15.507,22.181,23.615,-1.58,NA,NA,11.727,29.389,NA,NA,24.515,41.912,27.407,27.331,26.287,20.06,20.654,12.949,13.698,-8.165,-3.264,-6.444,23.288,26.276,17.517,21.942,25.084,15.164,25.689,27.494,26.702,19.423,4.409,16.979
"1868-10",-3.803,-5.706,-4.375,15.51,26.533,19.704,24.561,27.605,27.062,22.844,27.138,25.118,NA,14.803,18.336,8.839,6.48,15.138,16.379,20.736,28.812,26.311,25.493,31.079,25.949,16.148,22.977,24.181,-10.604,NA,NA,7.005,24.119,NA,NA,21.336,35.525,27.776,27.292,27.028,20.978,21.916,13.21,14.321,-6.495,-3.099,-15.699,22.508,26.356,17.822,20.913,25.579,15.539,25.946,27.941,26.774,19.94,4.791,16.602
"1868-11",-7.504,-11.656,-8.89,14.424,23.327,15.542,23.137,26.633,26.024,23.265,26.613,26.044,NA,15.469,19.762,9.86,3.422,11.715,7.425,17.572,25.239,27.231,26.105,28.242,26.906,16.965,23.716,25.171,-15.838,NA,NA,1.815,17.03,NA,NA,16.235,27.862,27.268,27.189,27.784,21.299,22.826,13.422,15.344,-2.802,-0.044,-22.421,21.23,26.369,18.715,19.342,26.039,16.451,26.617,27.23,26.978,20.705,5.425,16.324
"1868-12",-10.414,-16.368,-14.05,12.837,20.246,12.368,20.944,26.287,25.521,23.812,26.248,25.848,NA,17.15,21.459,11.634,1.846,9.167,0.117,14.965,22.876,28.081,27.045,27.427,26.982,18.306,24.72,25.523,-23.191,NA,NA,-2.684,11.631,NA,NA,13.571,23.282,25.763,26.669,27.707,22.311,24.84,14.671,16.458,0.722,1.97,-27.995,19.766,26.444,19.834,18.084,26.482,17.781,26.105,26.171,26.861,21.795,6.625,16.292
"1869-01",-13.129,-17.17,-19.964,10.326,18.794,11.383,20.11,26.047,24.858,24.765,25.902,25.885,NA,18.468,22.958,12.689,0.783,7.23,-5.968,13.17,22.028,28.411,27.616,26.623,26.844,19.602,25.021,25.681,-23.298,NA,NA,-5.564,9.974,NA,NA,11.865,22.191,24.902,26.407,27.31,23.246,25.36,15.918,18.064,2.823,4.035,-27.483,18.868,26.471,20.848,17.25,26.716,19.087,25.2,25.346,26.908,22.806,7.865,16.551
"1869-02",-14.768,-22.882,-23.842,10.823,18.887,10.401,19.974,26.065,24.505,25.224,26.113,26.397,NA,18.954,23.021,12.984,1.382,7.842,-0.698,11.484,23.203,27.999,27.78,27.495,27.365,20.19,25.045,25.993,-24.507,NA,NA,-5.205,11.39,NA,NA,11.609,25.641,25.649,26.14,26.965,23.363,25.159,16.699,18.405,3.07,4.081,-30.777,18.328,26.66,21.434,16.723,26.955,19.838,25.421,25.676,27.227,23.322,8.356,16.611
"1869-03",-13.026,-17.097,-20.6,11.165,19.53,11.642,20.306,26.508,24.74,25.461,26.42,26.661,NA,18.873,23.345,11.765,2.828,9.358,4.778,13.136,24.64,27.896,28.48,29.441,28.545,20.19,25.368,26.594,-20.47,NA,NA,-5.259,14.586,NA,NA,13.121,28.118,26.323,26.89,27.952,23.98,25.052,16.477,18.004,1.203,2.323,-27.08,18.461,26.853,21.266,16.809,27.215,19.973,26.138,27.063,28.043,23.515,7.987,16.879
"1869-04",-8.785,-12.593,-14.758,11.131,21.921,14.319,20.834,27.519,25.865,24.81,27.42,26.628,NA,18.118,21.961,11.046,1.965,10.51,12.116,15.5,26.815,27.581,28.644,31.08,27.687,19.582,24.967,26.497,-20.606,NA,NA,-2.46,20.332,NA,NA,16.28,34.04,28.106,27.687,28.077,23.829,23.261,16.124,16.482,-1.165,0.301,-23.359,18.945,27.154,20.56,17.299,27.382,19.211,27.721,28.968,28.637,23.168,7.168,16.926
"1869-05",-2.074,-2.453,-3.326,12.128,23.811,17.253,21.912,27.501,26.653,23.625,27.649,26.224,NA,16.753,20.331,8.765,4.372,13.466,20.697,18.486,28.375,26.848,27.913,31.748,27.749,17.776,23.571,25.747,-6.327,NA,NA,2.548,26.474,NA,NA,18.772,39.011,29.703,28.023,27.208,23.167,21.452,15.013,15.483,-3.07,-1.882,-10.314,19.714,27.15,19.469,18.392,26.928,18.241,28.84,30.28,28.586,22.174,6.278,17.188
"1869-06",2.671,3.966,2.86,14.008,26.244,20.742,23.802,28.059,27.413,22.885,27.226,25.816,NA,15.759,18.605,8.097,6.859,16.558,28.397,23.125,30.327,27.386,26.996,35.231,26.814,17.036,22.719,24.438,0.626,NA,NA,6.749,32.584,NA,NA,21.38,44.789,30.24,27.767,25.934,22.05,19.961,14.03,14.316,-5.967,-3.648,-0.931,21.047,27.042,18.421,19.761,26.422,17.201,28.365,30.133,27.97,20.908,5.398,17.328
"1869-07",4.401,5.642,5.309,15.874,27.72,23.252,25.141,27.853,27.679,22.393,27.091,25.465,NA,15.096,17.048,7.519,9.736,18.696,32.845,26.433,30.323,26.912,25.829,33.697,25.677,16.764,22.524,23.621,2.17,NA,NA,11.194,35.36,NA,NA,23.776,45.361,28.481,27.403,25.151,20.981,18.965,13.338,13.427,-7.375,-3.387,0.129,22.166,26.689,17.743,21.328,25.696,15.978,26.662,28.72,27.175,20.097,4.78,17.319
"1869-08",4.581,5.635,5.551,16.123,28.76,23.985,26.355,27.942,27.719,22.088,27.189,24.717,NA,14.448,17.523,7.84,10.754,19.32,31.272,26.728,29.56,26.328,24.165,32.496,25.231,15.955,21.852,23.27,1.65,NA,NA,12.384,34.432,NA,NA,25.129,43.544,27.649,27.299,25.175,19.984,19.127,12.901,12.796,-8.53,-5.2,-0.731,23.042,26.326,17.521,22.261,25.038,15.446,25.895,27.815,26.751,19.465,4.39,17.223
"1869-09",2.565,3.184,3.167,16.171,28.474,22.556,26.205,27.702,27.607,21.635,27.173,24.937,NA,13.927,18.115,8.009,7.776,17.753,24.098,25.021,30.329,26.251,24.534,34.792,25.633,16.233,22.911,24.009,-1.017,NA,NA,10.956,30.731,NA,NA,23.922,42.125,27.863,27.344,25.766,20.27,20.168,13.294,13.505,-8.708,-4.054,-5.387,23.24,25.956,17.366,22.217,25.228,15.379,26.015,28.132,26.794,19.722,4.438,17.034
"1869-10",-2.746,-4.911,-4.497,15.651,27.226,19.99,24.852,27.331,27.329,21.658,27.133,25.491,NA,14.35,18.732,9.215,6.471,15.019,12.966,20.707,28.065,26.228,25.616,31.555,26.285,16.273,23.576,24.597,-8.542,NA,NA,6.721,22.795,NA,NA,20.913,35.652,28.628,27.375,26.743,20.725,21.414,13.293,13.818,-6.128,-2.519,-13.816,22.455,25.739,17.75,21.115,25.662,15.71,26.545,28.697,26.749,20.16,4.806,16.654
"1869-11",-8.867,-11.657,-12.784,13.279,24.395,17.009,23.142,26.677,26.258,22.6,26.58,26.246,NA,15.531,20.111,9.921,4.175,11.942,9.053,17.492,25.423,27.101,26.519,28.841,27.048,17.494,23.751,24.993,-16.884,NA,NA,-0.844,18.112,NA,NA,16.426,29.529,27.891,27.195,27.754,20.924,22.693,14.13,15.272,-2.456,-0.158,-21.511,21.213,25.655,18.489,19.576,26.146,16.629,27.002,27.683,27.05,20.706,5.389,16.312
"1869-12",-10.115,-15.253,-14.538,11.678,20.822,13.863,21.405,26.305,25.554,23.473,25.855,25.982,NA,16.578,21.802,12.003,1.32,10.451,3.399,15.135,21.986,27.921,27.028,27.369,27.263,18.662,25.189,26.304,-18.365,NA,NA,-2.849,12.275,NA,NA,12.494,22.17,25.865,26.829,28.346,22.475,24.299,15.567,16.731,0.457,2.016,-25.053,19.879,25.601,19.543,18.261,26.355,17.857,25.96,26.47,26.912,22.137,6.467,16.312
"1870-01",-14.301,-18.632,-22.67,12.027,19.382,11.871,20.576,25.693,24.298,24.355,25.597,26.195,NA,18.101,23.382,13.424,0.551,9.508,4.137,13.633,21.103,27.957,27.449,26.527,27.144,19.911,25.688,26.81,-25.176,NA,NA,-5.671,11.937,NA,NA,10.837,21.475,24.923,26.18,27.718,24.064,25.586,16.388,17.891,2.619,4.164,-28.882,18.88,25.7,20.607,17.219,26.435,19.476,25.071,25.752,26.691,23.085,7.593,16.345
"1870-02",-14.611,-19.402,-24.599,11.457,19.852,11.482,20.511,25.73,24.315,24.855,25.667,26.126,NA,18.84,23.758,13.41,-0.37,7.659,5.706,13.684,22.962,28.199,27.802,27.028,27.257,20.435,25.328,26.588,-26.151,NA,NA,-5.144,12.908,NA,NA,11.515,24.938,25.393,25.845,26.895,24.46,25.26,16.975,18.154,2.914,4.126,-30.086,18.394,25.832,21.057,16.868,26.896,20.384,25.104,25.932,26.83,23.41,8.162,16.526
"1870-03",-14.147,-17.005,-22.706,11.339,20.896,11.88,20.749,26.51,24.879,25.115,26.105,26.148,NA,18.789,22.447,12.263,1.868,9.471,7.923,13.825,24.141,27.747,27.599,29.477,27.633,19.766,24.697,26.058,-25.078,NA,NA,-2.956,15.328,NA,NA,13.836,28.583,26.215,26.248,26.919,24.253,24.622,17.12,18.41,0.679,2.42,-31.213,18.528,26.314,21.069,16.846,27.048,20.318,25.89,27.137,27.403,23.254,7.793,16.602
"1870-04",-9.456,-9.358,-13.546,11.621,21.686,13.534,21.153,27.042,25.462,24.114,26.706,26.112,NA,17.929,20.932,11.214,2.822,11.515,14.419,15.815,26.839,27.149,28.117,28.376,27.191,19.674,24.033,25.388,-16.878,NA,NA,-1.298,20.13,NA,NA,16.648,34.024,28.048,27.194,27.565,24.388,23.303,15.94,17.253,-1.732,-0.262,-21.806,19.037,26.479,20.591,17.237,26.961,19.37,27.227,28.769,27.868,22.54,7.01,16.853
"1870-05",-2.703,-2.701,-4.965,12.255,23.812,17.353,22.673,27.911,26.149,23.394,26.476,25.707,NA,17.112,20.27,9.437,4.731,13.916,22.499,18.879,28.432,26.253,26.874,32.025,26.928,18.125,22.708,24.398,-7.207,NA,NA,2.785,27.931,NA,NA,19.456,40.016,29.282,27.599,26.699,23.73,21.152,15.062,15.017,-5.24,-2.545,-9.837,19.89,26.531,19.549,18.168,26.48,18.342,28.501,29.35,27.816,21.503,6.033,17.024
"1870-06",2.037,4.474,2.068,13.622,26.604,21.007,23.865,27.179,26.637,22.343,26.198,25.466,NA,15.984,17.974,7.527,7.82,17.258,27.179,22.525,30.536,26.511,26.13,34.657,25.933,16.829,21.658,23.378,0.406,NA,NA,7.941,31.166,NA,NA,22.014,43.391,28.568,27.623,25.903,21.237,20.343,13.948,13.851,-6.099,-2.461,-0.582,20.955,26.392,18.635,19.728,26.044,16.913,26.877,28.539,27.059,20.059,5.351,17.127
"1870-07",3.943,6.389,5.87,15.098,27.504,23.486,24.639,27.082,27.095,21.652,26.692,24.829,NA,15.205,17.743,7.046,10.908,20.32,31.644,26.871,29.947,26.26,24.435,31.236,25.023,16.084,21.553,22.835,1.922,NA,NA,12.216,34.434,NA,NA,24.42,43.992,27.537,27.385,25.564,20.515,18.614,12.893,13.126,-9.414,-2.94,0.088,22.044,26.043,17.968,21.11,25.203,15.999,25.646,27.583,26.237,19.434,4.803,17.123
"1870-08",4.585,5.761,5.87,16.29,28.069,23.8,25.13,27.121,27.434,21.286,27.114,24.704,NA,14.43,17.372,7.031,11.652,20.631,31.783,27.239,29.248,25.775,23.979,31.396,24.513,15.937,21.937,22.819,1.116,NA,NA,13.056,34.981,NA,NA,25.372,42.078,27.233,27.262,25.789,20.052,19.338,12.753,12.644,-9.313,-3.364,-0.822,22.896,25.64,17.575,22.132,24.715,15.281,25.252,27.539,25.974,19.332,4.334,17.079
"1870-09",1.92,1.724,2.717,16.216,28.142,22.654,25.433,27.076,27.36,21.186,26.91,24.83,NA,14.012,17.424,7.486,9.523,17.395,25.607,24.858,30.038,25.679,24.671,32.889,24.669,15.958,22.164,22.932,-1.769,NA,NA,11.49,30.814,NA,NA,24.076,40.734,27.311,27.356,26.519,19.861,20.692,12.971,13.336,-7.442,-2.731,-6.528,22.954,25.348,17.659,22.042,24.922,15.027,25.199,27.712,25.971,19.206,4.389,16.879
"1870-10",-3.992,-6.405,-5.162,14.975,27.28,20.328,24.604,26.982,26.854,21.444,26.758,25.42,NA,14.53,18.327,8.7,7.317,14.939,14.112,21,28.58,25.948,25.835,30.562,25.579,16.651,22.965,23.657,-12.157,NA,NA,6.442,23.002,NA,NA,21.446,35.778,27.549,27.233,27.447,20.813,22.353,13.317,14.025,-5.23,-1.814,-19.452,22.275,25.149,17.984,21.018,25.325,15.49,25.622,27.798,26.417,19.734,4.777,16.438
"1870-11",-8.24,-12.907,-11.101,12.894,23.238,16.829,22.68,26.161,26.032,22.026,26.017,26.175,NA,15.432,20.541,10.14,4.109,11.917,5.976,17.414,25.589,26.784,26.79,28.269,26.678,17.977,23.671,24.564,-18.642,NA,NA,1.453,16.733,NA,NA,17.402,28.528,27.247,26.917,27.366,21.666,22.604,13.867,14.562,-2.827,0.104,-23.078,21.022,25.306,18.717,19.53,25.866,16.752,26.381,27.127,26.571,20.341,5.434,16.191
"1870-12",-9.923,-20.309,-15.178,12.343,20.511,14.426,21.476,25.415,24.978,23.135,25.423,26.049,NA,16.693,22.154,11.223,1.219,9.413,5.247,14.738,22.829,27.463,26.906,26.51,26.916,19.479,24.794,25.306,-23.411,NA,NA,-0.69,14.173,NA,NA,12.523,23.457,25.242,26.231,27.739,23.161,24.017,15.109,16.221,0.547,2.122,-28.785,19.692,25.454,19.737,18.211,26.066,18.116,25.321,25.761,26.278,21.46,6.625,16.121
"1871-01",-11.645,-22.795,-21.499,11.317,19.843,11.142,21.246,24.836,23.957,23.868,25.395,25.991,NA,17.715,23.121,12.757,0.903,8.719,3.775,13.899,22.077,27.59,27.408,26.091,26.439,20.326,25.526,26.183,-24.984,NA,NA,-0.697,12.279,NA,NA,10.548,22.924,24.75,25.761,27.499,24.124,24.991,16.678,17.959,2.764,4.355,-28.138,18.702,25.696,20.531,17.184,26.373,19.423,24.707,24.895,26.22,22.709,7.827,16.36
"1871-02",-11.825,-17.298,-20.944,11.543,19.835,11.11,20.85,25.105,24.103,24.528,25.333,25.722,NA,18.506,23.679,13.282,0.495,7.865,1.28,12.951,22.029,27.508,27.668,27.249,26.599,20.747,25.51,26.225,-24.485,NA,NA,-5.519,10.335,NA,NA,10.191,23.647,25.008,25.797,27,24.248,24.97,17.652,18.5,3.053,4.323,-24.387,18.325,25.851,21.149,16.671,26.674,20.234,25.071,25.503,26.659,23.219,8.275,16.63
"1871-03",-9.887,-14.24,-16.69,10.933,20.487,12.43,20.959,26.085,24.667,25.279,25.767,25.693,NA,18.662,23.743,12.384,0.362,8.764,4.987,13.676,23.575,27.128,28.058,28.534,27.453,21.117,25.262,26.194,-24.938,NA,NA,-3.22,13.126,NA,NA,12.168,27.79,26.217,26.07,26.988,24.201,24.339,17.418,18.315,0.823,3.097,-27.357,18.404,26.187,21.027,16.781,26.826,20.328,26.11,27.129,27.381,23.101,7.972,16.694
"1871-04",-11.21,-11.72,-14.856,10.786,22.556,14.048,21.717,27.067,25.439,24.746,26.252,25.767,NA,17.703,21.819,9.944,2.353,10.492,14.745,15.396,26.586,26.689,28.371,30.173,27.494,20.176,24.711,25.646,-17.689,NA,NA,0.002,20.984,NA,NA,15.673,34.114,27.533,26.829,27.347,24.183,22.717,16.834,16.207,-2.226,0.604,-22.779,18.937,26.593,20.405,17.19,26.932,19.466,27.274,28.285,27.614,22.861,7.131,16.769
"1871-05",-2.727,-2.229,-5.378,12.379,24.296,17.308,22.869,27.071,26.16,23.45,26.739,25.498,NA,16.746,19.445,8.912,3.775,13.201,22.207,18.634,27.617,26.695,27.861,33.265,26.857,19.25,23.602,24.799,-7.469,NA,NA,4.337,27.405,NA,NA,18.34,38.768,28.914,27.3,26.748,23.407,21.312,15.667,15.498,-5.181,-0.72,-10.122,19.864,26.63,19.375,18.257,26.651,18.152,28.171,28.802,27.5,21.693,6.261,17.018
"1871-06",2.164,4.411,1.581,14.031,26.493,19.824,24.272,27.6,26.732,23.033,26.374,25.317,NA,16.183,18.585,8.153,7.91,16.356,29.608,22.397,30.212,26.421,27.358,33.843,26.077,17.726,22.271,23.418,-0.097,NA,NA,9.112,32.187,NA,NA,21.124,43.686,29.116,27.357,25.442,22.089,19.06,14.492,13.98,-5.847,-2.875,-0.651,21.136,26.526,18.54,19.645,26.114,16.982,27.371,28.597,27.003,20.45,5.329,17.185
"1871-07",4.067,6.55,4.561,15.886,28.041,22.678,25.015,27.394,27.156,22.107,26.613,24.692,NA,14.948,17.567,7.651,9.157,18.552,32.114,25.938,30.711,26.344,25.487,33.887,25.061,16.608,21.452,22.824,1.947,NA,NA,12.31,34.596,NA,NA,23.669,44.449,27.791,26.982,25.19,20.629,18.597,13.661,13.201,-7.306,-4.089,0.132,22.154,26.129,17.76,21.162,25.463,15.812,26.034,27.888,26.707,19.718,4.745,17.131
"1871-08",4.1,5.422,4.817,16.99,28.127,23.359,25.568,27.607,27.526,21.712,26.714,24.83,NA,14.499,17.252,6.29,10.26,19.736,29.085,27.07,30.537,26.159,23.789,31.433,25.114,16.197,21.648,22.757,1.548,NA,NA,13.263,32.956,NA,NA,25.165,42.92,27.079,26.839,25.136,20.441,19.067,13.185,12.457,-6.832,-3.251,-0.809,23.096,25.869,17.409,22.096,25.08,15.231,25.607,27.058,26.436,19.349,4.254,17.122
"1871-09",0.316,2.72,0.735,16.988,28.227,22.257,25.373,27.585,27.564,21.497,26.915,24.75,NA,14.251,18.589,7.542,9.081,17.62,22.871,23.687,29.88,26.011,23.401,34.026,25.463,15.683,22.303,23.224,-2.488,NA,NA,11.26,29.652,NA,NA,24.287,41.268,27.286,26.942,25.664,20.115,19.628,13.136,12.805,-7.14,-4.53,-7.662,23.302,25.723,17.429,21.906,24.938,15.264,25.755,27.454,26.569,19.207,4.324,16.856
"1871-10",-4.731,-4.194,-6.552,16.326,26.467,19.559,24.319,26.826,27.2,21.566,27.044,25.453,NA,14.581,19.273,8.47,5.273,14.368,15.051,20.166,28.79,26.09,24.313,31.076,26.581,16.515,23.199,23.939,-7.949,NA,NA,6.146,24.204,NA,NA,20.688,35.879,28.155,27.014,26.706,20.407,21.366,13.287,14.098,-4.867,-2.255,-16.352,22.49,25.613,17.687,20.895,25.491,15.511,26.553,28.179,26.988,19.751,4.785,16.499
"1871-11",-11.332,-10.556,-13.733,14.052,24.738,16.971,23.021,26.938,26.815,22.065,26.797,26.1,NA,15.321,20.603,9.648,3.089,11.744,7.983,17.104,24.703,27.121,25.795,29.166,27.374,17.724,23.95,24.981,-13.926,NA,NA,0.376,17.168,NA,NA,15.924,27.623,27.478,27.001,27.555,21.104,23.085,13.732,15.209,-1.814,-0.723,-21.259,21.132,25.504,18.557,19.378,26.1,16.66,26.854,27.22,27.115,20.468,5.378,16.243
"1871-12",-13.673,-13.996,-21.004,11.734,21.876,14.007,21.164,26.454,25.669,23.047,25.686,26.076,NA,16.664,21.794,11.681,2.366,10.375,5.057,14.698,21.951,27.641,26.61,27.127,27.308,18.8,24.734,25.661,-21.709,NA,NA,-2.276,12.994,NA,NA,12.736,22.168,25.546,26.452,27.369,21.605,24.464,15.007,16.55,1,1.83,-27.08,19.847,25.581,19.679,18.177,26.167,17.917,25.798,26.316,26.877,21.731,6.593,16.198
"1872-01",-15.876,-19.718,-25.041,10.514,21.439,12.625,20.653,25.876,24.815,23.863,25.355,26.121,NA,18.315,23.412,12.934,1.039,7.279,-4.532,12.153,21.001,27.51,26.731,26.612,26.816,20.391,25.514,25.768,-27.219,NA,NA,-5.565,9.361,NA,NA,12.43,21.637,24.849,26.28,27.856,23.315,25.448,16.232,17.247,3.275,3.719,-29.466,18.852,25.655,20.812,17.151,26.122,19.324,25.191,25.513,26.683,22.97,7.894,16.381
"1872-02",-15.071,-19.612,-23.63,7.84,21.533,12.123,20.517,26.227,24.818,24.844,25.473,26.151,NA,19.112,23.296,13.573,0.894,8.005,-3.148,11.849,21.921,27.828,27.482,27.422,26.828,20.689,25.387,26.136,-26.631,NA,NA,-4.846,9.578,NA,NA,11.323,23.74,25.328,26.197,27.291,23.298,25.27,16.776,17.549,3.64,4.145,-27.387,18.445,26.024,21.599,16.861,26.635,19.998,25.13,25.532,26.917,23.363,8.557,16.674
"1872-03",-16.834,-19.097,-24.325,9.828,21.319,11.69,21.184,26.611,24.8,25.401,25.922,26.313,NA,19.208,22.911,12.924,0.808,8.587,3.265,13.541,23.84,27.924,27.901,28.042,27.367,20.958,25.536,26.156,-24.776,NA,NA,-3.281,12.858,NA,NA,13.487,27.633,26.373,26.446,26.907,23.37,23.801,16.68,16.833,0.768,2.863,-30.004,18.541,26.311,21.479,16.613,26.917,20.091,26.077,26.955,27.401,23.443,8.268,16.685
"1872-04",-9.556,-14.911,-16.482,10.758,22.495,13.832,21.608,27.228,25.444,24.643,26.337,26.161,NA,18.643,22.105,10.838,1.165,10.766,10.791,15.848,25.862,26.716,27.713,28.586,27.676,20.298,24.898,25.822,-19.015,NA,NA,-0.6,18.453,NA,NA,16.683,32.589,27.842,27.154,27.618,23.857,22.62,16.067,16.166,-1.516,0.15,-23.28,19.126,26.559,20.696,17.211,26.906,19.389,27.318,28.617,28.1,22.948,7.214,16.861
"1872-05",-3.967,-5.124,-6.155,11.739,24.48,17.116,22.741,27.629,26.294,23.642,26.615,25.902,NA,17.396,19.483,9.94,3.438,13.494,17.596,19.355,27.635,26.715,27.522,34.008,27.348,18.762,23.401,24.962,-9.127,NA,NA,3.303,24.344,NA,NA,19.227,38.875,29.454,27.585,26.572,23.225,21.013,15.207,14.646,-3.412,-1.966,-14.086,20.106,26.845,19.633,18.214,26.714,18.181,28.411,29.628,27.765,21.928,6.239,17.075
"1872-06",1.854,3.618,1.615,13.1,26.94,20.116,24.253,27.926,26.878,22.94,26.308,25.514,NA,16.365,18.551,8.849,7.496,17.075,25.319,23.033,29.524,26.474,26.473,34.219,26.438,17.436,22.522,24.019,0.34,NA,NA,8.1,30.365,NA,NA,21.651,43.762,29.086,27.618,25.88,21.487,18.895,13.383,13.014,-6.181,-2.847,-0.86,21.226,26.722,18.711,19.512,26.186,17,27.403,28.711,27.278,20.855,5.467,17.287
"1872-07",4.196,5.931,5.031,14.532,27.754,22.928,25.082,27.475,27.104,22.648,26.338,25.204,NA,16.078,18.337,7.703,11.459,19.135,30.465,26.124,29.899,26.406,24.724,31.705,25.601,16.105,21.538,23.268,1.884,NA,NA,11.97,32.851,NA,NA,23.771,44.159,27.689,27.302,25.427,20.375,18.376,13.061,12.413,-7.274,-3.863,0.281,22.348,26.463,17.947,20.873,25.383,16.179,26.165,27.674,26.848,19.724,4.717,17.233
"1872-08",3.606,5.555,4.945,15.555,28.294,24.014,25.732,27.604,27.359,22.329,26.528,24.963,NA,14.949,17.605,7.221,10.949,19.723,30.356,26.78,30.596,26.189,23.267,32.692,25.327,15.61,21.612,22.954,0.708,NA,NA,13.381,34.139,NA,NA,25.237,43.883,27.187,27.081,25.791,20.103,19.104,12.489,12.444,-7.399,-5.408,-0.914,23.217,26.178,17.658,21.92,24.837,15.402,25.498,27.377,26.446,19.364,4.546,17.176
"1872-09",0.714,0.881,0.334,16.425,28.183,22.768,25.569,26.953,27.225,21.803,26.795,25.088,NA,14.358,17.974,7.78,9.225,18.184,22.499,24.254,30.837,26.087,23.731,34.015,25.514,15.755,22.433,23.312,-1.401,NA,NA,11.109,29.967,NA,NA,24.778,41.301,27.215,27.239,26.426,19.776,20.396,12.879,12.905,-7.845,-2.54,-7.45,23.262,25.872,17.551,22.143,24.976,15.335,25.559,27.313,26.494,19.36,4.434,16.951
"1872-10",-4.593,-7.336,-6.67,16.13,26.313,19.679,24.502,26.834,26.792,21.745,26.703,25.648,NA,14.589,18.869,8.44,7.083,14.846,14.118,20.571,28.409,26.248,24.628,30.791,26.27,15.592,23.018,24.192,-6.888,NA,NA,5.507,23.695,NA,NA,21.65,35.554,27.763,27.329,27.407,20.393,21.531,13.555,13.67,-5.19,-3.521,-14.83,22.563,25.767,17.883,21.027,25.476,15.716,26.046,27.774,26.727,19.89,4.671,16.593
"1872-11",-7.188,-7.822,-7.239,14.312,24.181,16.374,23.136,26.542,26.431,22.431,26.393,26.12,NA,15.372,20.098,10.011,1.931,11.87,9.75,18.186,25.351,27.1,25.785,27.92,27.001,16.702,23.488,24.991,-19.405,NA,NA,-0.773,18.039,NA,NA,16.472,28.653,26.987,26.949,27.845,21.429,22.727,13.894,15.047,-2.605,-0.446,-21.027,21.198,25.928,18.577,19.742,25.839,16.566,26.148,26.886,26.705,20.605,5.444,16.284
"1872-12",-11.048,-17.668,-16.119,12.244,21.61,14.061,21.773,26.216,25.37,23.657,25.746,26.165,NA,16.749,21.822,11.336,1.996,9.848,3.958,14.634,22.315,27.491,26.343,26.463,27.077,18.226,24.487,25.693,-23.767,NA,NA,-2.313,13.398,NA,NA,13.335,22.381,25.443,26.361,27.795,22.408,24.124,15.174,16.971,0.484,1.654,-28.444,19.922,26.087,19.599,18.242,25.998,17.884,25.561,25.75,26.562,21.861,6.512,16.199
"1873-01",-15.254,-17.98,-22.12,10.412,19.292,11.63,20.238,25.507,24.463,24.185,25.583,26.148,NA,18.037,23.085,12.579,2.184,8.975,-0.009,13.137,22.648,27.686,26.792,25.972,27.002,19.787,25.232,26.318,-29.083,NA,NA,-5.058,11.46,NA,NA,12.433,22.969,24.663,26.069,27.443,22.785,25.202,16.511,17.958,2.704,3.945,-31.695,18.863,26.183,20.579,17.245,26.298,19.184,24.864,25.329,26.54,22.95,7.73,16.286
"1873-02",-13.998,-16.371,-22.838,10.74,18.419,9.684,20.101,25.602,24.091,24.762,25.558,25.888,NA,18.625,23.392,12.779,0.579,7.523,-1.394,11.583,22.757,27.831,27.113,27.121,27.197,20.28,25.005,26.188,-23.625,NA,NA,-4.532,11.26,NA,NA,12.502,24.497,25.177,26.052,26.94,23.354,24.994,16.868,18.188,3.089,4.289,-27.425,18.555,26.296,21.163,16.576,26.507,20.054,24.912,25.68,26.951,23.293,8.312,16.589
"1873-03",-12.481,-16.913,-20.854,11.427,19.005,11.101,20.388,25.878,24.342,24.88,26.47,26.301,NA,18.835,22.473,12.49,1.863,8.557,0.707,13.686,25.237,27.79,27.448,28.915,27.961,20.169,25.487,26.792,-24.451,NA,NA,-5.741,13.581,NA,NA,13.704,29.91,26.614,26.575,27.407,23.364,24.408,16.63,17.968,1.104,2.568,-26.843,18.401,26.653,21.005,16.689,26.986,20.004,26.066,27.073,27.783,23.557,7.989,16.729
"1873-04",-10.748,-13.396,-13.471,11.546,21.16,14.107,21.565,26.965,25.558,24.629,27.174,26.133,NA,18.244,21.381,11.128,2.467,11.203,10.186,15.072,27.305,27.443,27.993,31.047,27.7,19.893,24.44,25.803,-21.082,NA,NA,-0.223,19.627,NA,NA,16.854,35.5,28.333,27.285,27.721,23.009,22.806,15.75,17.083,-1.922,0.471,-23.223,18.996,26.921,20.396,17.405,27.075,19.258,27.587,28.683,28.163,22.917,7.012,16.834
"1873-05",-2.862,-5.314,-6.333,13.272,23.788,16.903,22.633,27.357,26.172,24.113,27.254,26.067,NA,17.263,19.697,9.661,4.307,13.522,19.608,17.947,27.997,27.142,26.979,33.256,27.333,18.827,23.674,25.254,-7.74,NA,NA,3.396,25.87,NA,NA,18.872,39.179,29.413,27.601,26.674,23.01,21.301,15.044,15.399,-4.609,-0.621,-12.209,19.937,27.03,19.417,18.272,26.855,18.17,28.483,29.747,28.179,22.079,6.139,17.076
"1873-06",2.351,3.603,1.675,14.511,25.922,20.086,24.447,27.594,26.859,23.499,27.082,26.012,NA,15.749,18.123,8.177,7.354,15.783,26.121,22.326,30.146,26.942,25.854,33.602,26.75,17.861,22.345,23.723,0.304,NA,NA,8.26,31.405,NA,NA,21.518,44.488,29.372,27.641,25.666,21.451,19.339,13.971,14.303,-7.546,-2.104,-1.201,21.233,26.96,18.415,19.499,26.329,16.857,27.804,29.434,27.513,20.91,5.384,17.266
"1873-07",4.597,5.683,4.882,16.181,27.757,22.944,25.692,27.872,27.479,23.065,26.938,25.768,NA,14.984,16.933,7.705,9.825,18.152,30.062,26.263,30.417,26.623,24.364,33.592,25.492,17.072,21.834,22.832,1.939,NA,NA,11.195,33.511,NA,NA,23.497,44.782,27.9,27.271,25.263,20.155,19.147,13.346,13.525,-8.141,-2.093,0.249,22.499,26.676,17.753,20.894,25.573,15.854,26.105,28.354,26.761,19.954,4.74,17.257
"1873-08",4.804,5.229,5.383,17.146,27.877,23.642,25.969,27.74,27.65,22.704,26.97,25.441,NA,14.668,17.637,7.83,10.911,19.466,29.105,27.27,29.427,26.08,23.75,32,25.303,16.46,22.365,22.974,0.757,NA,NA,13.271,33.415,NA,NA,25.175,43.241,27.353,27.1,25.213,19.926,19.759,13.167,13.471,-9.129,-3.243,-0.881,23.348,26.421,17.351,21.859,25.023,15.244,25.672,27.717,26.478,19.69,4.253,17.191
"1873-09",1.906,2.599,2.276,17.043,27.881,22.388,25.473,27.3,27.537,22.414,27.293,25.316,NA,14.181,18.077,7.764,9.748,17.481,23.546,24.122,30.294,25.946,24.065,34.498,25.617,15.816,22.555,23.52,-3.242,NA,NA,11.932,30.893,NA,NA,24.111,41.801,27.719,27.332,25.852,19.998,20.742,13.148,13.889,-8.276,-5.309,-7.724,23.314,26.394,17.371,21.834,25.028,15.303,25.819,28.201,26.601,19.6,4.332,16.935
"1873-10",-3.654,-5.101,-4.43,15.459,26.126,19.908,24.432,27.577,27.332,22.56,27.448,25.651,NA,14.432,18.659,8.919,5.76,14.811,13.141,20.707,28.675,26.193,25.353,32.17,26.246,16.311,23.165,24.203,-9.901,NA,NA,6.833,23.39,NA,NA,21.425,36.901,27.982,27.464,26.895,20.3,21.808,13.26,14.419,-5.946,-3.853,-17.4,22.705,26.39,17.757,20.801,25.604,15.556,26.292,27.753,26.722,19.884,4.556,16.551
"1873-11",-8.516,-13.296,-11.385,13.754,23.411,16.706,22.993,26.821,26.504,23.183,26.828,26.278,NA,15.771,19.928,9.81,3.31,11.906,6.156,17.565,24.841,27.486,26.48,28.682,26.907,17.61,23.716,24.786,-19.947,NA,NA,-1.031,16.751,NA,NA,17.621,29.008,27.89,27.44,28.135,20.575,22.508,14.233,15.358,-2.496,0.174,-23.333,21.438,26.457,18.587,19.223,26.092,16.333,26.849,27.837,26.863,20.616,5.313,16.301
"1873-12",-13.349,-14.603,-17.111,10.899,22.026,13.758,21.452,26.639,25.883,23.655,26.069,26.59,NA,17.007,21.689,11.599,2.829,9.977,2.001,14.71,22.297,27.842,26.983,27.467,27.139,18.401,24.607,25.71,-22.315,NA,NA,-5.584,13.002,NA,NA,13.221,23.732,26.478,26.991,27.723,21.11,24.382,15.242,17.398,0.671,1.843,-26.877,20.04,26.519,19.688,17.879,26.443,17.699,26.184,26.804,26.85,21.74,6.413,16.28
"1874-01",-11.484,-16.961,-21.062,11.171,18.992,10.476,20.168,25.994,24.919,24.511,25.801,26.418,NA,18.264,22.656,12.949,0.428,8.944,-5.039,13.778,22.101,27.955,27.301,27.02,27.212,20.003,25.705,26.85,-29.542,NA,NA,-6.195,10.422,NA,NA,12.055,22.926,25.623,26.292,26.945,22.241,25.491,15.957,18.902,3.273,3.597,-30.335,19.01,26.506,20.805,16.959,26.632,18.958,25.657,25.97,26.74,23.046,7.707,16.427
"1874-02",-14.544,-20.054,-21.213,9.427,18.904,10.811,20.224,26.311,24.708,24.813,26.263,26.77,NA,18.758,23.92,13.539,-1.234,7.889,2.025,12.982,23.556,28.219,27.979,27.572,27.807,21.211,25.741,26.393,-29.371,NA,NA,-4.893,13.222,NA,NA,12.809,26.218,25.871,26.254,26.923,23.208,25.31,17.007,19.067,3.047,3.521,-32.077,18.495,26.615,21.366,16.481,26.941,20.029,25.488,26.247,27.206,23.542,8.247,16.619
"1874-03",-13.817,-19.235,-19.448,10.24,20.219,11.991,20.887,26.824,25.309,24.929,26.873,26.794,NA,18.866,23.027,12.866,-1.262,9.084,5.057,14.24,24.959,28.481,28.689,28.488,27.949,20.403,25.825,26.992,-25.407,NA,NA,-6.258,14.921,NA,NA,14.548,29.322,26.954,26.625,27.552,23.906,23.912,17.127,18.316,0.933,1.802,-30.659,18.689,26.798,21.214,16.72,27.596,20.189,26.419,27.108,27.733,23.747,7.905,16.756
"1874-04",-8.519,-8.154,-12.009,10.498,21.931,14.679,21.065,27.722,26.099,24.855,27.355,26.668,NA,17.952,20.826,11.128,2.318,11.131,12.599,15.699,26.997,27.99,29.03,29.672,27.706,19.841,25.247,26.703,-15.802,NA,NA,-3.219,20.377,NA,NA,17.127,35.783,28.464,27.457,27.565,24.544,22.683,16.183,17.037,-1.681,0.114,-19.852,19.128,27.041,20.542,17.297,27.52,19.245,27.718,28.822,28.465,23.269,7.051,17.017
"1874-05",-2.374,-3.745,-5.104,12.112,23.86,17.235,22.035,27.698,26.846,24.289,26.963,26.024,NA,17.323,19.514,9.76,3.987,13.641,20.926,18.813,28.273,27.104,27.869,33.381,27.569,18.155,24.029,25.857,-7.611,NA,NA,2.476,26.393,NA,NA,19.914,40.208,29.798,27.848,26.689,23.769,20.996,15.141,15.649,-4.026,-2.714,-11.094,19.876,27.057,19.569,18.23,27.025,18.131,28.86,30.07,28.337,22.251,6.074,17.139
"1874-06",2.456,4.007,2.43,13.675,26.902,20.29,24.066,28.186,27.7,22.993,27.418,26.056,NA,15.987,18.29,7.869,7.63,15.901,27.94,22.235,30.759,27.146,26.616,35.779,26.448,17.075,22.204,24.214,0.385,NA,NA,7.138,32.256,NA,NA,21.583,44.534,29.984,27.661,25.937,21.876,20.152,13.73,14.727,-6.841,-3.11,-0.329,21.124,26.846,18.685,19.756,26.483,16.92,27.732,29.424,27.679,20.805,5.216,17.269
"1874-07",3.974,6.117,5.344,14.994,27.526,23.072,24.741,27.853,27.863,22.14,27.198,25.789,NA,14.726,16.544,7.483,10.446,19.101,31.328,25.916,31.012,26.739,24.558,33.691,25.555,16.621,22.475,23.673,1.633,NA,NA,11.093,34.729,NA,NA,23.914,45.266,28.342,27.152,25.473,21.072,19.265,13.237,13.469,-7.631,-3.77,0.133,22.204,26.307,17.864,21.244,25.659,15.873,26.295,28.421,26.86,20.159,4.675,17.202
"1874-08",4.191,6.295,5.158,16.108,28.424,23.428,25.505,27.878,27.95,21.881,27.447,25.395,NA,14.545,17.64,7.863,11.694,19.755,31.189,27.037,29.84,26.285,24.031,34.137,25.331,16.318,22.691,23.596,1.608,NA,NA,12.056,34.505,NA,NA,25.1,43.41,27.672,27.168,25.259,19.814,19.979,12.713,13.514,-8.421,-4.713,-1.023,22.996,25.985,17.481,22.058,25.247,15.425,25.84,27.798,26.703,19.684,4.13,17.156
"1874-09",1.893,3.861,3.398,16.773,27.92,22.65,25.378,27.544,27.778,21.68,27.564,25.599,NA,13.971,17.618,7.757,10.031,17.39,24.455,23.737,30.483,26.168,24.442,35.061,25.456,16.085,23.188,24.064,-0.892,NA,NA,11.369,31.153,NA,NA,24.6,41.829,28.081,27.403,26.154,20.227,20.159,12.88,13.466,-9.156,-3.238,-5.707,23.095,25.732,17.496,21.865,25.408,15.279,25.915,28.196,26.715,19.595,4.268,16.959
"1874-10",-2.953,-5.586,-3.297,14.951,26.53,20.695,23.983,27.233,27.46,21.801,27.461,26.106,NA,14.462,18.911,8.943,6.187,14.943,14.291,19.625,28.835,26.482,25.221,31.685,26.32,16.632,23.591,24.97,-8.634,NA,NA,6.396,23.241,NA,NA,21.156,35.924,28.158,27.248,26.945,21.103,21.264,13.236,13.603,-6.404,-2,-16.165,22.345,25.622,17.872,20.973,25.751,15.708,26.429,28.033,26.899,20.091,4.63,16.548
"1874-11",-8.594,-11.863,-9.553,12.609,23.163,16.538,21.949,26.676,26.85,22.503,26.614,26.587,NA,15.594,20.725,10.205,3.334,11.264,8.275,16.037,25.098,27.554,26.189,28.663,26.839,17.297,24.224,25.521,-17.436,NA,NA,0.261,17.532,NA,NA,17.375,27.665,27.464,27.117,27.655,21.445,22.599,14.28,14.633,-2.604,-0.094,-23.802,21.034,25.506,18.517,19.599,26.149,16.69,26.789,27.066,26.986,20.806,5.295,16.219
"1874-12",-9.825,-14.121,-13.152,11.377,19.362,11.718,20.207,25.918,25.634,23.53,26.143,25.86,NA,16.894,21.844,11.254,1.87,8.435,0.547,13.276,22.6,27.64,26.729,26.949,27.268,18.509,25.337,26.495,-23.746,NA,NA,-3.378,13.016,NA,NA,13.467,23.631,26.014,26.542,27.468,22.282,23.99,15.608,15.902,0.541,2.225,-29.459,19.815,25.579,19.606,18.043,26.231,17.94,26.074,25.952,26.701,21.994,6.526,16.125
"1875-01",-14.326,-20.213,-21.612,10.552,18.336,10.695,20.048,25.442,24.551,24.212,25.615,26.006,NA,18.207,23.371,12.794,0.264,7.9,2.426,12.69,20.851,27.645,27.135,26.128,26.744,20.122,25.01,25.838,-23.61,NA,NA,-4.867,10.535,NA,NA,12.258,20.129,24.465,26.215,27.355,24.187,24.812,16.318,17.58,2.81,4.101,-28.76,19.017,25.659,20.657,16.725,26.366,19.136,24.959,24.97,26.516,22.691,7.673,16.306
"1875-02",-13.331,-17.467,-24.295,9.839,19.993,11.505,20.585,25.934,24.836,24.778,25.56,26.274,NA,18.902,23.284,12.945,0.614,6.921,3.797,12.082,23.198,27.61,27.575,26.403,26.822,20.631,25.416,26.374,-23.945,NA,NA,-4.043,13.307,NA,NA,11.827,26.439,25.334,25.886,27.214,24.141,25.12,16.921,18.315,3.037,4.587,-27.268,18.541,25.872,21.293,16.47,26.641,19.827,25.061,25.278,26.734,23.539,8.237,16.611
"1875-03",-15.494,-21.443,-21.139,10.354,19.881,11.984,20.636,26.572,24.624,25.339,25.842,26.155,NA,18.969,22.892,12.761,1.14,7.665,3.706,13.117,25.435,27.55,27.952,27.58,27.509,20.791,25.24,26.302,-21.935,NA,NA,-2.845,12.711,NA,NA,12.825,29.566,26.477,26.36,27.462,25.443,23.624,16.586,17.676,0.824,2.489,-28.379,18.577,26.156,21.192,16.469,26.942,19.971,26.218,26.745,27.516,23.515,7.916,16.675
"1875-04",-10.553,-12.416,-15.327,10.469,21.96,14.412,21.46,27.227,25.781,24.402,26.827,26.18,NA,18.497,21.354,11.28,1.802,10.469,12.383,14.863,26.085,27.605,28.256,28.381,27.554,19.657,24.756,25.964,-19.209,NA,NA,-1.174,19.647,NA,NA,15.486,33.583,27.668,27.034,27.555,24.953,22.614,15.922,16.5,-2.543,1.203,-24.633,19.027,26.425,20.482,17.035,27.118,19.263,27.594,28.338,28.012,23.031,7.133,16.761
"1875-05",-3.261,-4.927,-5.986,11.474,24.518,17.132,22.5,27.135,26.529,23.386,27.103,25.982,NA,17.432,19.245,9.784,5.135,13.79,20.291,18.382,28.496,27.661,28.256,32.369,26.932,19.257,23.331,24.393,-10.28,NA,NA,3.338,24.691,NA,NA,19.381,39.554,29.061,27.224,26.499,24.1,20.875,15.077,15.123,-6.038,-0.431,-11.769,19.771,26.486,19.467,18.024,26.955,18.097,28.211,29.546,27.859,21.692,6.088,16.945
"1875-06",2.185,2.948,1.139,13.046,26.63,20.401,23.696,27.075,27.075,22.284,26.945,25.683,NA,15.712,17.769,8.483,8.463,17.055,25.498,22.885,30.893,27.132,27.375,34.656,25.813,18.299,22.497,23.417,-0.712,NA,NA,7.409,30.706,NA,NA,21.737,44.282,29.109,27.292,26.013,22.327,19.443,13.944,14.229,-7.421,-2.698,-2.012,20.917,26.319,18.531,19.519,26.44,16.999,27.075,29.144,27.215,20.59,5.186,17.15
"1875-07",4.189,5.89,4.779,14.598,28.157,22.789,24.62,27.325,27.752,21.444,27.058,25.231,NA,14.666,17.372,7.527,11.212,19.255,30.793,26.256,31.014,26.581,24.924,32.704,24.939,16.826,21.389,22.822,1.295,NA,NA,11.813,33.82,NA,NA,23.629,44.922,27.862,27.084,25.137,21.594,18.482,13.574,13.338,-8.861,-3.548,0.245,21.978,26.011,17.904,21.222,25.792,15.899,26.011,28.194,26.693,19.624,4.501,17.131
"1875-08",4.272,4.475,4.948,15.829,28.902,23.668,25.4,27.311,27.843,21.124,27.37,25.112,NA,14.265,17.614,7.634,11.997,19.852,27.869,27.204,30.581,26.184,23.44,33.491,24.653,16.232,21.729,22.844,0.778,NA,NA,13.059,32.941,NA,NA,25.38,43.594,27.471,27.202,25.422,20.89,18.954,13.06,13.095,-8.922,-5.825,-0.724,22.831,25.565,17.594,22.07,25.189,15.303,25.51,27.966,26.475,19.276,4.173,17.059
"1875-09",1.484,0.489,1.905,16.066,28.666,22.452,25.436,26.944,27.715,21.434,27.484,25.342,NA,13.936,17.91,8.025,8.336,17.204,20.862,23.849,30.689,26.317,23.675,33.897,25.053,16.181,22.685,23.372,-2.718,NA,NA,11.304,28.475,NA,NA,24.972,41.616,27.386,27.344,26.298,20.645,19.933,13.071,13.142,-7.848,-4.425,-6.81,22.998,25.375,17.569,22.118,25.354,15.113,25.536,27.883,26.626,19.398,4.264,16.892
"1875-10",-3.636,-5.799,-2.303,15.4,26.506,19.235,24.315,26.677,27.322,21.649,27.612,25.728,NA,14.153,18.977,8.789,5.488,14.399,14.768,20.386,28.935,26.46,25.092,31.262,26.061,16.39,23.277,24.225,-11.388,NA,NA,5.14,22.424,NA,NA,21.975,36.082,27.849,27.323,27.296,21.484,21.442,13.402,13.635,-6.066,-2.195,-16.907,22.344,25.183,17.886,20.998,25.916,15.491,25.995,27.971,26.842,19.944,4.485,16.467
"1875-11",-9.109,-15.142,-12.184,13.641,23.938,16.488,23.008,26.471,26.486,22.683,26.879,26.178,NA,15.558,20.295,9.86,3.561,11.335,7.825,16.377,25.504,27.442,26.353,28.014,27.053,17.179,23.808,25.011,-18.508,NA,NA,-0.589,17.137,NA,NA,16.736,28.711,27.139,26.931,27.591,21.661,22.467,13.72,15.141,-2.949,-0.193,-24.034,21.007,25.205,18.488,19.665,26.408,16.403,26.363,27.127,26.901,20.596,5.338,16.128
"1875-12",-12.425,-15.645,-17.835,10.396,21.882,12.735,21.096,25.969,25.675,23.241,26.249,26.148,NA,16.972,22.548,11.01,0.761,9.786,4.425,14.184,21.909,28.005,26.726,27.107,27.204,18.315,24.636,25.9,-25.512,NA,NA,-4.085,12.328,NA,NA,13.719,21.494,25.515,26.504,27.327,22.432,23.135,14.958,16.354,0.447,2.041,-29.965,19.703,25.256,19.682,17.993,26.489,17.933,25.858,26.215,26.736,21.742,6.413,16.024
"1876-01",-13.777,-18.892,-22.366,8.738,19.917,9.23,19.604,25.949,25.068,24.797,25.79,25.497,NA,18.244,22.554,12.896,0.509,8.676,-2.018,12.69,21.502,27.933,27.099,26.546,26.831,19.566,24.757,26.215,-28.289,NA,NA,-5.603,9.595,NA,NA,12.317,21.411,24.831,26.114,27.107,22.81,23.965,16.331,17.163,2.857,3.883,-31.741,18.828,25.779,20.734,16.813,26.537,18.944,25.078,25.505,26.692,22.877,7.697,16.255
"1876-02",-16.116,-23.707,-24.008,9.421,19.781,10.204,19.772,25.792,24.609,24.657,25.866,26.073,NA,19.059,22.696,13.263,-0.357,8.082,0.048,11.452,22.114,27.98,27.655,27.291,26.897,20.591,25.32,25.907,-32.14,NA,NA,-5.614,9.966,NA,NA,11.403,22.465,25.029,26.176,27.734,23.953,25.023,17.068,17.848,3.245,4.063,-34.563,18.387,25.945,21.423,16.444,26.747,19.753,24.799,25.799,26.848,23.483,8.247,16.354
"1876-03",-12.314,-15.243,-19.42,10.076,20.077,11.637,20.188,26.49,24.886,25.134,25.892,26.082,NA,19.253,22.871,13.062,0.601,9.146,7.646,13.672,24.764,27.26,28.042,28.665,27.346,20.657,24.999,26.036,-23.977,NA,NA,-4.782,15.807,NA,NA,12.673,29.652,26.297,26.202,27.022,24.177,25.031,16.277,17.139,0.917,2.387,-26.741,18.496,26.339,21.356,16.363,26.965,19.983,25.724,26.709,27.34,23.312,7.88,16.656
"1876-04",-10.288,-11.821,-14.895,10.13,21.394,13.731,20.538,27.016,25.365,24.643,26.689,26.44,NA,18.515,22.255,10.966,2.584,11.101,13.195,15.351,26.066,27.291,28.274,31.761,27.492,20.251,24.982,26.142,-17.646,NA,NA,-2.153,18.802,NA,NA,16.49,32.769,27.98,27.102,27.419,24.441,23.061,15.951,16.211,-2.285,0.909,-22.102,18.959,26.526,20.608,16.944,27.271,19.574,27.497,28.686,27.875,22.814,7.034,16.825
"1876-05",-2.947,-0.661,-4.537,11.331,24.506,17.02,22.339,27.423,26.357,23.431,27.05,26.135,NA,17.471,20.573,9.956,4.354,13.849,22.596,19.122,28.294,27.118,27.78,32.42,27.15,19.098,23.272,24.71,-7.272,NA,NA,2.977,25.648,NA,NA,19.367,38.431,28.807,27.53,26.601,23.429,20.918,15.138,14.997,-4.397,-1.016,-10.374,19.871,26.501,19.423,17.991,26.934,18.325,28.53,29.47,28.163,21.803,5.995,17.064
"1876-06",2.025,3.287,2.52,12.912,27.1,20.415,23.74,27.265,26.903,22.845,26.184,25.48,NA,16.208,18.847,8.373,6.981,16.439,28.078,23.055,30.593,27.14,26.99,35.269,26.565,18.306,21.963,23.332,-1.071,NA,NA,8.077,32.15,NA,NA,22.152,43.959,28.945,27.475,25.773,21.78,19.662,14.381,13.95,-6.366,-2.473,-1.425,20.929,26.284,18.489,19.489,26.399,17.084,27.115,28.885,27.493,20.516,5.131,17.148
"1876-07",4.158,5.723,5.127,14.642,27.493,22.603,24.099,27.052,27.107,22.033,26.674,24.794,NA,15.223,17.913,7.06,9.274,19.668,32.045,26.86,30.824,26.763,25.942,32.896,25.789,17.521,21.504,22.768,1.347,NA,NA,11.555,34.508,NA,NA,23.992,44.711,28.114,27.252,25.375,20.873,19.122,13.2,13.167,-7.776,-4.037,0.04,22.086,26.041,17.824,20.993,25.823,16.068,26.368,28.273,26.916,19.819,4.466,17.146
"1876-08",4.232,5.042,5.446,15.59,27.967,23.378,25.16,27.494,27.545,21.596,27.525,24.553,NA,14.395,17.534,7.159,10.045,19.453,28.87,27.562,30.349,26.532,24.757,33.482,25.43,16.518,21.753,22.959,0.524,NA,NA,12.743,33.439,NA,NA,25.207,43.924,27.655,27.215,25.298,20.407,19.233,12.713,13.191,-9.336,-4.492,-1.511,22.891,25.682,17.594,21.914,25.468,15.427,25.959,28.026,26.712,19.451,4.095,17.07
"1876-09",1.545,2.697,2.143,15.81,27.719,22.341,24.574,26.889,27.441,21.614,27.423,24.873,NA,14.414,18.018,7.706,9.086,17.394,23.199,24.259,31.069,26.433,24.525,33.729,25.282,16.292,22.536,23.675,-2.953,NA,NA,10.848,30.103,NA,NA,24.495,42.204,27.759,27.497,26.585,20.303,20.682,12.773,13.291,-8.407,-4.147,-6.271,22.911,25.419,17.693,22.057,25.442,15.061,25.875,27.846,26.747,19.471,4.119,16.882
"1876-10",-4.674,-3.745,-4.832,14.77,26.383,19.728,23.732,26.968,27.1,22.261,27.237,25.548,NA,14.834,19.613,8.393,7.265,14.301,14.318,20.295,29.205,26.262,25.202,32.152,26.086,16.546,22.731,23.936,-11.512,NA,NA,5.106,23.034,NA,NA,21.326,36.452,27.993,27.377,27.373,20.784,21.438,13.34,13.812,-5.824,-1.794,-16.035,22.318,25.276,17.828,20.829,25.635,15.477,26.269,28.053,26.981,19.811,4.548,16.468
"1876-11",-8.687,-11.011,-10.067,13.747,23.063,16.212,22.266,26.721,26.423,22.691,26.774,26.201,NA,15.676,20.119,10.14,4.012,11.516,9.069,16.509,25.028,27.199,26.399,28.402,27.03,17.144,23.531,24.82,-19.03,NA,NA,-2.903,17.672,NA,NA,15.889,28.048,27.166,27.06,27.931,21.415,22.636,13.993,15.073,-2.536,-0.694,-21.605,21.004,25.147,18.585,19.319,26.079,16.461,26.344,27.315,26.907,20.578,5.271,16.134
"1876-12",-10.723,-14.883,-14.692,11.083,21.703,13.978,21.168,26.121,25.427,23.68,26.012,25.694,NA,17.139,22.372,11.425,2.307,8.972,-0.296,13.774,22.735,27.6,26.69,27.132,26.876,18.799,24.929,25.675,-22.172,NA,NA,-4.441,10.896,NA,NA,12.867,23.142,25.417,26.676,27.597,22.242,23.363,14.863,16.244,0.452,1.852,-23.305,19.641,25.238,19.498,18.109,26.177,17.808,25.826,26.274,26.754,21.86,6.355,16.184
"1877-01",-13.535,-21.754,-21.842,10.073,20.171,11.125,20.361,25.689,24.601,24.816,25.525,25.638,NA,18.575,22.929,12.694,-0.24,7.116,-0.759,11.868,20.915,27.351,27.178,26.251,26.427,20.052,24.95,25.47,-29.139,NA,NA,-3.654,10.489,NA,NA,11.204,21.166,24.754,26.099,27.637,23.641,25.111,16.309,16.996,2.837,3.512,-30.501,18.752,25.438,20.759,17.014,26.297,18.948,24.93,25.555,26.61,22.893,7.576,16.211
"1877-02",-13.209,-22.77,-22.557,9.557,19.588,10.634,20.283,25.683,24.28,24.926,25.705,25.923,NA,19.277,22.954,12.791,-0.163,8.148,1.712,12.872,22.613,27.824,27.776,26.737,26.505,20.621,25.111,25.687,-30.004,NA,NA,-4.8,11.608,NA,NA,10.526,24.288,24.906,26.136,27.738,24.35,25.34,16.893,17.284,3.089,3.587,-32.107,18.372,25.706,21.309,16.461,26.727,19.88,24.812,25.443,26.581,23.345,8.182,16.35
"1877-03",-13.422,-21.189,-24.805,9.545,21.104,12.825,20.94,26.139,24.455,25.105,25.692,26.063,NA,19.198,22.566,12.5,1.849,8.785,1.735,11.931,24.332,27.592,27.85,28.079,26.698,20.689,25.236,26.041,-26.19,NA,NA,-1.806,13.608,NA,NA,13.048,30.077,26.343,26.142,27.225,24.192,24.325,16.193,16.901,1.311,1.948,-28.026,18.459,26.057,21.359,16.398,26.875,19.936,25.736,26.443,26.987,23.216,7.884,16.542
"1877-04",-9.477,-12.806,-13.595,10.457,21.64,13.618,21.219,26.517,24.871,23.857,26.476,26.001,NA,17.877,21.399,9.782,2.165,10.562,8.383,14.318,26.151,27.076,28.004,28.779,26.808,19.967,24.774,25.729,-19.39,NA,NA,-0.318,16.846,NA,NA,16.263,33.323,27.965,27.144,27.538,24.63,22.894,15.299,16.041,-1.262,-0.579,-21.705,18.958,26.225,20.549,16.812,26.988,19.291,27.382,28.404,27.514,22.719,7.072,16.695
"1877-05",-3.852,-5.086,-5.796,11.719,24.191,17.302,22.838,26.914,25.96,22.917,26.411,25.703,NA,16.91,19.404,8.518,5.061,13.637,19.173,17.346,28.614,26.565,27.172,33.567,27.202,18.431,23.57,25.004,-8.809,NA,NA,3.34,25.348,NA,NA,19.155,39.367,29.195,27.519,26.699,22.789,21.334,14.671,15.337,-4.679,-1.205,-10.637,19.894,26.213,19.505,17.881,26.59,18.098,27.944,29.292,27.61,21.678,6.014,16.891
"1877-06",1.631,3.442,1.383,13.511,26.447,20.476,23.852,26.819,26.574,21.946,26.096,25.411,NA,15.911,18.537,7.682,8.274,16.902,26.892,21.945,30.756,26.672,25.775,35.276,26.241,17.178,22.149,23.885,-0.039,NA,NA,8.07,31.893,NA,NA,22.032,44.24,28.98,27.309,25.878,21.807,19.719,14.148,13.882,-5.839,-2.546,-0.697,20.918,26.025,18.636,19.305,26.1,17.058,26.776,28.762,27.029,20.597,5.155,17.06
"1877-07",4.107,5.534,5.229,14.3,26.727,22.845,24.434,26.748,26.77,21.224,26.313,24.914,NA,14.857,17.542,6.641,9.639,19.596,30.985,26.653,29.693,26.267,24.239,29.886,25.23,16.263,21.051,22.492,1.946,NA,NA,12.034,33.786,NA,NA,24.071,44.011,27.567,27.209,25.319,20.937,18.786,13.372,13.225,-6.767,-3.329,0.35,21.981,25.757,17.885,20.89,25.392,16.047,26.048,27.909,26.495,19.674,4.382,17.044
"1877-08",3.908,4.844,5.126,15.395,27.912,23.315,25.672,27.307,27.24,20.909,26.789,24.616,NA,14.151,17.33,6.623,10.48,19.493,28.185,27.625,30.257,26.062,23.883,31.105,24.586,15.697,21.313,22.436,0.529,NA,NA,13.418,32.735,NA,NA,24.99,43.23,27.325,27.205,25.627,20.495,18.488,12.37,12.63,-9.053,-5.112,-0.587,22.874,25.386,17.577,21.839,24.931,15.383,25.515,28.105,26.179,19.234,4.198,16.99
"1877-09",0.45,-0.565,0.893,15.959,28.367,22.293,25.725,27.397,27.402,21.239,26.904,24.706,NA,14.192,18.504,6.936,9.333,17.83,22.139,23.898,30.324,25.789,24.221,33.154,24.683,15.727,21.962,22.899,-3.191,NA,NA,10.005,29.486,NA,NA,24.324,41.518,27.099,27.315,26.336,20.021,19.693,12.576,12.984,-7.095,-4.105,-7.596,23.047,25.169,17.543,21.79,24.844,15.318,25.269,27.622,26.126,19.327,4.123,16.735
"1877-10",-6.01,-8.05,-5.35,14.522,26.434,19.284,24.185,26.636,26.795,21.7,26.963,25.129,NA,14.491,19.117,8.612,7.438,15.286,15.286,20.856,28.849,25.839,25.13,31.161,25.828,16.519,23.004,23.638,-11.468,NA,NA,4.346,23.95,NA,NA,21.829,36.603,27.66,27.123,27.174,21.098,20.942,13.382,13.661,-5.578,-2.511,-17.414,22.228,25.174,17.889,20.635,25.262,15.506,25.984,27.26,26.516,19.904,4.625,16.38
"1877-11",-8.376,-12.976,-10.301,11.531,23.901,16.336,22.569,26.138,25.867,22.4,26.496,25.666,NA,15.569,20.513,9.916,3.9,12.246,8.729,17.554,25.091,26.663,26.017,28.521,26.702,17.539,23.461,24.285,-17.825,NA,NA,-0.88,17.121,NA,NA,17.339,28.216,26.896,27.01,27.491,21.79,22.619,13.899,14.294,-2.547,-0.163,-18.825,21.018,25.286,18.658,19.127,25.586,16.614,26.056,26.77,26.432,20.36,5.395,16.223
"1877-12",-11.214,-11.142,-15.98,11.146,21.244,14.245,20.156,25.535,25.066,23.723,25.636,25.878,NA,16.903,22.012,11.562,1.451,9.688,4.955,15.035,21.796,27.141,26.5,26.382,26.378,19.034,24.537,25.062,-24.002,NA,NA,-6.113,11.516,NA,NA,12.777,21.457,25.089,26.428,27.731,22.246,23.982,15.407,15.958,0.444,1.691,-25.77,19.656,25.474,19.631,17.893,25.855,17.729,25.379,25.841,26.341,21.69,6.541,16.138
"1878-01",-14.449,-17.984,-21.266,10.326,20.499,11.352,20.017,25.235,24.378,24.094,25.299,25.898,NA,18.04,22.619,12.778,0.756,9.339,0.351,13.554,20.125,27.186,27.069,25.693,26.421,20.118,24.938,25.57,-26.569,NA,NA,-5.86,7.861,NA,NA,10.774,18.581,23.798,25.764,26.816,23.296,25.376,16.125,17.45,2.918,3.674,-29.653,18.703,25.608,20.726,16.815,26.083,19.176,23.973,25.57,26.434,22.669,7.752,16.232
"1878-02",-15.457,-20.386,-23.949,9.573,20.71,12.204,20.417,25.54,24.301,24.671,25.093,25.695,NA,18.858,23.011,13.425,1.261,8.555,1.212,12.761,21.62,27.175,27.502,26.833,26.605,21.01,25.594,25.953,-22.231,NA,NA,-4.957,9.831,NA,NA,11.255,23.538,24.76,25.574,26.905,24.598,24.606,16.649,17.458,2.982,4.019,-26.861,18.308,25.932,21.386,16.438,26.405,20.059,24.456,25.616,26.5,23.233,8.385,16.592
"1878-03",-15.154,-18.534,-22.912,9.738,21.307,11.951,20.481,26.073,24.502,25.212,25.581,25.801,NA,18.576,22.606,11.89,1.33,9.571,4.98,13.871,23.311,26.662,27.569,28.753,26.614,20.552,25.701,26.59,-23.149,NA,NA,-5.71,14.396,NA,NA,12.99,27.806,26.139,26.153,27.007,24.899,23.608,16.973,16.725,0.721,2.456,-27.487,18.342,26.323,21.263,16.344,26.605,20.032,25.902,26.942,27.205,23.602,7.99,16.602
"1878-04",-9.32,-11.79,-13.071,10.487,22.094,14.225,20.962,26.869,25.085,24.627,25.991,26.113,NA,18.122,22.199,10.477,1.525,10.609,13.621,16.025,25.918,26.65,27.78,28.592,26.767,20.132,24.966,26.299,-18.071,NA,NA,-1.33,20.063,NA,NA,16.494,33.826,27.341,26.801,26.991,24.079,22.376,16.304,15.356,-1.974,0.32,-22.512,18.999,26.614,20.448,16.892,26.77,19.557,27.355,28.18,27.847,23.031,7.083,16.789
"1878-05",-4.467,-4.319,-6.881,10.777,24.41,17.402,22.472,27.492,25.815,23.743,26.401,25.534,NA,16.68,18.717,7.665,4.847,13.609,20.145,18.814,27.058,26.518,27.722,31.988,27.085,18.395,23.299,25.056,-8.54,NA,NA,2.794,26.97,NA,NA,19.224,39.179,28.836,27.123,26.354,23.3,20.779,14.975,14.349,-3.995,-1.948,-11.189,19.841,26.545,19.63,17.775,26.516,18.119,28.144,29.246,27.774,21.992,6.06,16.93
"1878-06",1.876,3.787,0.871,12.724,26.417,20.348,23.625,27.289,26.686,22.585,26.383,25.256,NA,15.708,18.368,7.255,7.007,16.655,27.794,22.418,29.734,26.46,26.45,34.524,26.07,17.089,22.217,23.752,0.663,NA,NA,6.875,32.312,NA,NA,22.008,43.623,28.633,27.203,25.414,22.231,19.146,14.241,13.479,-5.671,-4.722,-0.795,21.053,26.425,18.63,19.349,25.954,17.008,27.048,29.075,27.306,20.849,5.366,17.14
"1878-07",3.739,5.705,4.783,14.896,27.202,23.018,23.948,26.93,26.972,21.994,26.276,24.819,NA,14.438,16.157,6.275,9.711,19.624,32.721,26.024,30.16,26.617,24.913,33.345,25.058,16.688,21.513,22.854,2.2,NA,NA,10.86,36.34,NA,NA,23.668,43.949,27.756,26.908,24.854,20.843,17.956,13.201,12.696,-6.861,-5.189,0.184,22.026,26.087,17.942,20.911,25.173,15.862,25.594,28.191,26.452,19.812,4.822,17.079
"1878-08",3.891,6.152,4.876,16.051,27.663,23.646,24.975,27.114,27.229,21.515,26.439,24.597,NA,14.158,16.247,6.138,10.663,20.008,29.38,26.835,29.354,25.918,23.464,32.141,24.887,16.462,21.78,22.817,1.683,NA,NA,12.913,33.45,NA,NA,24.796,42.385,27.22,26.932,25.249,20.517,18.814,12.871,12.516,-7.857,-5.469,-0.7,22.838,25.821,17.627,21.808,24.569,15.139,25.306,27.881,26.165,19.429,4.373,17.045
"1878-09",0.643,1.185,1.52,16.045,28.261,22.272,25.282,27.213,26.985,21.336,26.496,24.74,NA,13.926,16.987,6.917,9.523,17.685,21.425,24.171,30.102,25.549,23.899,33.797,25.304,16.624,22.142,23.036,-1.155,NA,NA,11.402,29.068,NA,NA,24.098,41.125,27.317,26.981,25.687,20.655,19.679,13.333,12.643,-7.085,-3.161,-7.007,23.081,25.556,17.443,21.688,24.735,14.95,25.487,27.806,26.382,19.522,4.456,16.859
"1878-10",-5.754,-5.723,-6.352,15.771,26.43,19.34,24.367,26.636,26.577,21.764,26.869,25.271,NA,14.738,18.345,8.167,6.617,14.545,14.059,21.193,28.816,25.528,25.334,31.439,26.082,16.969,22.88,23.588,-9.375,NA,NA,6.183,23.049,NA,NA,20.951,35.544,27.869,27.085,26.748,20.886,20.548,13.471,13.115,-6.999,-2.324,-16.627,22.336,25.713,17.777,20.612,25.28,15.507,26.226,27.494,26.517,19.984,4.659,16.45
"1878-11",-10.899,-14.994,-12.178,13.184,25.145,17.283,23.24,26.706,26.168,22.507,25.968,25.907,NA,15.76,19.346,9.679,4.604,11.351,6.33,16.713,24.746,26.439,26.097,28.627,26.725,18.063,23.928,24.627,-18.452,NA,NA,1.372,15.905,NA,NA,16.377,26.873,26.916,26.825,27.113,21.301,22.207,13.962,14.656,-2.31,-0.194,-23.284,21.106,25.719,18.6,19.161,25.723,16.293,26.182,26.956,26.75,20.731,5.426,16.177
"1878-12",-14.442,-16.329,-21.129,11.392,22.533,13.696,21.555,26.16,25.337,23.38,25.57,25.862,NA,17.257,22.17,10.847,3.136,9.443,3.299,13.786,21.678,27.141,26.604,26.839,27.283,19.298,24.902,25.479,-19.921,NA,NA,-4.612,12.35,NA,NA,14.412,21.5,25.114,26.838,28.013,22.197,23.322,15.336,15.906,0.671,1.753,-23.39,19.793,25.678,19.55,18.012,25.954,17.737,25.331,26.063,26.635,21.868,6.546,16.275
"1879-01",-13.977,-20.943,-21.847,8.222,21.655,11.921,20.836,26.125,24.936,24.14,25.434,26.077,NA,18.135,23.028,12.507,0.822,7.867,2.733,13.295,21.074,27.47,27.169,26.109,26.262,20.014,24.912,25.503,-26.261,NA,NA,-4.275,12.3,NA,NA,11.521,21.196,24.456,26.461,28.177,23.055,25.55,16.351,17.455,3.076,3.738,-31.679,18.881,25.976,20.777,17.006,26.345,18.978,24.584,25.263,26.535,22.732,7.831,16.371
"1879-02",-14.652,-17.994,-20.347,9.234,20.453,11.56,20.45,26.038,24.367,24.452,25.408,26.197,NA,19.245,23.261,13.817,1.644,8.093,-1.246,12.25,21.145,27.867,27.941,27.139,26.714,20.895,25.269,25.613,-21.824,NA,NA,-6.308,9.843,NA,NA,11.27,22.764,25.178,26.145,27.214,23.487,25.288,16.919,17.715,3.092,3.932,-26.008,18.443,26.155,21.407,16.521,26.725,19.763,24.854,25.553,26.912,23.091,8.423,16.716
"1879-03",-12.514,-18.113,-23.803,9.529,21.381,11.884,20.63,26.467,24.742,24.891,25.786,26.309,NA,19.36,22.67,12.628,2.471,8.253,4.532,13.047,24.148,27.706,27.927,28.742,27.709,21.019,25.372,25.794,-22.097,NA,NA,-6.196,13.955,NA,NA,13,27.818,25.883,26.629,27.461,23.359,24.334,16.861,17.677,0.744,3.036,-23.851,18.481,26.33,21.196,16.607,27.04,20.029,25.8,26.88,27.573,23.257,8.083,16.81
"1879-04",-9.449,-14.406,-19.232,9.858,23.629,15.01,21.432,27.482,25.554,24.29,26.617,26.423,NA,18.467,21.061,11.041,2.225,10.526,11.896,14.798,26.369,27.676,28.626,29.285,27.838,20.532,24.531,25.524,-16.105,NA,NA,-3.022,19.471,NA,NA,16.057,33.792,27.702,27.296,27.639,23.265,23.175,16.175,16.935,-1.645,0.575,-17.986,18.997,26.508,20.447,17.123,27.349,19.347,26.957,28.533,28.12,22.74,7.133,16.881
"1879-05",-4.464,-4.464,-8.893,11.076,25.264,17.311,22.614,27.084,26.264,23.185,27.106,26.098,NA,17.63,19.403,9.571,6.092,13.543,17.866,17.403,28.59,27.008,28.15,32.316,26.844,19.053,22.911,24.527,-8.673,NA,NA,3.471,25.038,NA,NA,19.075,39.448,29.309,27.531,26.958,22.595,21.237,14.832,15.917,-4.064,-1.496,-10.782,19.788,26.596,19.591,17.856,26.981,18.112,28.324,29.565,28.025,21.739,6.139,17.012
"1879-06",1.794,4.053,1.088,12.662,26.967,20.438,24.123,27.634,26.899,22.579,27.013,25.826,NA,16.381,17.462,8.013,9.293,17.004,25.702,21.69,29.587,26.926,27.11,34.822,26.279,17.691,21.946,23.396,0.482,NA,NA,7.555,30.197,NA,NA,21.379,43.634,29.322,27.43,26.151,21.543,20.336,14.392,14.096,-5.302,-2.604,-0.305,21.048,26.517,18.579,19.224,26.462,16.661,27.568,29.209,27.622,20.599,5.276,17.222
"1879-07",3.888,6.125,3.733,14.263,27.585,22.657,24.509,27.034,27.182,22.066,26.826,25.56,NA,15.007,15.992,6.414,10.552,18.239,29.943,26.076,30.963,26.672,25.852,34.46,25.554,16.898,21.358,22.768,1.714,NA,NA,10.873,33.346,NA,NA,23.86,44.809,27.943,27.124,25.48,20.913,18.91,13.493,13.396,-7.011,-2.929,0.48,22.141,26.213,17.917,20.798,25.938,15.694,26.208,27.934,26.936,19.892,4.704,17.181
"1879-08",3.715,5.348,4.568,15.525,27.943,23.457,25.413,27.586,27.591,21.541,27.221,25.319,NA,14.403,16.646,6.899,11.765,19.434,29.609,26.619,30.414,26.534,25.053,32.702,25.175,16.182,21.619,22.666,1.555,NA,NA,12.653,33.791,NA,NA,24.882,43.899,27.6,26.976,25.541,20.414,19.04,12.802,13.261,-8.34,-2.987,-0.322,23.053,25.877,17.577,21.676,25.557,15.184,25.811,27.94,26.624,19.436,4.387,17.156
"1879-09",1.575,1.398,1.249,15.536,28.161,22.489,25.066,27.203,27.589,21.539,27.37,25.214,NA,14.284,18.287,7.656,10.215,18.03,22.74,23.661,31.166,26.244,24.836,34.505,25.58,16.155,22.293,22.985,-2.698,NA,NA,10.929,29.942,NA,NA,24.298,41.67,27.65,27.109,26.342,20.289,20.631,13.188,13.61,-7.405,-4.035,-5.524,23.088,25.722,17.499,21.775,25.42,15.134,25.873,28.043,26.776,19.557,4.265,16.953
"1879-10",-4.556,-5.37,-5.402,14.394,27.48,19.976,24.245,27.282,27.186,21.929,27.373,25.803,NA,14.355,18.435,8.223,6.427,14.357,13.915,20.301,28.464,26.602,25.551,31.104,26.412,16.581,22.955,23.98,-11.857,NA,NA,7.316,23.141,NA,NA,20.512,35.757,28.256,27.11,26.952,20.578,21.668,13.462,14.47,-6.305,-1.749,-16.41,22.324,25.591,17.769,20.833,25.706,15.36,26.537,27.847,26.916,19.812,4.684,16.475
"1879-11",-6.742,-15.026,-9.598,13.006,23.876,16.58,22.7,26.275,26.223,22.299,26.932,26.273,NA,15.666,19.024,10.202,3.675,11.246,8.464,17.356,24.909,27.21,26.856,28.24,26.703,17.722,23.404,24.253,-18.995,NA,NA,2.439,17.407,NA,NA,16.357,28.512,27.456,26.886,27.384,21.274,23.092,14.027,15.717,-2.421,-0.18,-22.64,21.026,25.583,18.672,19.243,26.365,16.225,26.859,26.925,26.896,20.476,5.444,16.229
"1879-12",-12.126,-18.931,-18.466,11.999,19.875,13.214,20.536,25.639,25.093,22.98,25.911,26.15,NA,17.175,21.658,12.051,1.162,8.981,4.848,14.516,22.023,27.779,27.156,26.754,27.282,18.564,24.697,25.407,-23.795,NA,NA,-2.358,13.483,NA,NA,13.206,22.929,25.58,26.769,28.191,22.527,24.328,15.055,16.774,0.656,1.734,-28.382,19.731,25.751,19.75,17.807,26.431,17.789,25.707,26.083,26.724,21.704,6.456,16.147
"1880-01",-11.796,-16.35,-20.793,9.226,20.81,11.728,19.92,25.656,24.844,23.881,25.745,26.191,NA,18.533,23.107,13.101,0.71,7.689,1.71,12.964,21.408,27.798,27.432,26.407,27.007,20.271,25.15,25.521,-24.348,NA,NA,-4.925,11.239,NA,NA,10.676,21.925,24.833,26.103,27.774,23.255,25.705,15.849,17.42,3.077,3.945,-26.179,18.652,25.918,20.942,16.943,26.497,19.145,25.26,25.168,26.699,22.482,7.675,16.404
"1880-02",-12.825,-20.367,-22.565,10.499,19.399,10.336,19.886,25.927,24.59,25.087,25.958,26.27,NA,19.034,23.697,13.25,0.227,7.528,1.348,13.548,23.593,27.638,28.096,26.668,27.275,21.03,25.62,26.11,-28.356,NA,NA,-5.459,12.787,NA,NA,11.475,27.046,25.573,25.806,27.376,24.627,25.141,16.477,18.079,3.171,4.048,-30.811,18.353,26.279,21.454,16.477,26.849,20.024,25.593,25.342,26.877,23.244,8.304,16.563
"1880-03",-12.61,-20.89,-22.597,10.172,20.584,11.301,20.297,26.331,24.945,24.89,26.402,26.662,NA,18.7,22.622,12.394,0.402,8.521,7.285,14.105,24.753,27.978,28.629,27.862,27.016,20.375,24.647,26.091,-25.16,NA,NA,-3.061,16.043,NA,NA,14.01,29.904,26.29,26.416,27.167,25.004,24.561,16.115,18.107,0.943,2.561,-30.473,18.343,26.346,21.404,16.57,27.36,20.019,26.304,26.665,27.501,23.333,7.975,16.645
"1880-04",-10.395,-12.609,-16.368,10.658,22.56,13.934,21.16,27.151,25.684,24.645,26.767,26.472,NA,17.974,21.577,10.923,1.976,10.212,12.795,15.346,26.903,27.279,28.292,30.852,27.317,19.598,24.522,25.879,-19.739,NA,NA,-2.19,20.412,NA,NA,16.552,35.208,28.008,27.148,27.609,23.98,23.567,15.716,17.349,-2.244,0.553,-24.942,19,26.755,20.798,16.934,27.264,19.305,27.705,28.467,28.005,22.803,7.063,16.788
"1880-05",-2.875,-2.829,-5.085,11.862,25.218,17.223,22.413,27.684,26.578,23.778,26.897,26.14,NA,16.964,20.35,8.677,4.992,12.871,20.831,18.36,27.779,26.564,27.37,32.725,27.245,18.112,22.878,24.835,-8.908,NA,NA,2.809,26.443,NA,NA,19.154,40.066,28.986,27.524,26.973,22.337,21.873,14.943,16.22,-5.126,-0.05,-10.915,19.814,26.67,19.849,17.958,26.874,18.05,28.183,28.969,27.908,21.58,5.96,17
"1880-06",2.418,3.497,0.892,13.804,26.988,20.81,23.831,27.284,27.166,22.532,26.679,25.4,NA,15.64,17.963,7.421,7.485,15.105,28.057,22.437,29.692,26.764,26.615,34.537,26.525,16.506,21.247,23.562,-0.093,NA,NA,7.61,32.342,NA,NA,21.302,44.478,29.529,27.519,26.265,21.75,19.609,14.062,14.215,-6.377,-1.705,-0.913,20.928,26.462,18.913,19.457,26.399,16.911,27.451,28.921,27.425,20.463,5.056,17.149
"1880-07",4.856,5.588,4.579,15.339,27.911,22.875,24.707,27.409,27.424,21.691,26.699,24.915,NA,15.084,17.742,6.916,10.657,18.524,32.425,25.926,30.258,26.42,25.191,33.825,25.822,16.333,21.215,22.77,1.281,NA,NA,11.602,35.485,NA,NA,23.65,44.914,28.455,27.079,25.427,21.166,18.957,13.546,13.171,-7.878,-2.378,0.241,22.157,26.088,17.978,20.96,25.634,15.939,26.676,28.285,26.931,19.736,4.558,17.177
"1880-08",4.807,4.557,4.709,16.46,28.457,23.267,25.781,27.701,27.572,21.607,26.931,25.069,NA,14.465,17.487,6.508,12.095,19.605,28.512,26.729,29.803,26.397,24.526,31.869,25.543,15.883,21.488,22.634,0.859,NA,NA,12.346,33.23,NA,NA,24.328,43.858,27.552,27.009,25.046,19.559,18.936,12.814,12.907,-9.337,-3.037,-0.905,23.06,25.843,17.558,21.857,25.336,15.41,25.945,27.803,26.607,19.073,4.294,17.075
"1880-09",0.783,1.551,0.664,16.487,28.378,22.085,25.666,27.806,27.529,22.03,27.192,25.088,NA,14.627,17.831,7.679,10.963,18.581,19.941,23.632,29.326,26.445,24.694,33.685,25.602,16.169,22.333,23.142,-2.691,NA,NA,11.583,28.078,NA,NA,23.612,41.252,27.528,27.077,25.618,19.39,20.019,12.962,13.48,-8.326,-3.399,-7.581,23.246,25.725,17.517,21.704,25.374,15.24,25.803,27.366,26.502,19.08,4.375,16.853
"1880-10",-3.591,-7.09,-5.251,16.018,27.028,19.698,24.761,26.957,27.259,22.043,27.301,25.458,NA,14.996,18.662,9.006,7.048,15.083,14.411,20.652,28.256,26.391,26.106,31.893,26.052,16.703,23.652,24.478,-13.851,NA,NA,6.536,23.71,NA,NA,21.169,36.217,28.175,27.208,27.006,20.44,21.405,13.368,14.063,-6.258,-0.98,-17.361,22.419,25.683,17.996,20.598,25.915,15.53,26.118,28.22,26.56,19.768,4.707,16.493
"1880-11",-7.428,-11.104,-9.806,13.471,24.844,15.896,22.923,26.254,26.588,22.66,26.218,26.037,NA,15.644,20.066,9.792,3.307,11.324,7.467,17.574,25.193,26.826,26.517,29.113,26.597,16.875,23.99,25.436,-20.479,NA,NA,-0.705,17.533,NA,NA,16.741,29.548,27.357,27.033,27.919,21.496,22.921,14.367,15.06,-2.912,-0.074,-23.176,21.129,25.757,18.691,19.119,25.998,16.457,26.579,26.922,26.815,20.89,5.311,16.195
"1880-12",-12.021,-19.376,-17.622,10.907,22.415,13.615,21.08,26.105,25.642,23.544,25.756,25.965,NA,17.04,21.702,11.923,1.003,8.861,3.722,15.137,22.221,27.64,26.943,27.168,27.5,18.38,24.455,25.669,-26.668,NA,NA,-1.566,13.665,NA,NA,14.517,23.556,26.017,26.682,27.685,22.65,24.667,15.078,16.718,0.509,2.138,-30.946,19.81,25.909,19.727,17.628,26.316,17.817,25.941,25.952,26.619,21.746,6.453,16.07
"1881-01",-13.268,-20.727,-21.781,9.691,21.259,12.658,19.912,25.845,25.02,24.337,25.49,26.131,NA,18.467,23.439,13.395,1.239,6.527,-1.689,11.201,20.617,27.784,27.38,26.275,26.551,19.804,25.535,26.441,-23.969,NA,NA,-5.126,9.878,NA,NA,12.392,20.418,24.753,26.452,27.552,24.245,24.645,16.46,17.251,2.797,4.28,-26.981,18.793,26.127,20.712,16.922,26.528,19.309,24.865,25.512,26.499,23.009,7.762,16.439
"1881-02",-13.597,-17.196,-21.179,8.495,20.127,10.731,19.885,26.257,24.94,25.267,26.023,26.257,NA,19.124,23.085,13.779,0.343,7.321,-4.699,12.817,21.822,27.867,27.882,26.069,26.791,20.481,25.784,26.799,-24.691,NA,NA,-4.577,6.786,NA,NA,11.041,23.109,25.401,26.387,27.111,24.371,24.522,17.049,17.969,2.7,4.263,-27.559,18.416,26.385,21.281,16.416,26.918,19.924,24.909,26.006,26.92,23.643,8.271,16.641
"1881-03",-12.417,-20.584,-21.201,9.673,21.153,12.229,20.227,26.506,25.068,25.517,26.289,26.317,NA,19.367,23.21,12.973,2.115,9.018,2.167,13.539,24.372,27.248,28.163,29.058,27.688,20.833,25.756,26.832,-25.013,NA,NA,-4.714,13.388,NA,NA,14.09,29.714,26.535,26.826,27.291,24.882,23.534,16.919,17.113,1.099,2.53,-28.046,18.397,26.644,21.235,16.434,27.06,20.078,26.029,27.183,27.529,23.839,7.868,16.766
"1881-04",-10.505,-13.938,-16.035,10.452,23.407,14.531,21.245,27.513,25.751,24.924,26.718,26.03,NA,18.346,21.648,10.261,3.909,11.011,7.813,14.771,25.307,26.612,27.877,31.702,27.663,19.728,24.771,26.377,-20.684,NA,NA,-3.29,17.177,NA,NA,15.984,33.169,28.211,27.353,27.48,24.881,23.044,15.987,16.393,-1.323,0.413,-24.195,18.93,26.802,20.695,17.015,27.072,19.215,27.474,28.752,28.062,23.174,7.015,16.79
"1881-05",-2.918,-3.365,-6.043,11.299,24.933,17.526,22.221,27.905,26.324,23.899,26.484,25.814,NA,17.441,20.347,9.381,6.262,14.162,18.584,18.211,26.967,26.962,27.775,33.47,27.569,19.197,23.726,25.199,-9.306,NA,NA,2.338,25.189,NA,NA,19.005,39.179,29.966,27.749,26.811,23.666,21.744,14.989,15.39,-3.256,-1.81,-11.577,19.76,26.852,19.797,17.945,26.727,17.935,28.418,29.786,27.978,21.967,6.149,17.055
"1881-06",1.967,4.546,2.539,12.723,27.265,21.026,23.93,27.626,27.057,22.52,26.574,25.341,NA,16.134,18.949,6.924,8.452,17.166,25.404,22.827,27.341,26.924,26.925,32.085,26.523,17.602,22.564,24.062,-0.057,NA,NA,7.326,30.258,NA,NA,21.664,42.392,29.342,27.644,25.855,22.158,20.248,14,13.674,-5.28,-3.679,-0.89,20.854,26.688,18.818,19.391,26.133,16.894,27.71,29.127,27.322,20.921,5.1,17.181
"1881-07",4.196,4.716,5.134,14.357,28.548,23.508,25.41,27.641,27.364,22.19,26.41,24.88,NA,15.457,17.691,7.347,10.823,18.908,31.17,26.395,29.309,26.634,25.138,29.207,25.478,16.796,22.125,23.573,1.447,NA,NA,11.168,33.549,NA,NA,24.709,44.02,27.723,27.371,25.421,21.153,19.174,13.267,12.992,-7.011,-4.175,0.241,22.107,26.308,18.057,20.78,25.312,15.896,26.201,27.895,26.708,20.106,4.49,17.152
"1881-08",4.235,4.97,5.393,15.338,28.934,23.821,26.345,28.03,27.563,21.648,26.877,24.592,NA,14.749,17.518,7.032,11.652,19.655,29.163,26.891,30.084,26.168,24.015,31.326,24.97,16.194,21.668,22.594,0.904,NA,NA,12.928,33.429,NA,NA,24.968,43.463,27.245,27.21,25.345,20.329,19.133,12.892,12.959,-8.684,-5.685,-1.417,22.913,25.82,17.644,21.768,24.984,15.438,25.403,27.966,26.461,19.248,4.258,17.046
"1881-09",1.736,1.96,1.413,15.777,28.935,23.003,25.861,27.976,27.437,21.776,26.902,24.782,NA,14.847,18.485,7.206,10.343,17.469,23.807,24.396,30.271,26.014,24.217,33.413,25.104,16.153,22.397,22.899,-3.137,NA,NA,11.181,29.757,NA,NA,24.238,41.31,27.208,27.261,25.998,20,19.494,12.825,13.126,-7.915,-2.93,-6.128,23.051,25.7,17.663,21.815,25.088,15.225,25.216,27.43,26.257,19.234,4.256,16.876
"1881-10",-4.459,-3.86,-5.391,14.833,26.61,19.048,24.2,27.017,26.969,22.178,26.908,25.293,NA,15.12,18.832,8.863,7.409,14.558,15.912,21.371,28.23,26.189,25.198,31.491,26.089,16.524,23.291,24.12,-12.898,NA,NA,5.233,24.158,NA,NA,20.869,35.396,27.343,27.242,27.091,20.389,21.422,13.115,14.118,-6.031,-2.908,-17.577,22.134,25.657,17.923,20.598,25.672,15.573,25.623,27.73,26.467,19.731,4.686,16.402
"1881-11",-9.958,-13.092,-12.561,13.611,22.755,15.692,22.383,26.508,26.128,23.093,26.462,25.882,NA,16.201,21.042,9.852,5.384,11.706,9.948,16.962,24.697,26.973,26.467,27.865,26.412,17.804,23.722,24.507,-21.145,NA,NA,0.901,18.895,NA,NA,16.862,27.931,27.125,27.042,27.375,22.1,22.313,13.873,14.917,-2.005,-0.427,-26.659,21,25.633,18.632,19.07,25.918,16.704,26.172,27.01,26.525,20.436,5.358,16.097
"1881-12",-12.215,-17.373,-17.587,11.98,20.839,11.978,20.851,25.872,25.308,24.121,25.886,25.786,NA,17.446,22.249,11.04,3.331,7.885,1.675,13.942,21.983,27.483,26.887,26.655,26.813,18.873,24.53,25.337,-26.589,NA,NA,-3.747,12.622,NA,NA,12.79,22.858,25.514,26.651,28.125,23.028,24.538,15.182,16.701,0.884,1.819,-31.033,19.708,25.837,19.7,17.693,26.14,17.968,25.473,25.915,26.465,21.651,6.413,16.052
"1882-01",-13.036,-17.494,-20.608,10.538,20.036,11.463,20.096,25.782,24.854,24.619,25.504,25.803,NA,18.464,23.775,12.286,1.199,7.07,0.057,12.851,21.407,27.551,27.178,26.18,26.806,20.159,24.978,26.028,-25.103,NA,NA,-4.725,10.957,NA,NA,11.245,21.896,24.743,26.138,27.127,24.027,24.837,16.208,17.479,3.151,4.006,-28.641,18.706,26.053,20.633,16.926,26.314,19.186,24.755,25.223,26.475,22.686,7.75,16.338
"1882-02",-13.255,-18.366,-22.448,10.593,19.65,10.263,20.093,25.773,24.536,25.633,25.689,25.897,NA,19.019,23.59,13.109,0.118,7.475,-1.235,12.566,22.708,27.767,27.873,26.883,27.196,21.202,25.509,26.383,-30.734,NA,NA,-6.53,11.773,NA,NA,11.05,25.423,25.658,25.748,26.711,24.72,24.522,16.911,17.782,3.359,4.075,-31.037,18.333,26.301,21.267,16.489,26.741,20.196,25.097,25.78,26.678,23.364,8.315,16.481
"1882-03",-14.216,-18.632,-24.06,9.161,21.372,12.988,20.372,26.502,24.912,25.672,25.762,26.066,NA,18.861,22.844,12.245,3.265,8.074,2.27,12.575,24.656,27.399,28.035,28.334,27.798,21.146,25.378,26.627,-22.758,NA,NA,-2.188,13.871,NA,NA,13.07,29.895,26.693,25.978,26.893,24.928,24.744,16.656,17.51,0.858,2.278,-27.805,18.462,26.469,21.366,16.378,27.044,20.191,26.113,26.775,27.407,23.336,7.898,16.695
"1882-04",-9.596,-14.909,-15.93,9.69,23.066,14.622,21.354,27.36,25.541,25.326,26.198,26.326,NA,18.009,21.424,11.054,3.04,10.441,9.062,14.242,26.378,26.686,28.276,30.304,27.927,20.772,24.593,25.629,-19.555,NA,NA,-2.167,17.561,NA,NA,16.142,33.642,28.097,27.011,27.029,24.162,22.732,15.746,16.284,-2.319,0.749,-25.188,19.063,26.858,20.715,16.867,27.124,19.438,27.512,28.447,27.923,22.56,7.076,16.75
"1882-05",-2.471,-2.195,-5.794,11.402,25.07,17.479,22.494,27.712,26.217,24.296,26.724,25.975,NA,17.336,19.947,9.018,4.429,13.139,20.396,17.794,28.233,26.436,27.876,34.46,27.006,19.211,23.215,24.901,-8.524,NA,NA,2.358,25.51,NA,NA,18.604,38.954,29.512,27.567,26.239,23.453,21.306,14.851,15.509,-4.889,-0.592,-10.036,19.884,26.971,19.623,17.784,26.842,18.386,28.245,29.639,27.912,21.655,6.029,16.997
"1882-06",2.458,3.609,1.422,12.952,26.885,20.514,23.627,27.666,26.726,23.644,26.924,25.677,NA,16.6,18.696,7.958,7.476,15.791,27.214,22.835,30.605,27.025,27.331,35.693,26.063,17.815,22.208,23.638,-0.377,NA,NA,7.063,31.455,NA,NA,21.294,44.12,29.38,27.425,25.159,22.104,19.275,13.844,13.973,-6.006,-2.341,-1.463,20.933,26.851,18.584,19.173,26.523,17.231,26.965,29.22,27.192,20.48,5.195,17.163
"1882-07",4.215,5.204,4.321,14.385,28.38,22.858,24.736,27.492,27.223,22.978,27.052,25.514,NA,15.547,17.028,7.412,10.361,18.766,31.898,25.4,30.819,26.55,25.521,35.095,25.473,17.072,21.556,23.199,1.356,NA,NA,10.802,34.551,NA,NA,23.47,44.731,28.175,26.983,24.839,20.942,19.098,13.086,13.765,-8.443,-3.614,0.227,22.185,26.555,17.736,20.758,25.934,16.229,26.343,28.504,26.621,19.736,4.626,17.141
"1882-08",4.511,4.712,4.908,15.436,28.064,23.239,25.636,27.764,27.421,22.545,27.085,25.222,NA,14.744,16.818,7.262,11.177,19.333,28.917,26.258,29.456,26.439,24.412,33.42,25.217,16.333,21.937,23.185,0.965,NA,NA,12.361,33.42,NA,NA,24.918,42.55,27.263,26.976,24.886,20.907,19.331,12.75,13.283,-8.703,-4.114,-1.19,23.089,26.412,17.284,21.791,25.536,15.603,25.891,27.658,26.534,19.563,4.213,17.128
"1882-09",1.533,2.984,1.991,16.097,28.401,22.479,25.33,27.446,27.208,22.642,26.968,25.242,NA,14.609,17.457,7.674,9.157,18.232,22.789,24.878,30.258,26.356,25.113,34.721,25.484,16.368,22.459,23.214,-3.184,NA,NA,10.77,29.353,NA,NA,23.945,41.167,27.884,27.248,25.582,20.787,20.103,12.53,13.532,-8.81,-3.927,-6.94,23.196,26.606,17.366,21.656,25.616,15.473,26.106,28.018,26.769,19.543,4.231,16.955
"1882-10",-3.82,-5.992,-5.333,15.677,27.054,19.768,24.375,27.767,27.029,22.868,27.119,25.803,NA,14.953,18.085,8.543,5.259,15.023,15.455,21.62,28.672,26.676,26.187,31.607,26.406,16.713,22.864,23.735,-13.555,NA,NA,6.493,24.288,NA,NA,21.178,36.388,28.367,27.428,26.686,20.475,22.017,12.787,14.09,-5.562,-2.326,-18.033,22.575,26.673,17.871,20.653,26.129,15.832,26.78,28.225,27.141,19.808,4.573,16.58
"1882-11",-7.171,-11.846,-7.266,13.676,23.333,15.962,22.658,27.268,26.11,23.474,26.573,26.472,NA,16.14,19.534,10.102,1.908,12.301,8.693,18.33,25.487,27.18,27.155,28.153,27.124,17.539,23.826,24.639,-21.406,NA,NA,0.597,17.701,NA,NA,16.797,28.799,27.635,27.357,28.071,21.548,22.857,13.786,15.051,-3.016,0.164,-22.062,21.16,26.708,18.79,19.118,26.501,16.579,27.252,27.049,27.119,20.771,5.273,16.342
"1882-12",-11.525,-17.144,-16.704,12.645,20.758,12.721,21.112,26.472,25.314,24.446,26.303,26.186,NA,17.868,21.726,11.834,3.083,9.414,-0.321,14.21,21.602,27.891,27.838,27.15,27.574,18.706,24.384,25.599,-24.127,NA,NA,-3.911,9.377,NA,NA,13.598,20.856,25.112,27.302,28.338,22.35,25.003,14.526,15.808,0.702,2.188,-24.762,19.875,26.704,19.894,17.759,26.781,17.855,25.844,26.142,27.103,21.814,6.477,16.349
"1883-01",-10.741,-16.077,-18.109,11.544,18.15,10.342,19.195,26.061,24.522,24.823,25.894,26.397,NA,18.756,23.187,13.602,1.37,7.205,-2.341,12.769,21.182,28.18,27.969,27.183,27.782,19.799,25.265,26.256,-27.057,NA,NA,-7.248,9.425,NA,NA,11.147,21.416,25.153,26.572,27.517,22.669,26.215,15.655,17.19,3.026,4.059,-27.328,18.803,26.699,21.061,16.866,27.139,19.181,25.69,25.676,27.07,22.793,7.776,16.557
"1883-02",-12.702,-14.733,-21.114,11.396,18.698,10.571,19.451,25.966,24.273,24.818,25.663,26.286,NA,19.281,23.131,13.933,1.751,7.246,-2.997,12.488,23.166,28.413,28.353,27.958,27.922,20.989,25.833,26.397,-22.781,NA,NA,-7.111,9.126,NA,NA,11.035,25.641,25.732,26.408,27.205,23.745,25.695,16.06,17.456,2.879,4.33,-26.318,18.346,26.66,21.604,16.387,27.302,20.036,25.662,26.187,27.423,23.411,8.4,16.797
"1883-03",-11.896,-14.487,-17.376,11.381,19.505,11.737,20.136,26.482,24.323,25.264,26.031,26.474,NA,19.274,22.947,12.998,1.351,9.234,3.511,13.755,24.214,28.498,28.496,29.752,28.062,20.688,25.616,26.893,-26.949,NA,NA,-6.218,13.524,NA,NA,13.519,28.633,26.897,26.733,27.146,23.822,24.869,16.137,17.821,0.469,2.451,-27.921,18.477,26.805,21.463,16.335,27.453,20.177,26.538,27.593,28.055,23.696,7.871,16.819
"1883-04",-9.712,-10.948,-16.089,11.915,21.399,13.628,21.022,27.036,25.094,24.579,26.812,26.656,NA,18.353,22.169,10.786,2.24,10.419,10.866,14.869,27.381,27.707,28.253,31.759,28.538,20.258,24.969,26.475,-19.323,NA,NA,-1.565,18.698,NA,NA,15.869,35.259,28.262,27.599,28.003,23.223,23.776,15.569,16.413,-2.22,0.216,-22.345,19.051,27.05,20.733,16.827,27.439,19.558,27.908,29.066,28.725,23.188,6.911,16.918
"1883-05",-3.12,-2.234,-5.753,12.898,24.67,16.828,22.215,27.885,26.397,23.447,27.122,26.212,NA,17.292,20.226,9.094,4.618,12.95,20.415,17.842,28.581,27.192,27.75,34.403,28.466,19.212,23.751,25.337,-11.071,NA,NA,2.842,25.229,NA,NA,18.55,39.231,29.742,27.623,26.845,23.481,21.407,15.054,15.162,-5.606,-0.188,-12.281,19.846,27.061,19.628,18.036,27.287,18.119,28.655,30.056,28.493,22.096,6.024,17.075
"1883-06",2.211,3.768,1.651,14.208,27.402,20.124,24.081,27.992,27.122,22.471,26.908,25.539,NA,16.16,17.91,8.281,8.07,16.12,28.38,22.28,30.213,27.156,26.62,35.355,27.493,17.914,22.612,24.197,-0.434,NA,NA,7.478,32.355,NA,NA,21.277,44.234,29.832,27.49,25.281,21.879,19.151,13.269,13.999,-6.874,-2.392,-1.855,21.031,26.944,18.795,19.563,26.568,16.925,28.022,29.37,27.745,20.916,5.058,17.248
"1883-07",4.534,6.372,5.063,15.502,28.291,22.614,25.302,27.968,27.581,22.09,26.752,25.265,NA,15.501,17.917,6.602,9.866,18.417,31.51,26.002,30.781,26.731,24.56,33.362,26.211,16.504,21.285,22.969,1.317,NA,NA,10.729,34.787,NA,NA,24.082,45.157,28.22,27.286,24.874,20.676,18.529,12.612,12.59,-7.324,-4.576,0.267,22.274,26.57,18.013,21.135,25.584,16.178,26.798,28.158,27.118,19.765,4.494,17.223
"1883-08",4.988,6.454,5.108,16.468,28.399,23.595,25.594,27.8,27.741,21.961,27.059,25.005,NA,15.323,17.464,7.475,9.832,19.067,28.67,26.941,30.589,26.293,23.197,34.444,25.472,16.496,21.956,22.717,0.988,NA,NA,12.61,32.884,NA,NA,24.77,43.485,27.303,27.06,24.878,20.106,18.741,12.348,12.579,-7.712,-3.01,-0.853,23.076,26.254,17.56,22.103,25.093,15.403,25.825,27.415,26.814,19.417,4.246,17.185
"1883-09",2.316,2.489,2.249,16.488,28.593,22.561,25.548,27.94,27.538,22.099,27.172,25.093,NA,15.005,18.781,6.999,8.458,17.258,22.358,24.795,29.814,26.22,23.797,34.995,25.513,16.734,22.746,23.261,-2.292,NA,NA,10.48,29.389,NA,NA,24.566,41.392,27.446,27.128,25.392,19.912,19.872,12.621,12.804,-7.903,-4.084,-6.124,23.202,26.151,17.419,22.012,25.211,15.515,25.989,27.534,26.743,19.432,4.133,16.966
"1883-10",-3.707,-7.202,-4.386,15.671,26.297,20.212,24.528,27.634,27.277,22.312,26.767,25.605,NA,15.216,19.022,8.716,4.586,14.563,13.943,21.394,28.756,26.695,24.926,32.19,26.058,16.755,23.66,24.32,-10.856,NA,NA,6.772,23.756,NA,NA,20.549,36.641,28.157,26.96,26.312,21.2,21.013,12.976,13.29,-5.505,-2.91,-18.018,22.355,25.993,17.76,20.996,25.542,15.575,26.534,27.751,26.741,20.117,4.671,16.517
"1883-11",-6.598,-12.199,-8.812,14.066,22.236,16.097,22.743,26.299,26.309,22.852,26.256,25.933,NA,16.132,20.042,10.076,2.168,11.589,5.454,17.886,25.234,26.978,25.819,28.237,27.102,17.51,23.793,24.908,-17.884,NA,NA,2.737,16.831,NA,NA,15.692,28.472,27.219,26.686,27.559,21.527,22.75,13.792,14.46,-1.931,-1.309,-23.262,21.061,26.001,18.521,19.496,25.719,16.459,26.737,26.642,26.879,20.854,5.349,16.232
"1883-12",-11.141,-16.988,-17.377,12.807,20.751,11.956,21.432,25.805,25.258,23.698,25.724,25.782,NA,17.617,22.017,11.828,2.007,10.007,2.482,14.55,21.625,27.401,26.278,26.607,27.128,18.808,24.756,25.669,-22.542,NA,NA,-3.54,12.891,NA,NA,12.733,21.689,25.23,26.472,27.758,22.844,24.829,14.774,16.533,1.018,1.757,-26.944,19.736,25.963,19.681,17.765,25.949,17.666,25.7,25.154,26.614,21.867,6.517,16.181
"1884-01",-12.394,-19.637,-24.858,11.502,20.526,12.526,21.456,25.551,24.711,24.111,25.608,26.516,NA,18.084,23.059,12.248,0.483,6.746,0.284,12.407,20.854,27.364,26.802,25.67,26.273,20.011,24.671,25.734,-24.677,NA,NA,-3.445,11.568,NA,NA,10.148,21.163,24.472,25.719,27.313,23.436,25.099,16.056,17.775,3.502,3.925,-26.11,18.749,26.083,20.649,16.98,26.328,19.04,24.919,24.705,26.274,22.73,7.891,16.355
"1884-02",-11.455,-18.67,-20.279,12.241,19.623,10.908,20.591,25.466,24.539,24.731,25.795,26.258,NA,19.091,23.349,12.894,-0.148,6.279,-3.73,12.432,22.759,27.522,27.7,26.2,27.058,20.667,25.169,26.234,-29.058,NA,NA,-6.395,9.615,NA,NA,10.817,24.878,25.095,25.752,27.065,23.645,25.698,16.754,17.303,3.997,3.913,-29.812,18.169,26.191,21.251,16.517,26.714,19.683,24.992,24.855,26.677,23.481,8.408,16.506
"1884-03",-13.124,-20.273,-22.108,11.072,19.954,11.777,20.63,26.084,24.623,25.02,25.899,26.26,NA,19.031,22.464,12.875,1.384,7.729,4.741,12.763,24.164,27.2,27.546,27.752,27.411,20.338,24.711,26.137,-24.23,NA,NA,-3.219,14.504,NA,NA,11.106,28.316,25.983,26,27.457,24.259,24.664,16.577,17.259,1.801,2.586,-28.388,18.343,26.369,21.237,16.477,26.954,19.777,25.432,26.134,27.192,23.306,8.121,16.604
"1884-04",-8.513,-11.642,-15.055,12.319,20.83,13.612,21.495,26.628,25.174,24.374,26.313,26.213,NA,18.323,21.43,11.155,1.634,9.205,11.212,15.105,25.191,27.405,28.132,29.85,27.266,20.224,24.607,25.911,-18.377,NA,NA,-1.371,20.474,NA,NA,14.787,33.359,27.564,26.54,27.288,24.376,23.323,15.331,16.575,-0.432,-0.06,-21.446,18.799,26.626,20.586,16.974,27.019,19.084,26.654,27.65,27.545,22.831,7.239,16.73
"1884-05",-3.704,-5.247,-8.68,13.186,22.327,16.001,22.401,26.922,25.831,23.266,26.782,25.979,NA,17.52,20.221,10.118,3.795,12.368,19.474,17.548,27.657,26.626,27.74,32.415,26.59,19.367,23.815,24.781,-8.944,NA,NA,2.761,25.646,NA,NA,17.854,37.693,28.422,27.182,26.791,23.518,21.36,14.28,15.123,-3.606,-2.01,-13.317,19.56,26.717,19.591,17.976,26.751,18.098,27.81,29.099,27.761,22.025,6.229,16.876
"1884-06",1.701,3.374,0.577,14.671,25.26,19.345,23.85,27.07,26.404,22.57,26.52,25.485,NA,16.467,17.885,8.435,7.256,15.669,27.336,21.789,29.869,26.695,27.205,35.066,25.879,18.089,22.622,23.724,-0.205,NA,NA,6.908,30.913,NA,NA,19.853,43.385,28.806,27.346,25.977,21.768,19.635,13.15,13.61,-5.766,-2.909,-1.811,20.618,26.548,18.667,19.101,26.344,16.7,27.196,28.764,27.16,20.812,5.362,17.031
"1884-07",4.125,6.407,3.813,16.436,27.394,21.324,25.356,27.359,26.909,22.008,26.325,25.069,NA,15.331,17.334,7.065,8.99,18.299,30.096,25.01,29.931,26.459,25.204,34.368,25.262,16.878,21.287,23.104,1.371,NA,NA,10.608,33.612,NA,NA,22.298,44.197,27.82,26.718,25.305,20.734,18.962,12.482,12.607,-7.149,-3.117,0.228,21.871,26.258,17.95,20.361,25.757,15.964,26.275,27.518,26.608,19.614,4.613,16.979
"1884-08",3.768,5.552,3.844,17.228,27.616,22.853,25.601,27.329,27.147,21.336,26.656,24.882,NA,14.434,17.341,6.858,10.17,18.165,26.936,25.448,29.923,26.17,23.469,33.664,25.314,16.458,22.268,23.311,0.631,NA,NA,11.958,32.118,NA,NA,24.255,43.027,27.334,26.579,25.422,20.826,18.927,12.231,12.275,-7.509,-5.906,-0.677,22.751,25.839,17.492,21.199,25.186,15.363,25.802,27.033,26.255,19.435,4.429,16.937
"1884-09",0.222,0.335,-0.29,16.901,27.781,21.716,25.473,27.091,26.827,21.469,26.844,24.98,NA,14.202,17.976,7.476,9.025,17.164,21.099,23.167,30.317,26.078,23.735,35.016,25.626,16.388,22.453,23.502,-2.173,NA,NA,9.797,28.284,NA,NA,23.404,40.515,27.208,26.653,25.871,20.552,19.873,12.704,12.678,-7.906,-3.451,-6.435,22.811,25.579,17.405,21.091,25.015,15.16,25.75,26.975,26.299,19.32,4.384,16.683
"1884-10",-5.477,-8.798,-7.112,16.238,25.238,18.474,24.54,26.542,26.521,21.499,26.899,25.507,NA,14.208,18.527,8.72,6.179,13.985,15.734,19.932,28.181,26.002,25.019,31.352,25.97,17.009,23.656,24.523,-10.477,NA,NA,5.192,23.219,NA,NA,19.825,35.641,27.998,26.789,26.89,20.698,21.087,13.207,13.679,-7.033,-2.193,-18.39,22.071,25.422,17.707,20.086,25.533,15.463,26.335,27.723,26.34,19.855,4.666,16.23
"1884-11",-11.085,-16.817,-14.276,12.588,23.473,16.449,22.677,26.103,25.833,22.254,26.151,25.925,NA,15.323,19.391,10.281,3.608,11.114,7.29,16.907,24.797,26.636,25.878,28.083,26.588,17.554,23.833,24.645,-19.376,NA,NA,-0.739,17.09,NA,NA,15.47,28.469,27.358,26.603,27.625,21.244,23.608,13.707,14.923,-2.697,-0.467,-26.101,20.789,25.466,18.549,18.767,25.718,16.306,26.755,26.842,26.498,20.569,5.333,15.934
"1884-12",-14.227,-17.819,-21.037,11.193,20.995,13.771,20.546,25.746,24.893,23.189,25.014,26.143,NA,16.849,21.359,12.178,1.42,9.017,3.266,13.52,20.65,27.234,26.594,26.771,27.013,18.86,24.674,25.352,-22.935,NA,NA,-3.133,11.448,NA,NA,11.126,20.511,25.076,26.113,27.179,22.007,24.527,14.546,16.144,0.549,2.063,-30.329,19.518,25.45,19.592,17.596,26.051,17.794,25.511,25.576,26.374,21.627,6.482,15.873
"1885-01",-13.748,-17.213,-23.687,11.081,19.381,10.887,19.749,25.343,24.416,23.972,25.087,26.055,NA,18.124,22.794,12.861,0.972,8.229,-2.092,12.322,20.547,27.116,26.766,25.552,26.683,20.278,25.372,26.095,-25.312,NA,NA,-6.653,8.692,NA,NA,9.912,20.517,23.905,25.816,27.162,23.322,24.993,15.519,17.534,2.708,4.437,-26.864,18.527,25.553,20.639,16.743,25.993,19.119,24.644,24.814,26.242,22.882,7.828,16.204
"1885-02",-14.395,-22.114,-28.167,9.521,18.933,9.771,19.904,25.486,24.152,24.356,25.048,25.967,NA,18.658,22.89,12.989,0.472,7.232,0.046,11.843,21.921,27.484,27.25,26.261,26.843,21.057,25.484,26.368,-27.475,NA,NA,-3.083,10.98,NA,NA,9.647,23.628,24.341,25.753,27.399,24.92,24.403,16.67,17.604,3.128,4.706,-28.821,18.251,25.648,21.211,16.162,26.368,19.74,24.266,25.124,26.599,23.516,8.499,16.367
"1885-03",-13.474,-19.849,-19.588,10.886,20.253,10.772,20.647,26.044,24.445,24.747,25.825,26.038,NA,18.746,23.023,12.153,0.781,7.854,5.422,13.156,23.938,27.447,27.686,27.118,27.216,20.482,25.218,26.335,-26.592,NA,NA,-2.72,15.02,NA,NA,12.098,29.336,25.782,25.666,26.855,24.698,24.326,16.147,17.907,0.78,2.782,-31.183,18.169,26.084,21.142,16.186,26.759,20.03,25.469,26.114,26.974,23.121,8.053,16.386
"1885-04",-10.355,-13.808,-14.812,10.85,20.893,12.984,21.119,26.837,25.084,24.043,26.338,26.096,NA,17.925,21.146,10.886,2.44,10.935,9.504,15.186,25.882,26.957,27.768,29.148,26.802,19.475,24.439,26.051,-18.86,NA,NA,-0.555,17.65,NA,NA,15.676,33.23,27.082,26.596,27.152,23.855,22.92,15.141,16.765,-1.763,0.077,-24.596,18.787,26.144,20.473,16.689,26.903,19.217,27.063,27.639,27.401,22.516,7.173,16.546
"1885-05",-3.348,-3.557,-6.583,12.127,23.034,16.459,22.216,26.284,25.548,22.655,25.964,26.021,NA,16.946,19.878,8.849,4.791,13.472,18.915,17.829,27.71,26.276,26.891,31.041,26.44,18.804,23.245,24.906,-9.569,NA,NA,3.603,24.941,NA,NA,18.21,38.397,28.669,27.185,26.686,22.727,21.12,14.431,15.1,-5.127,-0.626,-12.619,19.519,26.127,19.507,17.681,26.529,18.066,28.135,29.113,27.385,21.472,6.091,16.733
"1885-06",2.315,3.657,1.182,13.222,25.741,19.343,23.405,26.739,26.447,21.517,26.156,25.403,NA,15.724,17.968,8.031,7.439,16.396,26.499,22.233,29.716,26.744,26.542,32.863,26.072,17.98,22.48,23.89,-0.924,NA,NA,8.092,31.114,NA,NA,20.909,43.345,28.806,27.282,25.852,21.772,19.299,13.627,13.965,-7.681,-1.753,-1.676,20.609,26.105,18.666,19.177,26.131,16.787,27.206,28.484,27.031,20.433,5.286,16.969
"1885-07",4.182,5.653,4.13,14.793,27.223,22.183,24.205,26.624,26.804,21.081,26.137,25.034,NA,15.066,17.663,7.2,9.873,19.507,30.945,25.724,30.866,26.316,24.817,32.846,25.515,17.047,22.079,23.293,1.6,NA,NA,11.26,34.149,NA,NA,23.35,44.519,27.707,26.925,25.134,21.167,18.135,12.822,12.786,-7.965,-1.791,0.119,21.763,25.836,17.833,20.659,25.419,15.81,26.147,27.695,26.614,19.742,4.644,17
"1885-08",4.264,4.596,3.835,15.688,27.803,23.199,24.964,26.865,27.036,20.78,26.693,24.844,NA,14.123,16.946,7.251,10.417,19.049,30.876,26.144,30.39,26.081,23.64,33.259,25.257,16.663,21.78,22.84,0.633,NA,NA,12.751,34.178,NA,NA,24.469,43.253,27.037,26.717,24.967,20.374,18.954,12.838,12.512,-8.76,-3.959,-0.977,22.606,25.376,17.481,21.529,25.079,15.149,25.554,27.149,26.317,19.151,4.235,16.888
"1885-09",0.958,0.207,1.193,16.107,28.043,22.127,25.227,27.194,27.095,20.835,26.861,24.943,NA,14.35,18.265,8.211,9.084,16.547,22.2,23.279,30.609,25.861,23.981,33.951,25.648,16.213,22.397,23.278,-2.488,NA,NA,10.98,29.482,NA,NA,23.539,41.128,27.256,27.035,25.857,20.084,20.215,12.626,12.729,-8.289,-3.433,-7.368,22.698,25.223,17.465,21.539,25.114,15.247,25.648,27.635,26.498,19.122,4.277,16.705
"1885-10",-5.277,-6.682,-6.612,15.07,26.068,19.42,24.005,26.756,26.768,21.601,26.9,25.551,NA,14.513,18.752,8.875,5.195,13.305,15.564,19.997,28.691,26,25.243,31.97,26.218,16.983,23.479,24.274,-13.83,NA,NA,5.318,23.546,NA,NA,21.223,36.403,27.54,27.214,27.003,20.087,21.568,12.757,13.606,-5.904,-2.312,-20.612,21.925,25.206,17.848,20.439,25.523,15.612,26.031,27.352,26.473,19.495,4.626,16.201
"1885-11",-9.45,-14.075,-10.256,12.931,23.315,16.81,22.421,26.452,26.199,22.406,26.547,25.917,NA,15.57,20.234,9.946,1.634,10.92,9.056,17.197,24.515,27.271,26.221,28.464,26.954,17.351,23.825,24.931,-21.499,NA,NA,-0.926,16.82,NA,NA,16.772,27.367,26.709,26.938,27.871,21.476,22.653,13.519,15.118,-2.407,-0.123,-26.57,20.872,25.221,18.646,19.008,25.836,16.56,26.369,26.614,26.523,20.446,5.281,15.978
"1885-12",-13.803,-15.003,-19.965,10.637,20.892,11.864,20.31,26.084,25.402,22.912,26.058,25.498,NA,17.193,21.635,11.627,0.155,9.408,7.666,15.489,22.222,27.546,26.628,27.03,27.039,18.785,24.364,25.44,-24.916,NA,NA,-3.002,14.32,NA,NA,12.885,22.156,25.253,26.253,27.491,22.567,23.824,14.851,15.914,0.762,2.045,-28.3,19.42,25.303,19.722,17.538,26.053,17.777,25.778,25.834,26.424,21.84,6.404,15.946
"1886-01",-15.66,-20.188,-25.215,9.77,18.428,9.944,19.355,25.531,24.428,23.862,25.469,25.534,NA,18.237,23,12.334,1.743,8.599,1.449,12.378,20.404,27.419,26.752,26.547,26.684,19.794,24.585,25.597,-20.698,NA,NA,-5.621,9.931,NA,NA,11.175,20.337,24.296,25.893,27.032,23.31,24.203,16.028,17.279,3.063,3.68,-26.23,18.522,25.557,20.679,16.433,26.104,19.087,24.845,25.102,26.461,22.785,7.655,16.248
"1886-02",-12.08,-19.225,-20.613,9.739,19.429,10.425,19.547,25.643,24.528,24.95,25.462,25.673,NA,19.29,23.507,12.786,-0.717,6.722,-1.116,12.589,22.923,27.454,27.322,27.302,27.223,20.589,24.939,26.056,-25.057,NA,NA,-5.963,11.776,NA,NA,10.201,25.402,25.271,25.849,27.027,24.258,24.831,16.645,17.58,3.036,4.007,-27.298,18.044,25.856,21.235,16.245,26.403,19.903,24.828,25.49,26.66,23.329,8.239,16.478
"1886-03",-11.656,-19.343,-18.076,9.689,20.352,12.106,19.868,26.252,24.67,25.015,25.836,26.029,NA,18.859,22.962,11.718,0.037,6.894,3.659,12.622,25.078,27.285,27.869,28.295,27.527,20.457,24.809,25.747,-25.466,NA,NA,-3.094,14.613,NA,NA,11.879,29.84,26.463,26.318,26.8,24.925,23.905,16.441,17.328,1.226,2.012,-27.124,18.184,26.243,21.234,16.244,26.915,19.924,25.714,26.915,27.323,23.212,7.839,16.546
"1886-04",-9.862,-16.068,-14.394,10.039,21.944,14.24,20.888,27.015,25.327,24.394,26.27,26.15,NA,17.934,21.936,9.654,1.773,11.074,13.343,15.194,26.194,27.198,28.297,31.068,27.147,20.166,23.833,24.761,-19.271,NA,NA,-0.245,20.541,NA,NA,15.599,34.648,27.59,26.95,26.644,24.178,22.332,16.123,15.809,-0.71,0.183,-22.996,18.801,26.368,20.53,16.702,27.007,19.215,26.986,28.264,27.624,22.532,7.019,16.653
"1886-05",-3.602,-3.578,-6.528,11.24,24.617,17.518,21.864,26.831,26.088,23.079,26.464,25.566,NA,16.736,20.063,8.043,5.768,13.673,19.551,18.142,27.616,26.678,27.468,32.556,26.518,18.872,23.411,24.496,-8.954,NA,NA,2.521,26.282,NA,NA,18.587,39.767,29.235,27.226,26.08,23.412,19.853,14.869,14.539,-4.369,-1.666,-9.238,19.506,26.404,19.601,17.858,26.517,18.128,28.194,29.372,27.525,21.671,6.089,16.917
"1886-06",1.302,4.035,1.181,12.737,26.816,20.707,23.694,27.458,26.781,22.037,26.365,25.47,NA,15.451,18.393,6.765,8.957,16.659,26.122,21.837,30.279,26.218,26.58,35.256,25.915,16.822,21.826,23.354,-0.623,NA,NA,7.555,29.246,NA,NA,21.191,43.332,28.872,27.283,25.518,21.988,19.086,13.929,13.392,-6.186,-2.782,-1.844,20.791,26.21,18.583,19.206,25.962,16.858,27.043,29.009,27.101,20.453,5.303,17.007
"1886-07",3.568,5.352,4.604,14.408,27.349,22.707,24.184,27.176,26.928,21.609,26.399,24.899,NA,14.848,17.391,6.026,11.313,19.057,32.636,25.683,30.272,26.161,25.226,32.887,24.761,16.423,21.12,22.397,1.599,NA,NA,12.21,34.464,NA,NA,23.565,44.23,27.654,26.993,24.974,21.18,18.591,13.115,12.656,-7.652,-4.09,0.2,21.883,25.92,17.854,20.681,25.305,15.904,25.851,27.928,26.397,19.509,4.594,17.002
"1886-08",3.824,4.593,5.039,15.475,27.843,23.443,24.956,27.155,27.253,21.596,26.761,24.24,NA,14.797,18.058,6.549,11.136,20.842,30.106,27.029,29.699,26.109,23.637,33.179,24.261,16.039,21.608,22.478,0.754,NA,NA,13,33.841,NA,NA,24.528,42.395,27.247,27.016,24.994,20.39,19.024,12.809,12.644,-7.432,-3.133,-0.78,22.734,25.694,17.467,21.568,24.783,15.331,25.376,27.811,26.253,19.17,4.286,17
"1886-09",1.226,-0.492,2.209,15.448,27.834,22.373,24.746,27.225,27.157,21.576,26.859,24.414,NA,14.541,17.874,7.711,8.577,17.717,23.424,23.788,30.41,25.724,23.671,34.076,24.843,15.765,21.641,22.851,-4.086,NA,NA,11.515,29.963,NA,NA,23.692,40.842,27.554,27.014,25.894,20.967,19.407,12.904,12.662,-6.948,-3.358,-9.414,22.898,25.474,17.466,21.638,24.836,15.005,25.642,27.665,26.575,19.223,4.37,16.725
"1886-10",-3.871,-10.454,-6.047,15.157,26.078,19.969,24.16,27.239,26.701,22.361,26.594,25.286,NA,15.006,19.145,8.196,6.742,15.268,12.716,20.191,27.993,26.328,24.638,31.539,26.033,16.053,22.384,23.419,-12.819,NA,NA,6.929,21.934,NA,NA,20.849,35.321,28.017,27.088,26.62,20.961,20.338,13.181,13.332,-5.849,-3.067,-14.953,22.216,25.544,17.669,20.67,25.306,15.417,26.319,27.575,26.706,19.618,4.71,16.417
"1886-11",-8.531,-16.365,-10.847,11.496,25.24,17.93,22.564,26.645,26.192,22.809,25.71,25.66,NA,16.047,20.691,10.1,4.009,11.644,4.84,16.516,24.627,27.231,25.868,28.376,26.394,17.07,23.249,24.235,-20.896,NA,NA,-0.007,15.43,NA,NA,16.33,26.979,27.093,26.836,27.205,21.104,22.045,13.66,14.423,-3.06,-0.148,-24.271,20.913,25.56,18.49,19.315,25.685,16.4,26.457,26.99,26.642,20.203,5.338,16.052
"1886-12",-11.747,-14.215,-16.522,10.121,21.943,14.225,20.855,25.843,25.229,23.573,25.219,25.494,NA,17.424,21.997,10.978,1.862,10.7,3.521,14.578,22.006,27.329,26.427,26.491,26.658,18.756,24.426,25.089,-21.949,NA,NA,-5.326,12.177,NA,NA,12.163,21.905,25.3,26.058,27.233,21.807,23.996,14.509,15.987,0.555,1.826,-24.327,19.511,25.657,19.558,17.973,25.813,17.588,25.549,25.638,26.468,21.573,6.398,16.075
"1887-01",-14.623,-20.077,-24.627,9.733,21.644,12.147,20.307,25.536,24.565,24.585,25.297,26.011,NA,18.295,23.389,11.849,0.514,7.656,4.267,12.931,20.507,27.342,26.889,26.278,26.186,20.338,24.735,25.535,-26.716,NA,NA,-5.122,12.292,NA,NA,11.211,20.848,24.247,25.985,27.535,22.741,24.874,16.01,17.904,2.936,3.791,-27.906,18.614,25.973,20.522,16.823,26.248,18.783,24.758,25.26,26.355,22.691,7.615,16.246
"1887-02",-14.822,-20.324,-23.351,10.182,20.394,10.986,20.201,25.564,24.218,24.719,25.627,26.379,NA,18.715,23.11,12.72,2.012,8.478,1.255,12.296,22.182,27.44,27.522,26.99,26.04,20.644,24.593,25.374,-24.862,NA,NA,-7.151,12.185,NA,NA,10.801,24.569,25.019,25.782,26.993,23.69,24.729,16.456,18.836,2.955,4.03,-26.301,18.17,26.224,21.281,16.51,26.442,19.637,24.708,25.49,26.644,22.987,8.15,16.474
"1887-03",-13.542,-16.822,-21.587,9.367,21.465,12.627,20.8,26.006,24.148,24.527,25.938,26.393,NA,18.573,22.661,11.606,1.273,7.615,0.041,13.001,23.181,27.625,27.79,27.727,27.222,20.091,24.891,25.858,-19.71,NA,NA,-2.44,11.521,NA,NA,12.156,26.203,25.87,26.151,26.581,23.704,24.018,16.558,17.562,0.948,1.667,-23.692,18.325,26.258,21.268,16.404,26.838,19.826,25.371,26.461,27.31,23.026,7.846,16.641
"1887-04",-9.577,-13.497,-14.988,10.985,22.551,14.619,21.527,27.004,25.319,24.814,26.244,26.108,NA,18.02,21.361,10.559,2.976,10.149,9.702,14.978,26.51,27.304,27.922,30.352,27.171,19.2,23.814,25.453,-18.09,NA,NA,-0.976,18.605,NA,NA,15.491,34.365,27.514,26.885,27.022,23.728,22.526,15.481,16.46,-2.547,0.012,-22.889,18.952,26.586,20.657,17.016,26.793,19.075,26.802,28.403,27.873,22.58,7.024,16.729
"1887-05",-4.452,-3.664,-7.326,11.619,24.855,17.453,22.356,27.072,26.18,23.28,26.429,25.683,NA,17.25,20.186,8.957,5.131,13.316,19.537,17.774,27.572,26.733,26.845,31.9,26.872,18.05,22.655,24.837,-9.058,NA,NA,2.806,24.347,NA,NA,18.536,38.431,28.854,27.413,26.34,23.132,20.908,14.723,14.952,-4.915,-1.559,-11.169,19.636,26.654,19.462,17.933,26.472,17.931,28.113,29.359,28.01,21.61,6.095,16.873
"1887-06",1.413,3.986,1.37,12.978,26.37,20.328,23.786,27.225,26.81,22.372,26.226,25.444,NA,15.77,18.611,7.994,7.956,16.439,27.411,22.717,29.787,26.782,25.922,33.446,25.776,16.812,21.846,23.518,0.423,NA,NA,7.487,31.268,NA,NA,21.906,43.516,28.654,27.45,25.433,21.684,19.612,13.852,13.775,-4.918,-4.627,-0.78,20.853,26.564,18.524,19.325,25.865,16.839,26.911,28.899,27.23,20.598,5.234,17.086
"1887-07",3.861,5.712,4.43,14.664,27.983,22.625,25.168,27.536,27.238,21.831,26.399,25.018,NA,15.246,18.411,6.451,10.19,18.36,30.784,25.835,29.298,26.236,23.862,33.132,25.062,15.918,20.768,22.305,1.811,NA,NA,10.892,34.792,NA,NA,23.762,43.614,27.557,27.071,25.045,20.504,18.733,12.836,12.834,-7.272,-5.524,0.369,22.039,26.368,17.798,20.58,24.868,15.938,25.749,28.087,26.611,19.596,4.595,17.015
"1887-08",4.263,5.209,4.55,15.899,28.53,23.614,26.01,27.608,27.434,21.649,26.581,24.331,NA,14.509,18.082,5.853,10.776,19.394,27.75,26.567,29.148,25.675,22.514,32.182,24.807,15.926,21.142,22.18,1.044,NA,NA,12.044,32.994,NA,NA,25.165,42.881,27.061,27.032,25.234,20.066,19.004,12.55,12.706,-8.005,-4.904,-0.414,22.922,26.087,17.306,21.503,24.182,15.405,25.292,27.526,26.342,19.304,4.333,17.005
"1887-09",1.625,2.177,1.811,16.12,28.063,22.441,24.923,27.19,27.192,21.431,26.558,24.517,NA,14.158,17.93,7.651,7.999,16.388,24.499,23.91,29.685,25.468,23.272,33.967,25.13,15.889,21.699,22.33,-3.174,NA,NA,11.329,30.652,NA,NA,23.58,40.704,27.309,27.235,25.877,19.74,20.069,12.919,13.163,-7.845,-3.8,-6.444,22.977,25.795,17.386,21.644,24.294,15.076,25.265,27.813,26.442,19.143,4.431,16.763
"1887-10",-3.515,-6.016,-5.63,14.522,27.277,19.891,24.046,26.99,26.794,21.89,26.64,24.859,NA,14.9,18.94,8.937,5.548,13.607,16.468,19.77,28.65,25.657,24.284,31.163,26.304,16.266,22.619,23.78,-13.105,NA,NA,7.005,25.222,NA,NA,20.925,35.893,27.737,27.228,27.088,20.062,21.618,12.849,13.527,-4.948,-3.315,-18.527,22.289,25.843,17.769,20.495,24.893,15.63,26.075,27.641,26.695,19.709,4.622,16.344
"1887-11",-7.921,-12.509,-10.134,13.486,23.524,15.486,22.373,26.343,25.893,22.63,25.976,25.338,NA,15.898,20.105,9.704,1.953,9.888,9.125,16.41,25.399,26.772,25.722,28.473,26.876,16.938,22.845,24.329,-20.562,NA,NA,0.777,18.963,NA,NA,16.141,28.629,27.028,26.882,27.784,20.428,23.722,13.324,14.477,-2.195,-1.276,-24.579,21.104,25.934,18.847,19.072,25.357,16.478,26.382,26.716,26.655,20.119,5.359,16.042
"1887-12",-10.735,-13.094,-16.337,12.368,21.611,12.809,20.986,25.958,25.329,23.429,25.59,25.659,NA,17.259,22.18,11.01,0.738,8.523,3.084,13.945,21.717,27.324,26.222,26.717,27.37,18.497,24.06,25.34,-24.833,NA,NA,-4.048,12.797,NA,NA,12.233,21.36,25.514,26.394,27.711,21.488,24.425,14.395,15.656,0.747,1.654,-26.644,19.731,26.039,19.778,17.82,25.665,17.73,25.671,25.665,26.528,21.415,6.564,16.081
"1888-01",-11.408,-19.016,-20.096,11.524,19.697,10.763,19.9,25.52,24.594,24.477,25.438,25.472,NA,18.271,23.411,11.769,0.742,5.837,-2.159,11.047,21.488,27.587,26.766,25.735,26.522,19.642,24.864,25.719,-26.083,NA,NA,-5.354,10.695,NA,NA,11.397,21.925,24.712,25.905,27.214,21.995,25.297,15.558,17.072,2.813,3.823,-28.524,18.678,26.23,20.883,16.822,26.122,18.941,24.966,25.115,26.364,22.588,7.909,16.311
"1888-02",-13.044,-20.713,-20.003,9.305,20.654,11.661,20.049,26.062,24.707,25.042,25.595,25.906,NA,18.815,24.317,11.978,-1.587,7.72,1.454,12.965,23.15,27.843,27.244,26.557,27.004,20.785,25.207,25.939,-28.393,NA,NA,-5.133,13.27,NA,NA,10.812,25.446,25.444,25.865,27.166,23.46,25.968,16.277,18.022,3.408,4.31,-29.576,18.201,26.503,21.497,16.475,26.474,19.91,25.08,25.473,26.624,23.228,8.538,16.556
"1888-03",-14.555,-14.68,-23.151,10.629,19.889,12.118,20.153,26.204,24.375,25.285,25.83,26.148,NA,18.552,22.818,11.16,1.609,8.193,3.547,12.664,25.667,27.708,28.01,29.317,28.013,20.59,25.159,25.98,-21.765,NA,NA,-5.899,15.339,NA,NA,13.489,30.398,26.472,26.381,27.035,23.817,24.357,16.513,17.472,1.416,2.807,-24.778,18.405,26.722,21.295,16.415,26.863,20.01,26.138,26.628,27.354,23.384,8.29,16.754
"1888-04",-10.812,-14.5,-17.006,10.693,21.167,13.905,20.279,27.099,25.156,24.795,26.97,26.241,NA,18.239,21.473,10.784,2.308,10.735,12.893,15.125,26.822,27.675,28.236,29.761,27.513,20.037,24.187,25.394,-18.851,NA,NA,-2.913,19.886,NA,NA,16.727,33.57,27.796,27.241,27.736,24.045,23.112,15.872,16.756,-1.394,0.867,-22.41,18.877,26.911,20.649,16.915,27.137,19.301,27.434,28.597,28.048,22.612,7.328,16.825
"1888-05",-3.865,-3.087,-8.875,12.415,23.586,17.239,21.763,27.46,26.276,23.778,27.32,25.796,NA,16.758,20.092,8.321,4.671,12.72,19.105,18.403,27.689,27.371,27.756,30.564,27.094,18.843,23.43,24.661,-9.283,NA,NA,1.94,25.305,NA,NA,19.31,38.192,29.453,27.564,27.072,23.195,21.344,15.119,15.587,-4.577,-0.64,-11.575,19.749,26.958,19.548,17.932,26.829,18.088,28.575,29.534,27.957,21.658,6.388,17.016
"1888-06",1.798,4.529,0.881,13.799,26.245,20.661,23.669,28.199,27.095,23.751,26.886,25.691,NA,16.223,19.203,7.699,7.947,15.553,28.574,22.359,29.14,26.833,26.397,34.642,26.595,17.437,22.208,23.546,0.219,NA,NA,7.564,31.567,NA,NA,21.837,43.096,29.273,27.616,25.883,22.284,19.944,14.429,14.373,-6.218,-2.857,-0.477,21.002,26.994,18.495,19.316,26.215,16.982,27.58,29.328,27.471,20.524,5.374,17.219
"1888-07",4.595,6.706,4.235,15.251,27.463,22.896,24.335,27.594,27.335,22.997,26.804,25.208,NA,15.241,17.976,6.436,9.607,18.782,31.353,25.843,29.527,26.622,23.823,33.589,25.813,16.786,22.246,23.287,1.332,NA,NA,11.597,35.111,NA,NA,23.688,44.644,28.388,27.13,25.237,21.012,18.911,13.305,13.677,-6.915,-3.741,0.272,22.016,26.734,17.739,20.73,25.328,15.839,26.758,28.561,26.93,19.855,4.822,17.175
"1888-08",4.406,6.3,4.274,16.284,28.181,23.538,25.227,27.745,27.547,22.506,27.066,24.572,NA,14.334,17.483,6.543,10.278,18.606,29.874,26.357,30.133,26.038,22.976,34.28,25.321,16.126,22.383,23.133,0.328,NA,NA,12.448,34.597,NA,NA,25.187,44.125,27.741,27.059,25.231,20.004,19.819,12.8,13.239,-7.998,-6.657,-1.231,23.015,26.576,17.422,21.801,24.68,15.331,26.045,27.666,26.653,19.379,4.353,17.109
"1888-09",0.77,1.514,0.834,16.605,28.151,22.489,25.977,27.902,27.506,22.548,27.059,24.721,NA,14.503,17.732,6.996,9.372,16.801,22.788,23.926,30.063,25.884,23.744,34.776,25.567,16.245,23.139,23.947,-2.551,NA,NA,11.223,30.048,NA,NA,24.148,41.91,27.672,27.189,25.857,20.117,19.94,13.029,13.276,-7.946,-4.953,-7.883,23.239,26.488,17.35,21.685,24.861,15.032,26.032,27.82,26.901,19.532,4.283,16.915
"1888-10",-4.877,-5.284,-6.341,15.476,26.527,19.81,24.495,27.373,26.971,22.851,26.668,25.302,NA,14.751,18.332,7.862,5.553,14.108,14.443,19.795,28.213,26.299,24.65,31.148,26.751,15.889,23.29,24.618,-11.971,NA,NA,4.781,23.598,NA,NA,21.266,36.39,28.229,27.213,26.856,20.715,21.985,13.422,14.007,-5.295,-3.399,-17.339,22.415,26.526,17.679,20.812,25.166,15.323,26.901,28.101,27.185,20.061,4.584,16.476
"1888-11",-8.393,-11.414,-9.622,14.109,22.926,15.763,22.595,26.809,26.102,23.437,26.517,25.808,NA,15.542,20.855,9.476,2.453,10.84,9.855,16.705,24.909,26.692,25.695,29.295,27.504,17.001,23.671,25.052,-20.968,NA,NA,-2.799,18.23,NA,NA,16.812,28.665,27.882,27.281,27.858,21.561,22.69,14.023,14.521,-2.985,-0.808,-22.815,21.105,26.532,18.45,19.208,25.494,16.407,27.353,27.337,27.318,20.502,5.279,16.197
"1888-12",-10.106,-13.504,-16.321,12.862,20.736,14.003,21.648,26.357,25.289,24.052,25.742,26.234,NA,17.034,21.84,11.198,1.263,8.089,3.738,14.114,22.731,27.367,26.51,27.394,27.427,18.446,24.774,25.981,-23.975,NA,NA,-5.579,12.81,NA,NA,12.693,23.616,25.953,26.723,27.566,22.165,23.653,14.994,16.493,0.101,1.483,-25.637,19.8,26.365,19.663,18.141,25.899,17.718,26.216,26.32,27.066,21.487,6.319,16.209
"1889-01",-12.519,-17.27,-22.393,11.747,19.323,11.217,20.448,25.942,24.766,24.635,25.608,25.859,NA,18.525,22.595,12.499,0.044,6.793,-1.28,12.169,21.314,27.603,27.081,26.619,27.347,19.551,25.471,26.386,-25.749,NA,NA,-6.361,10.302,NA,NA,10.632,21.375,24.841,26.636,27.52,22.966,24.529,16.123,17.776,2.317,3.458,-25.612,18.941,26.321,20.741,16.996,26.325,18.887,25.225,25.925,27.037,22.613,7.492,16.424
"1889-02",-12.915,-18.514,-25.405,11.4,19.545,11.602,20.451,25.9,24.463,25.165,25.807,26.054,NA,19.041,22.524,12.343,-0.739,6.448,-1.429,12.449,22.351,27.573,27.424,27.403,26.697,20.544,25.19,25.814,-29.612,NA,NA,-7.737,11.842,NA,NA,12.157,25.557,25.552,26.548,27.779,23.479,25.81,16.305,19.239,2.42,3.578,-27.492,18.388,26.473,21.465,16.643,26.513,19.553,25.339,26.253,27.366,23.014,7.926,16.518
"1889-03",-14.438,-17.203,-23.385,11.451,19.961,11.364,20.426,26.365,24.782,24.748,26.154,26.249,NA,19.554,22.408,12.063,-1.206,7.232,4.115,12.736,24.071,27.368,27.921,29.616,27.776,20.723,25.462,26.025,-27.598,NA,NA,-4.768,14.883,NA,NA,14.235,29.379,26.967,26.853,27.807,24.449,24.661,16.119,18.046,0.284,1.949,-28.278,18.59,26.518,21.366,16.391,26.878,19.677,26.566,27.34,27.971,23.279,7.687,16.607
"1889-04",-8.344,-11.104,-13.366,11.459,21.782,13.978,21.279,27.266,25.657,24.429,26.733,26.19,NA,18.88,20.895,10.808,1.293,10.111,10.98,14.95,26.109,27.045,27.494,31.196,27.801,19.936,24.995,25.902,-16.984,NA,NA,-2.592,18.385,NA,NA,15.996,34.134,28.284,27.534,28.101,23.807,22.841,15.662,16.366,-2.019,-0.235,-20.544,19.083,26.523,20.593,16.987,26.881,18.976,28.033,29.008,28.25,22.715,6.965,16.853
"1889-05",-4.327,-3.691,-7.392,12.495,24.401,17.002,22.15,27.148,26.369,22.777,27.122,26.018,NA,17.447,18.605,9.043,5.431,13.259,18.051,17.537,27.225,26.853,27.008,33.784,27.486,18.366,23.114,24.809,-9.206,NA,NA,2.176,24.44,NA,NA,19.071,38.784,29.208,27.948,27.536,22.512,21.131,14.475,15.293,-4.701,-1.517,-12.526,19.794,26.43,19.738,17.814,26.694,17.763,28.452,29.059,28.007,21.582,5.962,16.927
"1889-06",1.776,4.197,0.353,14.269,26.659,20.671,23.904,27.251,27.052,21.539,26.828,25.586,NA,16.233,17.847,7.579,8.227,16.084,26.88,22.119,29.832,26.548,25.748,34.9,26.824,17.498,22.085,23.783,-0.047,NA,NA,7.428,31.872,NA,NA,21.673,44.196,28.664,27.605,26.234,21.624,19.53,13.629,14.228,-6.064,-3.055,-0.242,20.912,26.089,18.712,19.465,26.068,16.674,27.016,28.537,27.423,20.533,5.056,17.102
"1889-07",4.112,6.476,4.227,15.457,27.619,23.276,24.63,26.913,27.215,20.826,26.498,24.987,NA,15.126,17.496,7.006,10.207,18.266,31.637,25.904,29.935,26.192,24.278,32.561,25.642,16.501,21.519,23.094,1.597,NA,NA,10.546,34.146,NA,NA,23.825,44.491,27.872,27.318,25.724,20.644,19.02,12.756,12.854,-7.894,-6.308,0.201,22.027,25.653,18.156,21.272,25.22,15.82,26.033,28.06,26.671,19.645,4.506,17.064
"1889-08",4.543,5.533,4.469,16.142,28.458,23.773,25.318,27.269,27.525,20.594,26.876,24.542,NA,14.497,17.532,7.534,11.012,19.642,28.009,26.424,30.273,25.781,23.455,31.567,25.018,16.097,21.759,22.877,0.443,NA,NA,11.706,32.92,NA,NA,25.189,43.542,27.238,27.287,25.761,19.966,18.745,12.602,12.587,-9.507,-3.779,-1.093,22.868,25.159,17.68,22.141,24.583,15.281,25.529,27.879,26.377,19.219,4.297,17.013
"1889-09",1.049,0.551,1.246,16.64,28.154,22.918,25.192,26.945,27.379,20.69,26.825,24.499,NA,14.391,18.353,7.393,9.786,18.03,21.201,24.934,30.232,25.549,23.818,34.182,25.441,15.832,22.458,23.518,-3.88,NA,NA,10.271,29.127,NA,NA,24.292,41.422,27.442,27.314,26.296,20.296,19.917,12.48,12.851,-8.216,-3.391,-7.583,22.9,24.905,17.608,21.962,24.542,15.032,25.675,27.764,26.576,19.413,4.167,16.766
"1889-10",-5.547,-6.014,-6.085,15.6,25.793,19.806,24.487,26.565,26.8,21.477,26.497,25.108,NA,14.857,18.996,7.913,7.547,14.534,12.536,20.564,28.644,25.931,25.087,31.378,25.952,16.994,22.988,23.75,-13.139,NA,NA,6.675,22.795,NA,NA,21.369,35.496,27.698,27.215,27.172,20.816,21.898,13.168,13.834,-5.827,-1.899,-21.549,22.259,24.82,17.868,20.716,25.088,15.29,25.975,27.4,26.567,19.716,4.432,16.251
"1889-11",-9.244,-14.268,-10.274,14.309,23.048,15.122,23.181,25.741,25.866,22.156,26.452,25.749,NA,16.058,21.144,9.906,4.599,12.159,7.873,16.944,24.761,27.089,26.333,28.683,26.868,17.745,23.898,24.698,-19.772,NA,NA,-0.088,16.656,NA,NA,17.408,27.61,26.807,27.078,27.611,21.367,22.369,14.029,14.033,-2.156,-0.432,-25.056,20.855,24.783,18.623,19.112,25.803,16.658,26.269,27.009,26.542,20.524,5.276,16.038
"1889-12",-11.209,-15.103,-17.853,12.409,21.95,13.181,21.664,25.672,25.33,23.248,25.607,25.524,NA,17.191,21.856,11.176,2.684,9.499,3.457,13.689,21.689,27.255,26.502,26.771,26.943,18.483,24.635,25.699,-18.643,NA,NA,-2.971,12.321,NA,NA,11.692,22.063,25.154,26.303,27.368,21.971,24.114,15.17,15.584,0.856,2.026,-21.562,19.616,25.148,19.666,17.973,25.938,17.801,25.394,25.835,26.254,21.629,6.595,16.165
"1890-01",-14.923,-18.332,-27.03,11.299,20.322,12.828,20.886,25.562,24.779,24.106,25.335,25.848,NA,18.278,23.607,12.615,1.86,7.805,-0.873,12.86,21.031,27.47,27.207,26.085,26.662,20.017,25.417,26.193,-26.621,NA,NA,-7.441,10.572,NA,NA,10.878,21.649,24.133,26.385,27.742,23.706,24.542,16.374,17.557,3.148,3.898,-26.124,18.757,25.367,20.659,16.973,26.359,19.309,24.65,24.963,26.154,22.652,7.826,16.341
"1890-02",-13.361,-20.196,-25.184,10.655,19.848,10.453,20.834,25.357,24.077,25.07,25.305,25.978,NA,19.05,23.937,13.12,0.419,7.24,1.059,12.098,22.869,27.525,27.964,27.007,27.073,21.052,25.56,26.153,-26.853,NA,NA,-5.837,13.433,NA,NA,10.684,26.979,25.146,26.188,27.108,24.247,23.645,17.391,17.588,3.279,4.248,-26.262,18.329,25.82,21.144,16.239,26.715,19.952,25.011,25.56,26.633,23.129,8.335,16.505
"1890-03",-15.264,-19.982,-24.676,10.604,20.824,12.686,20.753,26.133,24.505,25.334,25.835,26.061,NA,19.259,22.827,12.017,1.319,7.619,4.775,12.797,24.516,26.847,27.996,28.298,27.759,20.881,25.43,26.295,-27.379,NA,NA,-6.431,14.666,NA,NA,12.679,29.523,26.289,26.534,27.883,24.333,23.605,16.94,17.802,0.805,3.276,-32.214,18.479,25.912,21.152,16.445,26.898,19.94,25.856,27.025,27.396,23.289,7.97,16.507
"1890-04",-9.413,-13.429,-16.023,11.097,22.378,14.577,21.41,27.181,25.353,25.075,26.545,26.378,NA,18.302,21.752,10.844,2.396,9.64,12.167,14.311,26.752,27.057,28.26,30.489,27.395,20.14,24.506,25.529,-20.153,NA,NA,-1.169,20.347,NA,NA,15.817,35.369,28.124,26.95,27.145,24.123,22.031,16.083,16.844,-1.216,0.969,-23.383,18.987,26.22,20.685,16.939,27.12,19.292,27.142,28.9,27.909,22.664,7.116,16.715
"1890-05",-3.765,-4.995,-7.329,12.112,24.338,17.534,22.873,27.187,26.236,23.761,27.085,26.062,NA,16.992,20.563,8.666,5.647,13.047,18.366,17.353,27.851,26.721,28.002,34.351,27.47,19.252,23.312,24.53,-10.163,NA,NA,2.717,26.46,NA,NA,19.31,40.077,29.503,27.315,26.67,22.396,20.834,14.951,15.474,-3.631,-0.733,-11.868,19.823,26.439,19.519,17.827,26.653,18.109,28.206,29.29,27.715,21.476,6.058,16.908
"1890-06",1.627,3.306,1.311,13.475,26.695,20.98,23.846,27.413,26.961,22.691,26.43,25.635,NA,15.644,17.936,7.096,7.175,15.797,25.888,21.698,29.913,26.697,27.623,35.499,26.215,18.278,22.316,23.514,-0.337,NA,NA,7.074,31.058,NA,NA,21.799,43.161,28.812,27.306,26.046,20.717,18.976,13.855,13.794,-5.567,-2.219,-2.383,20.891,26.148,18.689,19.298,26.211,16.937,26.956,28.373,26.958,20.345,5.188,17.025
"1890-07",3.9,5.697,4.499,14.829,27.029,22.977,24.193,26.781,26.914,22.216,26.571,25.011,NA,15.192,17.54,7.272,10.252,18.161,30.677,25.248,30.279,26.281,25.747,32.864,25.201,16.823,21.348,22.714,1.395,NA,NA,11.204,33.515,NA,NA,24.55,44.072,27.443,27.162,25.836,20.249,18.256,12.834,13.146,-7.85,-3.59,0.335,21.946,25.932,18.008,20.797,25.654,16.082,25.948,27.724,26.39,19.549,4.477,17.034
"1890-08",3.641,5.196,4.571,16.237,27.658,23.351,25.232,27.02,27.008,22.018,26.849,24.689,NA,14.605,18.05,7.069,10.976,20.157,29.299,26.795,29.797,26.163,24.046,33.013,24.93,16.397,21.732,22.811,0.602,NA,NA,12.557,33.804,NA,NA,25.473,43.18,27.225,27.28,26.129,19.977,19.05,12.63,12.832,-7.501,-6.566,-1.039,22.786,25.551,17.568,21.62,25.102,15.583,25.545,27.346,26.169,19.189,4.227,16.994
"1890-09",1.649,0.736,1.591,16.553,27.515,22.593,25.436,26.771,26.989,22.113,26.956,25.046,NA,14.403,18.021,7.66,9.31,18.251,23.754,24.088,29.78,26.244,24.468,34.461,24.988,16.648,22.651,23.086,-4.615,NA,NA,10.559,30.238,NA,NA,24.239,40.751,27.34,27.345,26.754,20.514,20.681,12.633,13.572,-8.939,-2.474,-6.424,22.803,25.622,17.535,21.692,25.348,15.269,25.637,27.734,26.253,19.35,4.199,16.795
"1890-10",-5.352,-8.817,-7.727,15.609,26.71,19.853,24.398,26.972,26.68,22.139,26.709,25.601,NA,14.533,19.209,8.156,6.683,15.098,14.689,20.624,28.672,26.308,25.424,31.235,25.6,16.313,22.878,23.814,-14.438,NA,NA,6.086,23.627,NA,NA,21.099,35.602,27.669,27.239,27.515,20.647,21.502,12.933,13.94,-5.647,-2.168,-18.87,22.196,25.429,17.774,20.615,25.76,15.858,25.828,27.702,26.422,19.737,4.642,16.31
"1890-11",-8.456,-11.03,-9.222,13.719,23.139,16.482,22.66,26.582,25.881,22.791,26.387,26.005,NA,15.623,20.087,9.907,3.381,11.631,7.98,17.344,24.968,26.464,26.189,28.296,26.603,16.874,23.281,24.494,-21.702,NA,NA,-1.371,15.929,NA,NA,16.559,27.833,27.17,26.913,27.609,21.332,23.381,13.661,15.261,-2.247,0.284,-23.529,20.89,25.528,18.686,19.125,25.981,16.491,26.241,27.293,26.828,20.537,5.286,16.082
"1890-12",-10.209,-15.171,-13.871,11.62,21.855,13.122,21.356,26.153,25.221,23.541,25.921,25.705,NA,17.122,22.017,10.82,1.067,10.102,1.52,15.118,21.767,27.658,26.668,26.862,26.693,18.005,24.06,25.48,-26.374,NA,NA,-4.119,10.885,NA,NA,12.552,20.404,25.059,26.627,27.347,22.152,23.799,14.52,16.333,0.804,1.912,-25.478,19.759,25.627,19.737,17.615,26.165,17.879,25.49,26.493,26.804,21.723,6.422,16.121
"1891-01",-13.489,-16.735,-19.942,10.661,20.143,12.207,20.115,25.866,24.648,24.214,25.268,26.001,NA,18.277,23.293,12.4,-0.033,7.007,-3.418,13.165,20.95,27.491,26.739,26.422,26.818,19.515,24.478,26.13,-26.404,NA,NA,-5.027,9.333,NA,NA,10.972,20.721,24.673,26.413,27.891,23.293,24.358,15.987,17.313,3.182,3.848,-27.703,18.675,25.87,20.789,16.882,26.32,19.133,24.82,25.573,26.594,22.963,7.661,16.364
"1891-02",-14.054,-19.805,-23.789,11.062,20.037,10.998,20.475,25.937,24.505,25.376,25.8,26.016,NA,18.894,23.815,12.657,1.006,5.957,-2.395,12.277,22.482,27.569,27.801,26.789,26.315,20.381,24.89,26.03,-26.643,NA,NA,-4.092,11.157,NA,NA,9.687,24.621,25.312,25.914,27.51,25.046,24.827,16.37,18.406,3.19,3.956,-30.683,18.322,26.364,21.435,16.365,26.618,20.034,24.737,25.716,26.667,23.415,8.192,16.482
"1891-03",-13.153,-18.608,-20.395,10.916,21.668,13.437,21.146,26.775,25.156,25.637,26.154,26.536,NA,18.685,23.058,12.073,-0.716,7.931,2.318,13.727,24.956,27.468,28.177,28.821,27.198,20.588,24.581,25.92,-29.099,NA,NA,-5.766,14.541,NA,NA,12.653,30.098,26.541,26.217,27.356,24.688,24.614,16.46,18.267,1.221,1.98,-30.902,18.404,26.555,21.386,16.663,27.053,20.044,26.067,27.074,27.312,23.237,7.893,16.562
"1891-04",-9.639,-13.174,-13.514,10.772,22.805,15.319,21.618,27.501,25.645,24.722,26.601,26.398,NA,17.671,21.526,10.411,2.293,9.518,11.016,15.253,26.829,27.318,28.53,28.953,27.425,19.969,24.71,26.164,-18.372,NA,NA,-2.093,19.634,NA,NA,15.707,34.759,27.851,27.018,27.698,24.049,22.863,16.156,17.22,-2.621,1.108,-22.283,18.921,26.769,20.574,17.086,27.202,19.385,27.562,28.495,27.87,22.885,7.022,16.828
"1891-05",-4.37,-2.566,-6.684,12.103,25.001,17.511,22.986,27.786,26.249,23.837,26.824,26.036,NA,16.878,19.441,8.462,4.816,13.369,21.48,18.143,28.185,26.883,27.494,32.142,27.589,18.443,23.87,25.573,-6.737,NA,NA,2.767,27.649,NA,NA,19.273,39.149,29.254,27.517,27.049,23.22,21.659,15.432,15.807,-5.314,-0.271,-9.873,19.818,26.836,19.627,17.911,26.798,17.922,28.386,29.64,27.894,21.955,6.009,17.033
"1891-06",2.33,4.074,2.132,13.163,27.031,21.096,23.824,27.166,26.872,22.863,26.754,25.616,NA,15.956,18.039,8.191,7.269,16.252,27.864,23.266,29.122,26.849,25.625,34.994,26.611,16.924,22.1,24.099,0.211,NA,NA,7.459,32.387,NA,NA,21.889,44.032,29.366,27.532,25.888,22.148,19.94,13.991,14.578,-6.757,-2.242,-0.51,20.787,26.698,18.586,19.395,26.132,16.749,27.319,29.122,27.4,20.659,5.238,17.148
"1891-07",4.243,5.954,5.498,14.579,27.942,23.335,25.036,27.475,27.275,21.947,26.742,25.1,NA,14.445,17.336,6.246,9.72,18.779,31.136,26.366,29.724,26.34,23.382,33.348,25.307,15.998,21.691,23.393,1.288,NA,NA,11.222,34.396,NA,NA,23.423,44.545,28.225,27.067,25.117,21.035,18.465,12.983,13.427,-8.11,-3.28,0.137,22.001,26.361,17.885,21.112,25.112,16.017,26.311,28.288,26.857,19.8,4.368,17.089
"1891-08",4.45,5.529,5.662,15.831,28.276,23.977,25.584,27.615,27.406,21.764,26.699,24.508,NA,14.506,17.072,7.168,10.377,18.34,29.351,27.086,29.871,25.742,22.85,32.058,24.859,15.839,21.947,23.145,0.954,NA,NA,11.855,33.488,NA,NA,24.288,43.461,27.323,26.794,25.243,20.276,18.905,12.466,12.877,-8.686,-4.822,-1.015,22.876,25.95,17.357,21.879,24.499,15.284,25.619,27.633,26.466,19.453,4.342,17.001
"1891-09",1.407,2.732,2.114,16.323,27.975,22.482,25.411,27.518,27.24,22.05,26.583,24.546,NA,14.635,18.546,7.706,9.908,16.706,20.976,24.073,30.247,25.748,23.339,34.667,25.062,15.647,22.637,23.706,-2.757,NA,NA,11.202,27.954,NA,NA,23.864,40.913,27.364,26.945,25.658,20.039,19.814,12.825,13.347,-8.25,-5.403,-5.878,23.079,25.779,17.34,21.702,24.598,15.382,25.698,27.375,26.6,19.473,4.133,16.818
"1891-10",-5.274,-5.854,-4.712,15.372,26.294,19.959,24.689,27.035,26.902,22.007,26.92,25.361,NA,14.607,17.846,8.636,6.221,14.608,14.494,20.243,27.862,26.677,24.653,31.45,26.179,16.084,22.763,23.929,-11.749,NA,NA,5.387,22.802,NA,NA,20.854,35.382,27.947,27.124,26.911,20.508,22.251,13.306,14.58,-5.439,-2.897,-18.355,22.299,25.722,17.814,20.651,25.266,15.484,26.161,27.794,26.89,19.788,4.533,16.366
"1891-11",-10.427,-14.552,-11.787,13.258,24.744,16.716,23.282,26.703,26.177,22.431,26.489,25.674,NA,15.678,20.099,10.011,4.134,11.318,9.612,16.872,24.713,26.782,25.574,27.683,26.978,17.609,23.919,24.646,-18.396,NA,NA,-0.718,18.27,NA,NA,16.669,28.498,27.332,27.128,27.778,21.238,22.633,13.828,15.376,-2.915,-1.265,-24.34,20.981,25.707,18.55,19.289,25.552,16.459,26.483,27.153,26.886,20.473,5.285,16.117
"1891-12",-10.131,-13.143,-12.479,10.378,22.281,13.426,20.926,26.527,25.74,23.254,25.666,25.771,NA,17.012,21.534,11.363,0.189,8.095,6.334,13.902,21.831,27.4,26.107,26.521,27.196,18.37,24.588,25.422,-22.433,NA,NA,-4.252,14.754,NA,NA,12.289,22.604,25.681,26.558,27.684,21.296,23.92,15.018,16.925,0.545,1.74,-23.543,19.655,25.77,19.595,17.994,25.736,17.771,25.638,26.156,26.75,21.537,6.324,16.147
"1892-01",-11.509,-12.544,-16.485,10.772,20.252,10.753,20.664,25.884,24.729,24.04,25.541,25.641,NA,18.519,22.405,12.193,-0.125,5.725,1.808,12.542,21.909,27.531,26.71,26.111,27.042,19.627,25.214,26.002,-24.115,NA,NA,-6.786,11.908,NA,NA,9.553,22.948,24.736,25.766,26.741,22.469,24.159,16.327,18.028,2.808,3.542,-27.864,18.592,25.814,20.681,17.069,26.049,18.917,24.977,25.509,26.772,22.688,7.502,16.282
"1892-02",-15.488,-17.351,-24.173,10.782,20.318,10.958,20.512,25.896,24.655,24.55,25.312,25.634,NA,19.078,23.328,12.792,0.105,8.374,3.006,12.681,22.63,27.458,27.372,27.289,26.983,20.757,24.813,25.815,-26.76,NA,NA,-5.948,12.379,NA,NA,11.277,24.724,25.229,25.942,26.772,23.242,24.688,17.456,18.773,2.793,3.681,-29.46,18.254,26.017,21.276,16.513,26.392,19.716,25.121,25.825,26.978,23.115,8.025,16.419
"1892-03",-12.23,-19.233,-22.301,10.071,20.211,11.617,20.669,26.364,24.698,24.656,25.489,25.85,NA,19.189,22.069,12.527,0.455,7.494,6.053,12.957,24.613,27.492,27.628,28.921,27.2,20.446,25.231,26.432,-23.878,NA,NA,-2.874,16.095,NA,NA,12.883,30.196,26.663,26.189,26.793,23.945,23.94,17.208,18.227,0.736,1.908,-28.256,18.361,26.229,21.194,16.387,26.651,19.749,26.298,27.043,27.507,23.326,7.725,16.55
"1892-04",-10.011,-10.736,-15.864,10.855,23.399,14.639,21.35,27.204,25.6,24.072,26.296,26.123,NA,18.459,21.438,10.782,1.698,9.601,13.511,14.663,27.043,26.886,27.723,30.868,27.955,19.508,24.634,26.029,-19.255,NA,NA,-1.85,20.164,NA,NA,15.813,34.787,28.061,26.933,27.44,24.371,22.985,16.622,17.202,-1.978,-0.01,-22.845,18.817,26.608,20.627,17.258,26.818,19.06,27.727,28.719,28.021,22.934,6.84,16.744
"1892-05",-1.842,-3.904,-5.365,11.955,25.012,17.612,22.548,27.918,26.432,23.172,26.778,25.539,NA,16.992,19.213,8.666,4.225,13.085,21.068,18.224,28.23,26.922,27.233,33.525,27.407,18.672,23.515,25.08,-8.1,NA,NA,2.635,26.55,NA,NA,18.903,39.79,28.972,27.289,26.374,24.013,21.129,15.394,15.201,-5.252,-1.344,-11.004,19.661,26.64,19.634,18.23,26.494,17.852,28.188,29.081,28.04,22.106,5.869,16.965
"1892-06",2.339,3.047,1.885,12.881,27.21,20.499,23.451,27.505,26.968,22.172,26.26,25.241,NA,16.333,17.573,8.423,6.904,15.806,27.104,22.372,30.383,26.683,26.516,35.87,26.283,17.685,22.347,23.882,0.36,NA,NA,7.337,31.558,NA,NA,21.154,43.787,28.759,27.3,25.543,21.385,19.303,13.828,13.686,-5.938,-2.91,-1.209,20.661,26.394,18.691,19.752,25.859,16.604,26.977,28.373,27.447,20.82,5.108,17.068
"1892-07",4.319,5.638,4.947,14.479,28.309,22.889,24.389,27.243,27.269,21.855,26.674,24.762,NA,15.582,17.794,7.075,10.236,19.74,31.808,26.327,30.605,26.051,23.761,32.897,25.616,16.716,21.629,23.019,1.355,NA,NA,11.139,34.713,NA,NA,23.314,44.77,27.942,26.887,24.863,20.64,18.322,13.174,12.765,-8.35,-3.862,0.165,21.76,26.08,17.896,21.211,25.194,15.784,26.143,27.956,26.738,19.767,4.557,17.054
"1892-08",3.984,5.658,5.121,15.641,28.313,23.642,25.17,27.056,27.416,21.743,26.734,24.79,NA,15.05,17.496,7.086,11.271,20.082,30.037,27.307,29.469,25.814,22.766,30.086,25.093,16.453,21.674,22.539,0.98,NA,NA,12.829,33.599,NA,NA,24.494,42.889,27.022,26.76,25.155,19.78,19.048,12.554,12.764,-8.595,-3.68,-0.986,22.634,25.794,17.572,22.184,24.713,15.306,25.351,27.138,26.314,19.184,4.151,16.997
"1892-09",1.235,0.842,1.407,15.893,27.432,22.625,25.028,26.935,27.247,21.833,26.818,24.753,NA,15.03,18.392,7.573,9.975,18.416,22.175,24.776,28.672,25.699,23.347,33.347,25.305,16.449,22.198,23.213,-2.824,NA,NA,10.947,30.185,NA,NA,24.419,40.66,27.285,26.959,25.561,19.66,19.528,12.871,12.613,-9.432,-4.652,-6.669,22.827,25.739,17.457,22.096,24.817,15.307,25.506,27.334,26.258,19.168,4.053,16.77
"1892-10",-4.469,-7.011,-4.653,14.304,25.567,20.864,24.19,26.784,26.955,21.924,26.957,25.577,NA,15.014,18.778,8.456,7.303,16.127,15.653,21.643,28.077,26.051,24.598,31.524,26.359,16.695,23.109,23.974,-11.626,NA,NA,6.875,23.63,NA,NA,21.137,35.974,28,27.103,26.57,20.227,21.431,13.895,14.081,-6.359,-1.903,-15.806,22.099,25.59,17.792,20.853,25.345,15.656,26.203,27.524,26.499,19.73,4.479,16.427
"1892-11",-9.727,-12.946,-11.192,12.437,24.378,17.549,22.417,26.226,26.332,22.246,26.177,26.013,NA,15.524,19.585,9.924,3.744,11.575,11.222,17.702,24.479,26.966,25.953,28.651,26.996,17.896,23.922,24.832,-20.688,NA,NA,-0.276,19.105,NA,NA,16.94,27.848,27.286,26.952,27.641,21.302,22.923,13.987,15.363,-3.022,-0.319,-23.731,20.925,25.711,18.58,19.362,25.771,16.54,26.52,27.067,26.704,20.557,5.169,16.125
"1892-12",-13.326,-19.363,-16.321,11.952,19.429,13.126,20.611,25.25,24.999,22.898,25.992,26.013,NA,16.666,21.762,11.188,1.161,8.638,5.097,14.197,21.128,27.31,26.528,26.961,27.15,18.746,24.859,25.586,-26.325,NA,NA,-1.506,13.664,NA,NA,13.001,22.113,25.679,26.376,28.03,22.067,24.113,15.143,16.8,0.667,1.804,-30.541,19.565,25.706,19.571,18.127,25.996,17.883,25.945,25.58,26.659,21.742,6.286,16.018
"1893-01",-14.026,-17.862,-21.812,11.421,18.391,10.193,19.574,24.848,24.178,23.494,25.617,25.653,NA,18.12,23.076,12.745,-0.051,7.157,0.935,13.447,21.416,27.339,27.014,25.996,26.807,20.006,25.058,26.056,-23.643,NA,NA,-3.502,11.515,NA,NA,10.928,22.252,24.836,26.068,27.321,22.653,24.647,16.078,17.696,3.021,3.801,-27.183,18.691,25.852,20.654,16.719,26.256,19.089,25.005,25.056,26.525,22.832,7.581,16.31
"1893-02",-14.516,-21.684,-28.651,11.539,18.942,10.572,19.595,25.203,24.19,24.725,25.711,26.187,NA,19.281,23.219,12.968,0.858,5.888,1.548,11.8,22.404,27.514,27.817,27.223,27.053,20.901,24.971,25.849,-25.779,NA,NA,-6.215,12.679,NA,NA,10.19,25.494,25.502,25.919,27.532,23.528,24.72,16.859,18.431,3.109,4.021,-28.855,18.216,26.149,21.34,16.383,26.697,19.782,25.181,25.289,26.869,23.14,8.191,16.454
"1893-03",-13.19,-16.975,-20.668,11.667,19.552,11.495,20.345,25.902,24.511,25.466,26.106,26.004,NA,19.245,22.79,12.801,0.953,7.579,5.768,12.913,24.564,27.186,28.285,28.059,27.116,20.578,25.029,26.331,-20.971,NA,NA,-4.207,16.265,NA,NA,12.59,29.922,26.49,26.227,27.103,22.949,24.43,16.395,18.043,0.791,2.747,-25.295,18.364,26.452,21.224,16.602,27.012,19.928,26.18,26.477,27.199,23.226,7.891,16.669
"1893-04",-9.751,-10.107,-12.6,11.544,21.177,13.475,20.493,26.957,25.414,24.72,26.74,26.139,NA,18.412,20.834,11.097,0.599,9.694,15.388,15.394,26.376,27.362,28.382,29.383,27.04,20.204,24.545,25.803,-21.169,NA,NA,-0.91,21.137,NA,NA,16.273,33.711,27.779,27.125,27.602,22.895,23.331,15.625,17.137,-2.698,0.504,-21.301,18.925,26.724,20.643,16.937,27.103,19.198,27.474,28.376,27.87,22.671,6.93,16.743
"1893-05",-2.741,-1.524,-4.926,12.81,23.616,17.32,21.765,27.055,26.018,23.61,26.385,25.78,NA,17.566,20.093,9.413,5.446,12.995,22.726,17.7,28.553,26.722,27.773,31.978,27.172,18.73,23.096,24.48,-8.837,NA,NA,3.583,26.974,NA,NA,19.115,39.247,28.945,27.629,27.038,22.519,21.554,15.362,15.503,-5.854,-1.743,-7.969,19.7,26.824,19.442,18.099,26.666,18.191,28.326,29.022,27.781,21.648,5.773,17.014
"1893-06",1.641,3.763,1.632,14.513,26.801,20.295,24.079,27.647,26.853,22.734,26.586,25.553,NA,15.713,18.073,7.068,7.097,16.375,26.871,21.861,30.456,26.758,27.562,35.533,26.28,17.801,22.451,23.755,0.018,NA,NA,8.06,31.367,NA,NA,21.136,44.217,29.312,27.393,25.888,21.662,19.393,13.89,14.188,-7.434,-2.355,-1.313,21.028,26.76,18.522,19.441,26.251,17.013,27.311,28.898,27.37,20.709,4.969,17.111
"1893-07",3.845,5.929,4.43,16.026,27.776,22.783,24.881,27.514,27.034,22.4,26.762,24.841,NA,14.925,16.976,6.842,10.139,19.303,29.452,26.274,30.974,26.675,26.45,34.209,25.535,16.436,21.437,23.056,1.339,NA,NA,10.941,33.712,NA,NA,23.496,45.006,28.142,27.059,25.104,20.793,18.879,13.511,13.349,-8.176,-5.933,0.257,22.208,26.531,17.731,20.85,25.641,16.016,26.351,27.878,26.734,19.831,4.4,17.112
"1893-08",4.34,5.415,5.126,17.309,27.963,23.251,25.717,27.699,27.307,22.282,26.987,24.336,NA,14.431,17.227,6.462,11.346,19.23,29.011,26.716,30.625,26.348,24.485,33.753,25.146,16.092,21.626,22.894,0.308,NA,NA,12.25,33.797,NA,NA,24.794,44.077,27.492,26.95,25.057,20.364,19.173,13.065,13.096,-9.729,-3.395,-0.558,23.057,26.258,17.382,21.793,25.066,15.246,25.87,27.325,26.494,19.25,4.223,17.077
"1893-09",1.916,1.31,1.162,17.257,27.819,22.325,25.277,27.415,27.116,22.116,26.938,24.778,NA,14.405,17.506,7.644,9.072,17.376,22.601,23.663,30.378,26.455,24.445,35.085,25.29,16.056,22.424,23.492,-2.672,NA,NA,10.795,30.046,NA,NA,24.056,41.602,27.451,27.138,25.97,20.241,20.709,13.294,13.67,-8.466,-2.852,-5.27,23.217,26.139,17.486,21.787,25.213,15.218,25.844,27.346,26.576,19.27,4.18,16.905
"1893-10",-4.633,-7.182,-4.801,16.664,26.018,19.583,24.818,27.245,26.75,22.376,26.756,25.48,NA,14.603,19.064,8.069,5.586,15.196,15.402,21.303,28.264,26.419,25.365,31.789,25.916,16.595,23.444,24.516,-11.098,NA,NA,5.693,23.72,NA,NA,21.278,35.831,27.805,27.147,26.874,20.886,21.739,13.592,13.812,-5.713,-3.096,-17.032,22.511,25.991,17.793,20.729,25.593,15.675,26.071,27.771,26.666,19.613,4.499,16.461
"1893-11",-8.309,-11.559,-9.399,14.864,22.602,15.774,23.078,26.541,26.014,22.96,26.134,25.851,NA,15.357,19.828,9.973,2.724,11.797,7.855,18.304,25.16,26.775,26.046,27.882,26.384,17.51,24.097,25.124,-18.919,NA,NA,0.21,17.366,NA,NA,16.85,28.22,27.66,27.155,27.329,21.37,22.812,14.058,15.278,-2.798,-0.512,-23.968,21.242,26.061,18.594,19.163,25.817,16.524,26.614,27.518,26.826,20.475,5.211,16.203
"1893-12",-11.239,-15.204,-16.306,13.203,21.027,13.168,21.546,26.073,25.198,23.695,25.575,26.155,NA,16.778,21.197,11.64,1.542,9.135,8.063,14.269,22.167,27.397,26.627,26.605,27.076,19.383,25.002,25.764,-24.714,NA,NA,-3.698,14.682,NA,NA,11.495,22.544,25.571,26.505,27.709,22.424,23.939,15.262,16.358,0.545,1.592,-27.253,19.826,25.989,19.781,18.084,26.072,17.826,25.506,26.218,26.639,21.465,6.32,16.15
"1894-01",-13.791,-16.476,-18.551,12.124,20.692,12.069,21.321,25.497,24.535,24.013,25.359,25.92,NA,18.144,23.371,12.464,1.334,8.806,2.625,12.478,20.691,27.515,26.896,26.474,26.888,19.804,25.433,26.47,-25.366,NA,NA,-6.574,11.311,NA,NA,11.087,20.859,24.753,26.041,27.202,22.573,24.517,16.657,17.174,2.941,3.847,-28.967,18.747,26.126,20.815,17.092,26.258,19.222,25.122,25.176,26.554,22.663,7.365,16.342
"1894-02",-13.548,-16.446,-25.134,10.697,20.544,11.523,21.117,25.822,24.489,25.076,25.604,26.077,NA,19.001,23.167,12.651,1.459,7.561,3.247,12.192,21.878,27.557,27.38,26.77,26.871,20.363,25.157,26.339,-28.286,NA,NA,-6.356,11.877,NA,NA,11.472,24.013,25.019,25.921,27.11,23.629,25.233,17.305,17.159,3.229,4.039,-24.675,18.415,26.279,21.593,16.675,26.62,19.93,24.683,25.675,26.651,23.236,7.976,16.616
"1894-03",-12.226,-18.894,-22.589,11.16,20.998,12.986,21.22,26.485,24.796,25.342,25.822,26.476,NA,18.729,22.323,11.045,0.363,8.039,8.416,12.849,24.354,27.094,27.972,28.632,27.142,19.63,24.884,26.483,-24.971,NA,NA,-5.76,17.074,NA,NA,13.073,30.915,26.992,26.58,27.08,24.075,24.378,17.227,16.569,1.683,1.666,-27.485,18.546,26.617,21.405,16.615,27.048,19.956,26.261,27.3,27.556,23.373,7.75,16.651
"1894-04",-10.369,-11.652,-16.674,11.149,22.448,15.118,21.447,27.134,25.401,24.826,26.422,26.254,NA,18.432,21.493,10.641,1.396,10.398,15.365,15.698,26.192,27.249,27.923,30.568,27.929,19.744,24.569,25.612,-20.384,NA,NA,-3.268,21.91,NA,NA,16.138,34.585,27.892,27.353,27.383,23.997,23.236,16.446,16.189,-1.028,-0.426,-22.785,19.065,26.811,20.612,17.055,27.134,19.215,27.443,28.73,28.054,22.762,7.014,16.781
"1894-05",-3.191,-2.573,-5.403,12.154,24.996,17.521,22.923,27.807,26.321,23.876,26.813,25.891,NA,17.189,19.715,8.618,4.01,13.698,22.821,19.3,28.153,26.937,27.425,34.1,27.517,18.735,23.258,24.733,-9.059,NA,NA,2.29,27.716,NA,NA,19.096,40.209,29.266,27.602,26.846,23.251,21.348,15.427,15.127,-2.899,-2.631,-11.547,19.924,26.784,19.594,18.083,26.701,18.007,28.539,29.443,27.794,21.645,6.005,17.026
"1894-06",1.387,3.65,0.651,13.48,26.939,20.923,23.67,27.755,26.888,22.753,26.555,25.517,NA,16.278,17.95,7.499,8.712,16.337,28.445,22.921,30.525,26.727,26.138,36.28,26.611,17.417,22.165,23.887,0.428,NA,NA,7.242,32.717,NA,NA,21.658,44.56,29.191,27.464,25.826,21.141,19.263,14.066,13.789,-5.668,-3.887,-1.032,20.936,26.657,18.663,19.485,26.285,16.774,27.262,28.579,27.215,20.614,5.106,17.149
"1894-07",3.406,5.774,4.768,14.923,28.12,23.156,25.164,27.572,27.32,22.058,26.474,25.189,NA,15.309,17.95,6.803,11.644,19.871,30.525,26.234,29.601,26.409,24.021,32.232,25.864,16.473,21.713,23.083,1.925,NA,NA,10.929,34.178,NA,NA,24.302,44.197,27.678,27.074,25.447,20.48,18.994,13.251,13.207,-7.035,-5.739,0.307,22.171,26.222,17.869,20.835,25.311,16.026,26.262,27.674,26.755,19.787,4.439,17.126
"1894-08",3.819,4.944,4.986,16.262,28.898,23.954,25.887,27.565,27.549,21.392,26.756,24.703,NA,14.547,18.215,6.258,11.658,20.081,29.131,26.528,30.129,25.972,23.768,32.436,25.35,16.435,21.943,22.838,0.816,NA,NA,12.425,34.513,NA,NA,24.819,43.679,27.249,27.068,25.692,19.517,19.597,12.603,12.644,-9.099,-4.556,-0.72,23.032,25.807,17.479,21.701,24.788,15.545,25.761,27.129,26.23,19.286,4.182,17.038
"1894-09",1.475,2.427,1.476,16.483,28.632,22.351,25.818,27.684,27.464,21.521,27.151,24.921,NA,14.404,17.953,7.898,8.758,17.712,23.416,24.387,30.45,25.989,24.018,34.604,25.357,16.433,22.185,22.818,-2.54,NA,NA,10.698,30.33,NA,NA,23.994,41.258,27.163,27.067,26.38,19.643,20.744,13.059,13.291,-6.818,-5.043,-5.597,23.086,25.542,17.432,21.66,25.012,15.265,25.698,27.244,26.464,19.239,4.193,16.838
"1894-10",-4.402,-3.14,-4.006,15.327,26.349,19.422,24.148,26.705,26.83,21.741,26.955,25.687,NA,14.802,19.217,8.546,5.789,14.015,14.231,19.958,28.659,26.315,25.744,31.762,26.038,16.809,22.852,23.705,-12.598,NA,NA,4.815,22.608,NA,NA,21.485,35.849,27.614,27.1,27.234,19.786,21.803,13.253,14.023,-6.361,-2.645,-17.744,22.333,25.494,17.813,20.709,25.745,15.839,26.029,27.27,26.443,19.494,4.615,16.383
"1894-11",-9.941,-9.04,-11.351,13.979,22.409,15.475,22.507,26.338,26.196,22.507,26.344,25.856,NA,15.848,21.121,9.775,3.903,12.086,8.082,16.547,24.74,27.255,26.567,28.963,26.94,17.936,24.259,25.191,-20.732,NA,NA,-1.195,17.36,NA,NA,16.966,28.373,27.13,27.124,28.021,20.849,22.754,14.02,14.696,-2.654,0.036,-23.643,21.099,25.546,18.552,19.281,26.024,16.808,26.559,26.664,26.672,20.438,5.332,16.152
"1894-12",-11.85,-15.724,-17.934,10.211,20.73,12.678,20.666,26.171,25.586,23.718,25.36,26.271,NA,16.989,22.591,10.779,1.363,10.154,4.078,15.146,21.25,27.53,26.508,26.832,26.43,18.737,24.577,25.77,-24.346,NA,NA,-2.928,12.359,NA,NA,13.366,21.23,25.085,26.686,28.086,21.873,24.506,15.354,16.461,0.675,2.252,-26.927,19.885,25.724,19.636,17.758,26.059,17.969,25.418,25.946,26.369,21.558,6.553,16.143
"1895-01",-15.732,-22.675,-25.224,10.756,20.543,11.831,20.698,25.798,24.656,24.374,25.149,26.132,NA,18.132,23.577,12.396,0.091,9.053,3.032,12.986,21.514,27.416,26.927,26.11,26.739,20.306,25.544,26.29,-27.586,NA,NA,-4.177,12.256,NA,NA,11.599,22.477,24.563,25.939,27.443,22.959,26.075,16.437,17.538,2.997,4.195,-32.643,18.798,25.824,20.762,17.046,26.075,19.076,24.795,25.313,26.272,22.658,7.847,16.187
"1895-02",-15.3,-18.859,-27.912,9.926,20.03,11.117,20.338,25.744,24.203,24.822,24.996,26.304,NA,18.924,23.692,13.272,1.494,6.917,3.677,11.648,22.897,27.328,27.626,27.966,27.14,21.033,25.505,26.334,-22.837,NA,NA,-4.678,12.557,NA,NA,11.842,25.088,24.776,25.921,27.038,23.804,25.41,17.476,17.729,3.153,4.619,-24.258,18.449,25.996,21.221,16.445,26.595,19.96,25.103,25.45,26.794,23.289,8.415,16.642
"1895-03",-14.643,-19.278,-25.603,9.908,21.09,13.023,20.565,26.327,24.587,25.373,25.854,26.571,NA,18.966,22.865,12.616,2.347,8.66,1.054,12.807,24.426,27.334,27.924,29.18,27.878,20.683,25.282,26.404,-24.449,NA,NA,-5.184,11.489,NA,NA,14.111,28.643,26.327,26.383,27.071,24.084,24.651,17.279,18.066,0.62,2.838,-27.709,18.429,26.154,20.974,16.506,27.063,19.993,26.261,26.935,27.255,23.346,8.068,16.648
"1895-04",-9.959,-13.015,-15.45,9.991,23.279,14.739,21.489,27.41,25.462,24.926,26.498,26.288,NA,17.958,21.313,11.043,2.661,11.042,13.562,15.279,26.207,27.156,28.071,29.841,27.564,19.861,24.46,26.131,-20.657,NA,NA,-2.766,20.637,NA,NA,17.23,34.716,27.986,27.008,27.672,23.822,23.346,16.233,16.967,-2.657,0.58,-22.457,18.927,26.633,20.492,17.009,27.083,19.23,27.596,28.622,27.861,22.822,7.118,16.797
"1895-05",-2.636,-1.473,-4.763,11.463,24.811,17.407,22.414,27.379,26.292,23.253,26.883,26.008,NA,16.686,19.792,9.518,3.799,13.697,21.823,19.455,29.184,27.269,27.338,35.018,26.882,18.52,23.139,24.932,-10.182,NA,NA,2.733,27.574,NA,NA,19.037,40.741,29.034,27.461,26.549,22.493,21.09,14.93,15.532,-4.604,-1.665,-11.451,19.7,26.7,19.514,18.037,26.782,18.017,28.296,29.152,27.823,21.592,6.127,16.965
"1895-06",1.593,2.794,0.918,12.944,26.875,20.161,23.626,27.162,26.79,22.52,26.492,25.662,NA,15.858,17.591,8.379,6.903,16.152,29.607,23.865,30.551,27.033,26.274,35.562,26.529,16.999,21.768,23.959,-0.657,NA,NA,8.396,32.533,NA,NA,21.611,44.101,29.441,27.372,26.072,21.154,19.737,13.579,14.326,-6.319,-1.365,-2.813,20.767,26.504,18.694,19.655,26.309,16.778,27.333,28.701,27.172,20.482,5.118,17.095
"1895-07",4.4,5.906,4.207,14.397,27.828,22.812,25.079,27.386,27.198,22.011,26.623,25.104,NA,14.815,17.568,7.497,9.722,18.512,31.006,26.83,30.523,26.659,24.92,33.283,25.703,16.819,21.668,22.896,1.336,NA,NA,11.312,32.952,NA,NA,23.545,44.505,27.758,27.076,25.347,20.957,18.927,13.322,13.439,-8.665,-3.341,0.249,22.096,26.17,17.812,21.047,25.522,16.086,26.257,27.892,26.681,19.777,4.615,17.143
"1895-08",4.231,4.807,4.797,15.427,28.364,23.463,25.839,27.441,27.44,21.423,26.976,24.621,NA,14.124,17.21,7.021,10.703,19.366,30.27,26.634,29.662,26.179,23.8,31.974,25.394,15.968,21.815,22.987,0.681,NA,NA,12.1,34.083,NA,NA,25.162,43.108,27.326,26.986,25.397,20.111,19.52,12.791,13.286,-8.808,-2.932,-1.358,22.94,25.72,17.462,21.875,24.852,15.317,25.801,27.631,26.52,19.415,4.258,17.038
"1895-09",1.882,0.283,0.609,15.997,27.641,22.597,25.481,27.374,27.233,21.418,26.893,24.979,NA,14.087,18.092,7.332,8.894,17.837,24.074,24.484,30.593,25.924,24.235,34.467,25.639,16.309,22.185,23,-2.742,NA,NA,10.496,30.897,NA,NA,24.102,41.03,27.632,27.085,26.131,20.356,20.42,12.98,13.191,-6.604,-3.169,-6.193,23.109,25.472,17.279,21.874,25.055,15.309,25.835,28.06,26.648,19.439,4.159,16.858
"1895-10",-4.459,-9.503,-4.55,15.371,25.706,19.45,24.41,27.123,26.91,21.912,26.921,25.618,NA,14.65,19.002,8.394,5.491,14.657,16.87,21.3,28.383,26.314,25.182,31.558,26.403,16.722,22.925,23.769,-10.7,NA,NA,6.734,24.318,NA,NA,21.061,35.177,27.932,27.084,27.116,20.585,21.336,13.459,13.873,-6.501,-2.601,-18.892,22.432,25.37,17.656,20.646,25.538,15.663,26.019,27.907,26.674,19.701,4.665,16.38
"1895-11",-9.429,-15.406,-11.011,12.52,23.987,16.984,22.756,26.283,26.018,22.334,26.401,26.06,NA,15.542,20.403,9.935,3.078,11.773,8.192,17.7,24.753,27.09,26.182,28.021,26.932,17.365,24.036,25.072,-18.871,NA,NA,1.659,17.634,NA,NA,16.925,27.804,27.274,26.87,27.586,21.511,22.79,14.199,15.25,-3.036,-0.357,-23.918,21.166,25.336,18.353,19.132,25.994,16.662,26.327,27.178,26.752,20.749,5.324,16.146
"1895-12",-11.173,-20.014,-17.992,12.063,19.879,12.822,21.054,25.411,24.833,22.957,25.643,26.271,NA,16.774,22.158,11.378,2.218,9.298,3.926,13.79,22.313,27.517,26.708,26.6,27.245,18.801,24.904,25.963,-22.544,NA,NA,-3.115,13.198,NA,NA,13.17,22.881,25.655,26.65,27.578,22.928,23.735,15.395,16.353,0.94,2.044,-24.52,19.854,25.464,19.488,17.747,26.135,17.84,25.635,26.274,26.639,22.04,6.487,16.209
"1896-01",-13.167,-17.262,-23.544,10.382,18.608,12.346,19.763,25.188,24.381,23.842,25.552,26.416,NA,17.967,23.208,12.678,0.45,7.432,-1.089,13.504,21.458,27.326,27.316,26.204,27.348,20.383,25.649,26.654,-26.831,NA,NA,-6.561,10.972,NA,NA,10.752,22.969,25.228,26.168,27.692,24.689,24.711,16.45,17.53,3.185,4.032,-26.893,18.8,25.517,20.431,16.92,26.37,19.156,25.252,25.607,26.72,23.056,7.781,16.395
"1896-02",-14.657,-20.41,-23.234,10.095,20.124,11.541,20.314,25.532,24.34,24.745,25.824,26.465,NA,18.683,23.645,12.883,0.072,7.53,-0.3,13.557,22.597,27.79,27.888,25.42,27.403,21.103,25.468,26.363,-27.908,NA,NA,-7.201,10.712,NA,NA,10.947,24.888,25.37,25.958,27.183,24.687,24.416,17.392,18.386,3.1,4.323,-28.373,18.288,25.789,21.04,16.552,26.859,20.019,25.283,25.919,26.926,23.564,8.38,16.574
"1896-03",-16.454,-21.539,-24.95,10.063,19.72,12.273,20.171,26.14,24.434,25.236,26.032,26.458,NA,18.747,23.014,12.443,1.346,9.143,3.301,14.221,25.367,27.822,27.958,28.321,27.732,20.406,24.878,25.988,-23.465,NA,NA,-3.186,14.397,NA,NA,13.161,30.443,26.946,26.287,27.305,25.401,24.347,17.332,18.237,1.048,2.745,-28.187,18.394,26.145,21.125,16.425,27.077,20.052,26.302,27.255,27.614,23.356,8.001,16.671
"1896-04",-9.768,-13.47,-12.316,10.339,21.805,14.884,20.885,26.841,25.125,24.754,26.299,26.494,NA,17.916,21.48,10.859,1.481,10.379,13.38,15.191,26.528,26.536,28.24,31.274,27.429,20.173,24.619,25.478,-21.459,NA,NA,-1.585,20.264,NA,NA,16.196,33.812,27.794,27.046,27.884,24.908,22.674,16.41,16.473,-2.293,0.966,-24.455,18.834,26.312,20.501,17.078,27.036,19.232,27.756,28.343,27.993,23.02,7.157,16.732
"1896-05",-2.461,-4.118,-5.65,11.473,24.023,17.87,22.252,27.162,26.09,23.1,26.575,25.817,NA,16.883,19.444,9.495,4.648,12.821,21.133,18.543,28.39,26.578,27.78,34.418,27.257,18.495,22.802,24.321,-10.091,NA,NA,2.523,27.071,NA,NA,19.729,40.236,28.847,27.48,26.824,22.968,21.443,15.206,15.577,-4.403,-1.761,-11.794,19.809,26.409,19.698,17.994,26.784,17.974,28.251,28.766,27.967,21.73,5.934,16.962
"1896-06",1.187,2.925,0.655,12.587,26.603,20.742,23.936,27.115,26.819,22.025,26.393,25.429,NA,15.871,18.162,7.758,8.536,16.926,27.07,22.979,30.658,27.11,27.76,34.976,26.168,17.92,22.369,23.551,-0.376,NA,NA,7.629,31.755,NA,NA,21.921,44.404,28.924,27.48,25.963,21.634,19.505,14.051,13.758,-7.487,-1.848,-2.246,20.913,26.255,18.678,19.413,26.361,16.947,27.058,28.537,27.256,20.693,5.085,17.123
"1896-07",3.482,5.92,4.261,14.426,27.667,23.118,24.729,27.271,27.178,21.408,26.372,25.23,NA,14.753,17.332,7.067,10.142,19.794,32.308,27.306,30.527,26.779,25.834,33.468,25.301,16.982,22,23.202,1.737,NA,NA,11.37,34.888,NA,NA,23.812,45.057,27.914,27.179,25.477,21.083,19.167,13.601,12.969,-6.732,-4.532,0.227,22.062,25.933,17.802,20.934,25.7,16.066,26.108,28.092,26.836,20.028,4.484,17.162
"1896-08",4.293,5.126,4.614,15.743,27.992,23.971,25.678,27.442,27.264,21.39,26.926,25.078,NA,14.321,17.256,6.456,11.615,20.483,29.086,27.188,30.706,26.151,23.858,34.037,24.995,16.622,21.599,22.688,0.83,NA,NA,12.699,34.297,NA,NA,24.758,43.954,27.24,26.959,24.984,20.906,18.046,12.888,12.674,-8.925,-3.655,-0.633,22.946,25.615,17.51,21.862,25.126,15.495,25.55,27.606,26.594,19.476,4.193,17.088
"1896-09",1.076,0.176,1.051,15.487,28.242,22.099,25.29,27.554,27.224,21.534,27.042,25.208,NA,14.483,18.608,6.387,8.969,17.261,24.477,25.501,30.735,26.14,23.638,34.605,25.543,16.495,22.532,23.626,-2.269,NA,NA,10.732,30.675,NA,NA,24.523,42.221,27.45,27.162,25.52,20.393,19.621,12.72,13.19,-6.863,-3.482,-5.832,23.04,25.475,17.336,21.807,25.207,15.382,25.826,27.717,26.916,19.589,4.147,16.905
"1896-10",-4.063,-8.189,-5.725,15.061,26.392,19.691,24.756,27.098,26.634,22.181,26.613,25.577,NA,14.947,19.738,7.768,5.839,15.013,16.297,21.032,28.861,26.155,24.457,31.702,26.614,16.91,23.366,24.162,-11.513,NA,NA,6.458,24.389,NA,NA,21.65,36.436,28.087,27.29,26.603,21.123,20.811,13.647,13.612,-5.9,-3.487,-16.278,22.38,25.529,17.656,20.691,25.401,15.746,26.604,27.483,26.968,20.181,4.521,16.511
"1896-11",-8.272,-17.341,-11.207,13.904,22.893,15.641,22.994,26.547,25.865,22.91,26.27,26.15,NA,15.934,20.929,9.459,3.302,12.079,10.897,17.35,25.322,26.979,25.789,28.784,27.196,17.82,23.494,24.469,-17.787,NA,NA,1.803,19.492,NA,NA,16.803,28.964,27.438,27.012,27.142,21.549,22.607,14.029,14.984,-2.085,-0.679,-22.791,21.165,25.461,18.577,19.059,25.851,16.595,26.824,27.017,27.104,20.686,5.302,16.225
"1896-12",-9.428,-19.371,-12.9,12.52,21.473,12.953,21.944,25.904,25.067,22.979,25.895,25.791,NA,16.839,22.335,10.961,0.634,9.554,3.825,15.669,22.231,27.443,26.1,26.927,27.295,18.795,24.413,25.525,-22.817,NA,NA,-2.219,13.37,NA,NA,12.698,21.994,25.723,26.76,27.601,22.102,23.253,15.189,15.971,0.797,1.81,-24.279,19.825,25.417,19.587,17.787,25.943,17.81,25.861,26.058,26.736,21.893,6.59,16.255
"1897-01",-12.629,-18.841,-21.438,11.29,19.75,12.2,20.788,25.711,24.524,24.036,25.349,25.961,NA,17.964,23.808,12.31,0.834,7.767,-2.938,12.816,21.176,27.494,26.655,25.686,26.362,19.896,25.136,25.987,-25.849,NA,NA,-5.274,9.513,NA,NA,9.865,20.718,24.98,26.416,27.79,23.831,24.188,16.93,17.367,3.083,3.778,-28.107,18.947,25.823,20.712,16.913,26.079,19.12,25.006,25.309,26.414,22.942,7.851,16.42
"1897-02",-13.259,-18.507,-20.467,11.348,20.108,12.117,20.957,25.766,24.203,25.005,25.557,25.865,NA,18.703,23.766,13.006,1.338,7.445,3.405,13.197,23.14,27.633,27.219,26.742,27.432,20.458,25.518,26.58,-25.945,NA,NA,-6.095,12.541,NA,NA,11.067,25.268,25.602,25.862,27.214,24.368,24.415,18.506,18.017,3.374,4.026,-26.344,18.39,26.141,21.301,16.529,26.479,19.777,25.363,25.39,26.695,23.656,8.472,16.698
"1897-03",-13.562,-17.609,-21.467,10.864,20.771,12.688,21.019,26.41,24.324,25.411,25.727,25.872,NA,18.926,22.454,12.285,1.846,8.043,6.568,13.251,25.65,26.651,28.091,30.057,28.029,20.845,25.757,26.7,-25.16,NA,NA,-6.316,17.007,NA,NA,12.488,31.446,27.188,26.399,27.185,25.281,23.88,17.556,18.227,1.118,3.086,-25.33,18.575,26.291,21.173,16.305,26.65,19.719,26.647,26.798,27.637,23.712,8.102,16.741
"1897-04",-10.071,-13.492,-16.64,11.058,22.205,15.352,21.51,27.477,25.371,24.959,26.189,26.028,NA,18.554,21.129,10.898,1.502,10.296,11.823,15.381,25.835,26.141,28.043,30.212,27.814,19.763,24.939,26.375,-20.021,NA,NA,-2.364,21.297,NA,NA,15.717,33.796,28.457,27.066,27.532,24.927,22.402,16.394,16.964,-2.5,1.978,-23.298,19.077,26.676,20.539,16.998,26.749,18.938,28.129,28.376,28.17,23.167,7.222,16.811
"1897-05",-3.888,-4.518,-5.848,12.728,24.398,17.508,23.033,27.633,26.068,23.978,26.697,25.725,NA,17.304,19.422,9.083,3.927,13.188,19.624,19.366,28.534,26.622,27.917,34.729,27.493,18.63,23.652,24.959,-7.422,NA,NA,2.38,27.066,NA,NA,18.861,41.019,29.417,27.471,26.695,23.349,20.776,15.547,15.113,-4.617,-1.263,-11.59,19.966,26.772,19.504,17.869,26.611,17.967,27.89,29.2,27.903,21.929,6.139,17.032
"1897-06",1.544,3.198,1.486,13.571,26.673,20.867,23.898,27.541,26.744,22.9,26.67,25.544,NA,16.403,17.828,7.823,7.486,16.294,26.824,23.387,30.251,26.487,26.925,35.775,26.454,17.694,22.326,23.739,-0.079,NA,NA,7.391,31.954,NA,NA,21.871,45.045,29.058,27.435,26.001,21.454,19.413,14.01,14.066,-7.102,-2.328,-1.174,20.983,26.633,18.596,19.281,26.048,16.836,27.157,28.347,27.249,20.598,5.344,17.172
"1897-07",3.478,5.857,4.351,14.941,27.367,23.08,24.652,27.172,26.975,22.721,26.558,24.895,NA,15.795,18.394,6.445,10.12,18.433,30.794,26.011,29.404,26.206,25.017,31.867,25.311,16.978,21.548,22.665,1.78,NA,NA,10.865,33.744,NA,NA,24.125,43.961,27.777,27.083,25.537,20.67,18.867,13.452,13.307,-7.79,-2.459,0.201,22.183,26.38,17.792,20.7,25.387,15.979,25.965,27.765,26.614,19.652,4.533,17.125
"1897-08",3.701,5.205,4.425,16.057,27.708,24.013,25.4,27.129,27.05,22.14,26.617,24.633,NA,14.514,17.64,6.235,10.709,19.479,30.501,26.855,30.043,26.161,23.792,33.737,25.091,16.434,21.629,22.619,1.086,NA,NA,11.896,34.069,NA,NA,25.028,43.641,27.585,26.974,25.616,20.359,19.251,13.143,13.194,-7.718,-3.734,-0.832,23.016,26.163,17.367,21.597,24.752,15.468,25.649,27.693,26.545,19.377,4.27,17.095
"1897-09",0.523,2.521,0.734,16.764,27.633,22.806,25.609,27.775,27.347,22.137,26.905,24.737,NA,14.55,17.883,6.857,8.505,16.883,26.045,24.482,29.351,25.858,23.892,34.791,25.678,16.748,22.246,22.971,-2.037,NA,NA,10.228,31.069,NA,NA,23.864,40.924,27.65,27.067,26.004,20.257,20.092,13.244,13.547,-7.212,-2.843,-7.615,23.262,26.074,17.307,21.514,24.882,15.159,25.782,27.772,26.797,19.383,4.316,16.898
"1897-10",-5.139,-7.094,-5.635,15.771,26.172,19.811,24.637,27.275,26.88,22.158,26.941,25.546,NA,15.099,18.822,8.462,5.408,14.493,15.199,21.175,28.405,26.331,25.312,31.808,26.281,17.583,23.61,23.712,-9.566,NA,NA,4.669,23.761,NA,NA,20.903,36.342,27.951,27.238,27.115,20.916,21.377,13.737,13.883,-5.939,-1.037,-17.847,22.369,26.134,17.736,20.683,25.502,15.537,26.588,27.713,26.853,19.78,4.747,16.514
"1897-11",-10.384,-14.913,-10.636,13.196,23.801,16.746,23.362,26.897,26.325,22.723,26.383,25.929,NA,15.948,20.693,9.933,2.555,11.839,8.554,17.489,24.006,26.889,26.634,28.598,27.017,18.632,24.197,24.901,-18.472,NA,NA,1.083,17.066,NA,NA,16.473,26.948,27.417,26.908,27.62,21.838,22.174,13.975,14.924,-3.07,-0.376,-25.87,21.089,26.113,18.465,19.164,26.042,16.769,26.595,27.278,27.061,20.717,5.396,16.197
"1897-12",-13.643,-19.094,-14.81,12.697,19.973,11.874,21.941,26.189,25.057,23.315,25.878,26.047,NA,17.195,22.566,11.535,0.844,10.234,5.305,15.495,21.244,27.57,26.924,26.555,26.764,19.621,24.754,25.69,-22.529,NA,NA,-1.688,12.499,NA,NA,12.737,20.695,25.127,26.451,27.736,22.599,23.631,15.765,15.529,0.571,2.097,-29.08,19.814,26.155,19.523,17.739,26.151,18.229,25.313,26.119,26.822,22.035,6.486,16.158
"1898-01",-16.326,-18.108,-19.814,11.941,18.216,10.856,21.062,25.408,24.286,24.023,25.581,25.889,NA,17.992,23.266,12.832,1.374,8.983,1.903,14.75,21.222,27.499,27.03,25.766,26.532,20.356,25.245,26.008,-22.934,NA,NA,-4.893,10.437,NA,NA,11.353,21.801,24.689,25.977,27.377,23.474,24.979,16.259,17.184,2.884,3.976,-29.359,18.946,26.273,20.664,16.835,26.198,19.632,24.797,25.319,26.561,23.046,7.689,16.423
"1898-02",-11.388,-17.886,-19.866,11.037,19.787,12.894,21.181,25.8,24.491,24.438,25.599,26.426,NA,18.384,23.173,13.245,0.939,7.998,4.52,13.8,23.009,27.468,27.5,26.115,27.071,20.817,25.731,26.495,-26.872,NA,NA,-7.123,13.138,NA,NA,10.768,26.029,25.466,25.93,26.923,24.224,25.516,17.314,17.974,3.083,3.74,-26.408,18.412,26.337,21.326,16.541,26.514,20.02,24.945,25.679,27.047,23.603,8.203,16.659
"1898-03",-14.254,-15.779,-20.519,11.13,19.847,12.615,20.906,26.434,24.693,24.691,25.902,26.442,NA,18.637,22.989,12.587,0.71,7.545,7.731,13.179,24.2,27.048,28.137,28.583,27.65,20.802,25.411,26.776,-24.562,NA,NA,-5.354,15.952,NA,NA,12.731,29.977,26.366,26.301,26.686,24.153,24.011,17.305,17.579,0.644,2.497,-26.882,18.626,26.474,21.153,16.495,26.961,20.292,25.972,26.938,27.399,23.412,7.926,16.693
"1898-04",-8.611,-9.827,-11.885,11.173,20.918,14.87,21.309,27.382,25.718,24.393,26.717,26.466,NA,17.987,21.328,10.496,1.497,9.862,13.559,15.365,26.037,27.299,28.407,29.76,27.703,19.977,24.833,26.307,-18.579,NA,NA,-3.33,20.406,NA,NA,15.939,33.784,27.898,27.118,27.353,23.818,23.294,16.201,16.325,-1.513,0.297,-20.518,19.089,26.799,20.508,17.054,27.171,19.527,27.446,28.671,28.247,22.988,7.052,16.89
"1898-05",-3.256,-4.356,-5.305,12.533,23.409,17.658,22.518,27.683,26.454,23.462,27.072,25.834,NA,17.117,20.117,8.731,4.074,12.862,22.065,18.634,27.939,26.922,27.464,34.194,27.599,18.977,23.574,25.116,-8.098,NA,NA,2.22,27.148,NA,NA,19.202,39.684,29.362,27.441,26.711,22.634,21.832,15.191,15.263,-3.684,-2.326,-11.795,19.781,26.811,19.597,18.074,26.709,18.167,28.372,29.375,28.131,21.661,5.947,17.004
"1898-06",1.986,3.409,1.773,13.926,26.554,21.199,24.058,27.598,26.931,22.404,26.75,25.952,NA,16.057,17.653,7.338,7.551,17.141,27.387,22.843,29.862,26.662,25.824,35.331,26.681,16.954,22.283,24.334,-0.315,NA,NA,6.964,31.772,NA,NA,21.489,44.379,29.399,27.395,25.825,21.55,20.289,13.765,14.493,-7.507,-2.467,-1.149,20.934,26.671,18.764,19.45,26.191,16.816,27.367,29.093,27.327,20.478,5.223,17.163
"1898-07",3.896,5.729,5.154,15.106,27.874,23.569,25.119,27.639,27.439,21.727,26.565,25.293,NA,15.154,17.879,6.844,9.678,18.727,31.352,26.715,30.379,26.354,24.194,34.109,25.416,16.699,21.678,23.121,2.171,NA,NA,9.779,35.237,NA,NA,24.1,45.048,28.253,26.965,24.85,20.651,18.688,13.258,12.923,-7.408,-3.92,0.365,22.174,26.378,17.852,20.939,25.235,16.123,26.345,28.404,26.775,19.679,4.584,17.156
"1898-08",3.684,5.647,5.55,16.294,28.749,24.146,25.848,27.849,27.423,21.874,26.61,24.677,NA,14.601,17.87,6.311,10.888,19.218,30.153,26.976,29.631,25.96,23.246,32.772,24.963,16.228,21.731,22.729,1.249,NA,NA,12.082,34.239,NA,NA,24.839,43.545,27.405,26.9,25.223,19.968,19.722,13.099,13.174,-8.823,-4.109,-0.386,23.022,26.111,17.457,21.731,24.648,15.413,25.655,27.605,26.432,19.21,4.284,17.081
"1898-09",1.137,2.053,1.98,16.692,28.469,22.842,25.594,27.222,27.295,21.9,26.888,25.013,NA,14.199,18.026,6.784,9.069,17.177,23.656,24.985,30.33,25.936,23.829,34.382,25.255,16.255,22.862,23.699,-2.29,NA,NA,10.924,30.527,NA,NA,24.247,41.37,27.432,27.052,25.851,20.453,19.965,12.94,13.2,-7.861,-3.722,-6.691,23.103,25.988,17.353,21.586,24.86,15.25,25.605,27.659,26.458,19.526,4.359,16.882
"1898-10",-4.16,-5.651,-4.845,15.969,26.805,19.853,24.643,27.16,26.667,21.945,26.557,25.609,NA,14.625,19.247,7.994,7.123,14.41,15.635,20.416,28.158,25.922,25.146,32.012,26.339,17.026,23.218,23.947,-11.885,NA,NA,4.756,23.815,NA,NA,21.367,36.553,27.793,27.022,26.563,20.513,21.538,13.612,14.155,-5.874,-2.939,-16.966,22.354,25.831,17.691,20.673,25.447,15.661,26.191,27.787,26.752,19.664,4.68,16.492
"1898-11",-8.629,-14.583,-9.383,13.753,23.426,16.414,22.848,26.772,26.018,22.576,26.218,26.276,NA,15.72,20.825,8.982,3.212,12.045,7.801,16.856,24.201,26.668,25.977,28.192,26.787,17.74,23.44,24.826,-20.337,NA,NA,-0.226,16.477,NA,NA,17.034,27.015,27.294,27.052,27.431,21.505,23.108,14.43,15.215,-1.762,-1.07,-26.61,21.003,25.912,18.588,19.259,25.875,16.631,26.524,27.357,26.738,20.541,5.308,16.144
"1898-12",-12.561,-17.734,-18.79,11.309,20.218,13.936,20.528,26.124,25.35,23.436,25.545,26.059,NA,17.241,22.237,11.314,2.404,8.959,4.065,14.502,21.657,27.081,26.609,26.637,26.54,18.671,24.673,25.908,-22.645,NA,NA,-2.005,12.329,NA,NA,12.875,22.379,25.452,26.421,28.031,23.11,24.062,15.471,16.457,0.886,1.591,-27.699,19.843,25.912,19.815,17.822,25.954,17.758,25.387,26.345,26.68,21.826,6.481,16.218
"1899-01",-13.578,-16.878,-20.416,11.972,19.741,11.187,20.371,25.569,24.584,24.688,25.477,25.773,NA,18.733,23.501,12.208,-0.666,8.016,0.687,13.374,21.09,27.443,27.214,26.462,27.114,20.034,25.51,26.375,-25.732,NA,NA,-5.274,11.433,NA,NA,11.443,22.36,24.951,25.956,27.052,23.162,24.756,16.552,17.786,2.993,3.653,-28.728,18.803,26.054,20.878,16.778,26.304,19.257,25.047,25.56,26.686,22.908,7.666,16.373
"1899-02",-14.133,-18.819,-23.35,11.338,20.604,13.247,20.509,25.824,24.497,25.273,25.335,26.197,NA,19.368,24.29,13.227,1.515,7.456,-0.507,12.295,22.212,27.412,27.428,27.563,27.275,20.697,25.317,26.408,-23.47,NA,NA,-6.846,10.62,NA,NA,11.213,24.833,25.454,25.942,26.866,23.886,25.107,17.221,18.503,2.923,3.923,-24.017,18.276,26.335,21.451,16.538,26.392,20.149,25.218,25.876,26.931,23.382,8.177,16.706
"1899-03",-10.708,-17.563,-18.712,10.96,20.952,12.546,20.787,26.597,24.815,25.48,25.714,26.138,NA,19.111,23.196,12.068,1.458,8.163,4.371,13.382,24.36,27.358,28.139,27.835,27.479,20.368,25.594,26.918,-27.642,NA,NA,-5.565,15.81,NA,NA,13.389,29.829,26.638,26.43,27.413,24.642,24.927,16.6,18.466,1.192,1.347,-26.099,18.322,26.562,21.547,16.53,26.841,20.247,26.237,27.187,27.535,23.286,7.762,16.751
"1899-04",-10.727,-10.558,-15.148,11.342,21.899,14.722,21.175,27.373,25.186,24.651,26.302,26.241,NA,18.546,21.201,11.113,1.432,9.655,13.212,14.671,26.371,26.649,28.212,32.291,28.018,19.568,24.451,26.048,-19.308,NA,NA,-1.745,20.741,NA,NA,16.421,34.397,28.307,27.326,27.302,24.14,22.886,15.833,16.759,-0.792,-1.083,-23.368,19.078,26.834,20.828,16.84,26.929,19.339,27.764,28.773,28.333,22.792,7.059,16.853
"1899-05",-4.645,-3.419,-6.388,12.475,24.159,17.527,22.502,27.245,25.909,23.519,26.596,25.992,NA,17.584,19.282,9.385,4.066,12.954,20.67,18.336,27.771,27.118,27.537,34.297,27.466,19.334,23.676,25.1,-9.766,NA,NA,2.538,27.282,NA,NA,19.115,40.645,29.175,27.574,26.465,22.865,20.637,14.833,15.282,-3.588,-1.597,-12.592,19.808,26.88,19.758,17.832,26.817,18.03,28.316,28.735,27.8,21.824,6.166,17.009
"1899-06",1.907,4.148,0.608,13.92,26.399,20.653,24.131,27.603,26.447,22.895,26.653,25.692,NA,16.479,19.326,7.506,6.727,15.285,25.915,23.297,29.238,26.587,26.42,35.281,26.82,17.955,22.679,24.097,-0.471,NA,NA,7.374,31.053,NA,NA,21.521,44.249,29.227,27.259,25.121,22.027,19.067,14.31,13.67,-7.218,-1.905,-0.923,21.093,26.714,18.6,19.282,26.16,17.168,27.753,28.674,27.393,20.691,5.298,17.23
"1899-07",3.778,5.801,4.084,16.057,27.552,23.436,25.173,27.391,27.008,22.692,26.374,25.234,NA,15.415,18.017,6.409,9.883,17.716,29.431,25.675,30.689,26.673,24.4,34.036,25.902,17.022,21.902,22.973,1.732,NA,NA,10.555,33.364,NA,NA,23.892,44.686,27.943,27.114,24.586,20.759,18.41,13.296,13.369,-7.132,-3.135,0.215,22.295,26.552,17.784,20.781,25.466,16.137,26.275,27.891,26.802,19.723,4.789,17.216
"1899-08",3.566,5.429,4.531,16.668,28.046,23.512,25.997,27.944,27.107,22.383,26.87,24.797,NA,15.014,17.78,6.438,10.44,19.386,28.544,26.603,29.613,26.108,22.915,33.001,25.291,16.838,21.824,22.487,0.358,NA,NA,12.264,33,NA,NA,24.723,43.075,27.152,26.841,24.638,19.883,18.895,12.773,12.846,-7.08,-4.786,-1.163,23.241,26.415,17.437,21.639,24.871,15.432,25.694,27.509,26.524,19.177,4.397,17.127
"1899-09",-0.422,1.643,0.725,17.05,28.073,22.435,26.07,27.325,26.913,22.239,26.898,25.097,NA,14.925,18.241,7.459,9.417,18.166,23.42,24.238,31.007,26.188,23.473,34.397,25.518,16.679,22.155,23.131,-2.953,NA,NA,11.204,29.663,NA,NA,23.448,41.924,27.593,26.609,25.061,20.414,19.55,13.532,13.233,-7.92,-4.556,-8.936,23.238,26.314,17.362,21.62,25.027,15.324,25.931,27.791,26.662,19.326,4.396,16.901
"1899-10",-4.515,-2.386,-2.421,15.054,27.319,19.6,23.935,27.065,26.844,22.453,26.777,25.724,NA,15.107,18.719,8.083,5.396,14.85,18.619,21.073,28.452,26.117,24.651,31.506,26.557,17.236,22.666,23.509,-11.534,NA,NA,6.6,24.748,NA,NA,20.936,35.415,27.864,27.198,26.197,20.828,20.923,13.639,13.854,-6.641,-3.723,-17.422,22.315,26.387,17.839,20.611,25.664,15.56,26.754,27.756,26.941,19.622,4.666,16.516
"1899-11",-9.123,-9.98,-9.048,13.309,24.074,16.133,22.299,27.328,26.448,23.528,26.288,25.985,NA,16.515,19.907,10.164,2.75,11.433,6.68,17.496,24.756,27.157,25.997,28.752,26.814,17.632,23.994,25.016,-17.904,NA,NA,-0.478,17.008,NA,NA,17.445,27.158,27.427,27.499,27.756,21.089,22.231,13.993,14.394,-2.318,-0.565,-22.198,21.184,26.659,18.744,19.28,25.939,16.524,27.066,27.214,26.989,20.656,5.422,16.387
"1899-12",-13.058,-15.088,-15.755,11.525,21.893,13.157,20.981,26.702,25.534,24.1,25.995,26.313,NA,17.656,21.724,11.219,1.122,9.136,1.904,13.842,21.81,27.827,26.966,27.485,27.551,18.976,24.594,25.646,-24.529,NA,NA,-4.921,12.352,NA,NA,13.073,22.749,26.291,26.873,27.656,21.844,24.106,15.284,15.512,0.82,1.64,-27.807,19.837,26.616,19.952,17.935,26.384,17.94,26.345,26.113,27.078,21.907,6.475,16.292
"1900-01",-12.17,-17.079,-21.194,11.242,20.664,11.868,20.598,25.983,24.763,24.625,26.006,26.306,NA,18.668,23.017,12.409,-0.187,7.549,1.923,12.651,21.248,28.019,27.496,26.674,27.363,19.996,25.384,26.294,-27.29,NA,NA,-6.066,11.825,NA,NA,11.154,21.387,24.948,26.323,27.195,22.749,26,16.157,17.44,3.239,3.743,-27.185,18.649,26.553,21.165,17.118,26.71,19.2,25.313,25.389,26.941,22.955,7.719,16.5
"1900-02",-12.632,-18.517,-22.965,11.374,19.633,11.099,20.194,26.081,24.277,25.284,26.049,26.701,NA,19.206,23.463,12.469,-0.178,6.179,-2.823,11.793,22.682,28.05,27.754,27.094,27.338,20.446,25.419,26.655,-25.089,NA,NA,-6.871,11.175,NA,NA,11.482,24.133,25.198,26.138,26.575,23.331,25.159,16.742,17.698,3.581,3.888,-23.696,18.427,26.608,21.628,16.692,26.989,19.922,25.166,25.748,27.104,23.706,8.214,16.76
"1900-03",-13.085,-12.593,-18.902,10.782,21.284,12.378,20.756,26.662,24.882,25.65,26.58,26.487,NA,19.255,23.236,12.29,0.308,8.935,3.203,13.314,24.675,28.089,27.926,28.497,27.452,20.726,25.811,27.158,-22.397,NA,NA,-5.985,13.793,NA,NA,13.374,28.718,26.467,26.862,26.926,23.611,24.003,16.667,17.331,1.342,2.377,-26.58,18.406,26.695,21.487,16.658,27.304,19.973,26.07,27.022,27.685,23.833,7.94,16.866
"1900-04",-10.782,-11.084,-15.553,11.412,22.693,14.586,21.246,27.519,25.769,25.605,26.582,26.546,NA,18.773,22.117,10.819,1.424,10.611,10.934,15.821,26.221,27.729,28.147,30.566,27.606,20.238,25.035,26.351,-19.992,NA,NA,-2.154,19.859,NA,NA,16.308,34.446,28.299,27.25,27.344,23.588,23.016,16.299,16.305,-1.127,0.382,-23.005,18.912,27.223,20.762,17.134,27.282,19.476,27.555,28.835,28.33,23.013,7.088,16.934
"1900-05",-4.16,-3.591,-6.919,12.384,25,17.103,22.531,27.823,26.503,24.091,27.118,26.346,NA,17.629,20.431,9.33,3.539,12.475,21.077,19.54,28.372,27.806,27.504,32.804,27.253,19.176,23.7,25.144,-9.266,NA,NA,3.101,26.866,NA,NA,18.817,39.382,30.032,27.482,26.55,23.302,20.945,15.37,15.075,-3.961,-1.371,-11.279,19.86,27.152,19.678,17.954,27.21,18.463,28.725,30.304,28.252,21.818,6.118,17.134
"1900-06",1.735,4.45,0.843,13.825,27.074,20.355,23.847,27.789,27.22,23.185,27.103,26.305,NA,16.014,19.249,7.603,7.775,15.261,28.395,23.063,27.649,27.387,26.294,33.351,26.494,17.956,22.892,24.002,0.69,NA,NA,7.61,31,NA,NA,20.903,41.543,30.164,27.577,25.353,21.891,19.27,14.287,13.52,-6.113,-2.685,-0.255,20.991,27.006,18.566,19.432,26.507,17.389,28.112,29.6,27.616,20.679,5.399,17.292
"1900-07",4.112,6.556,4.074,15.611,28.257,23.026,25.11,27.596,27.484,22.536,26.824,25.648,NA,15.207,18.011,6.86,9.606,17.58,30.896,26.209,30.584,26.764,24.167,35.157,25.709,16.86,21.896,22.939,1.649,NA,NA,11.339,34.148,NA,NA,23.69,44.877,28.293,27.234,24.918,20.858,19.336,13.576,13.086,-7.388,-5.18,0.315,22.087,26.753,17.896,20.955,25.42,16.239,26.485,28.439,27.005,19.788,4.849,17.236
"1900-08",3.739,5.849,5.016,16.12,28.536,23.522,25.96,27.827,27.587,22.368,27.213,25.166,NA,14.859,17.526,7.078,10.782,18.364,28.379,26.597,29.398,26.183,23.366,33.702,25.355,16.592,22.244,22.987,0.88,NA,NA,13.217,33.319,NA,NA,24.878,43.291,27.539,27.013,24.985,20.094,19.867,13.301,13.061,-8.791,-4.206,-0.278,23.123,26.559,17.379,21.875,24.934,15.566,25.894,27.719,26.783,19.499,4.319,17.186
"1900-09",0.86,3.101,0.699,16.594,27.593,22.896,25.681,28.047,27.339,22.497,26.911,25.194,NA,14.655,18.066,7.073,9.935,17.224,21.377,23.491,30.434,26.042,23.923,35.033,25.73,16.342,22.696,23.669,-3.039,NA,NA,9.415,29.359,NA,NA,23.564,41.453,27.288,27.189,25.627,20.096,20.65,13.135,13.071,-6.683,-3.652,-4.551,23.172,26.531,17.404,21.972,25.099,15.539,25.885,27.429,26.83,19.257,4.31,17.002
"1900-10",-5.701,-2.819,-5.108,15.85,26.181,19.512,24.555,27.473,26.841,22.792,27.128,25.664,NA,15.233,19.142,8.528,6.796,14.73,14.347,20.284,27.959,26.724,24.554,30.079,26.364,16.164,23.362,24.259,-11.462,NA,NA,3.286,22.103,NA,NA,21.209,33.46,28.183,27.674,26.688,20.072,22.224,13.651,13.894,-4.833,-3.004,-17.406,22.267,26.592,17.875,20.825,25.482,15.764,26.754,27.78,26.889,19.819,4.683,16.552
"1900-11",-7.934,-9.837,-9.118,13.329,23.548,16.482,22.882,27.603,26.531,23.366,26.967,26.363,NA,15.891,20.325,10.202,3.212,11.644,8.057,16.357,25.285,26.957,25.825,29.286,27.216,17.007,24.136,25.463,-18.319,NA,NA,-0.7,16.724,NA,NA,16.621,28.119,27.819,27.458,27.951,21.145,23.92,14.206,14.742,-1.95,-0.662,-21.792,21.083,26.686,18.735,19.508,26.023,16.544,26.965,27.61,27.302,20.752,5.464,16.384
"1900-12",-14.484,-16.7,-17.445,12.46,20.343,13.178,21.345,26.491,25.233,23.971,26.29,26.573,NA,17.276,21.708,11.411,1.532,10.767,1.619,14.845,21.914,27.818,26.72,27.961,27.649,18.482,24.965,25.923,-25.594,NA,NA,-3.073,11.751,NA,NA,14.041,21.457,25.814,26.957,27.602,21.919,25.203,14.897,16.047,0.989,1.936,-28.958,19.722,26.68,19.885,17.848,26.267,17.828,25.97,26.722,27.198,21.861,6.7,16.247
"1901-01",-14.566,-18.556,-24.37,11.793,19.518,11.514,20.486,25.729,24.732,24.287,26.388,26.496,NA,18.596,23.082,12.638,1.319,8.196,1.764,13.737,21.627,27.932,27.37,27.051,27.181,19.842,25.385,26.326,-25.928,NA,NA,-6.859,11.267,NA,NA,11.454,21.875,25.263,26.576,27.214,22.933,25.823,16.218,17.19,3.296,3.757,-28.184,18.701,26.752,20.94,17.089,26.572,19.133,25.233,26.313,27.244,22.818,7.986,16.525
"1901-02",-15.267,-21.601,-25.238,10.844,20.285,10.722,20.84,25.986,24.632,25.158,26.081,26.078,NA,19.107,23.219,12.98,1.328,7.347,-2.812,12.353,22.527,28.049,27.826,27.537,27.436,20.072,25.772,26.932,-29.049,NA,NA,-5.6,10.46,NA,NA,11.974,24.332,25.745,26.563,27.559,23.695,25.344,16.22,18.208,3.455,3.771,-31.084,18.345,26.708,21.595,16.574,26.82,19.903,25.35,26.376,27.348,23.386,8.452,16.625
"1901-03",-13.946,-14.738,-23.344,11.084,19.807,10.807,20.471,26.565,24.843,25.418,26.414,26.371,NA,19.499,22.868,12.035,0.752,8.224,5.047,13.451,25.377,28.004,28.074,29.399,28.183,19.816,25.168,26.975,-24.386,NA,NA,-4.494,16.017,NA,NA,13.758,31.414,27.155,26.841,27.634,24.174,24.751,16.457,17.809,1.14,2.384,-25.864,18.43,26.916,21.522,16.479,27.172,19.905,26.421,27.61,27.956,23.439,8.01,16.825
"1901-04",-7.667,-8.726,-12.122,11.569,21.489,13.455,21.094,27.33,25.47,25.192,26.768,26.223,NA,18.316,21.455,10.16,1.902,9.277,10.602,14.35,27.125,27.569,28.185,31.634,27.712,19.422,24.856,26.652,-18.689,NA,NA,-4.067,18.437,NA,NA,16.821,33.976,28.352,27.719,27.701,23.728,23.506,16.054,16.945,-1.692,0.056,-20.043,18.925,27.296,20.687,17.109,27.147,19.158,27.73,29.315,28.554,22.92,7.134,16.982
"1901-05",-2.09,-1.094,-4.347,12.459,23.446,16.541,21.83,27.895,26.357,24.097,27.298,26.053,NA,17.234,20.49,7.999,4.258,12.889,18.429,17.865,28.261,27.156,27.485,33.401,27.416,18.392,23.475,25.261,-9.768,NA,NA,1.822,24.526,NA,NA,19.005,38.542,29.434,27.976,27.224,22.898,21.668,14.815,15.788,-4.166,-1.078,-10.412,19.77,27.337,19.617,18.08,26.857,18.09,28.648,29.641,28.239,21.899,6.044,17.105
"1901-06",2.536,4.12,1.799,14.143,25.839,20.325,23.51,27.992,27.061,23.008,26.912,25.84,NA,15.849,18.486,6.751,7.404,15.632,28.882,21.933,30.781,27.174,26.337,36.69,26.597,16.509,21.972,24.029,-0.372,NA,NA,6.793,33.189,NA,NA,21.216,44.337,29.709,28.041,26.458,21.133,20.418,13.936,13.856,-5.633,-3.428,-0.913,20.828,27.224,18.766,19.708,26.173,16.991,27.763,29.243,27.636,20.451,5.096,17.216
"1901-07",4.699,6.245,4.372,15.561,27.437,22.629,24.63,27.902,27.632,22.294,27.156,25.282,NA,15.189,17.11,7.19,9.967,18.522,31.754,26.363,30.59,26.645,23.89,35.101,25.905,15.691,21.646,23.76,1.753,NA,NA,10.034,35.341,NA,NA,23.62,45.57,28.348,27.442,25.712,19.825,19.694,12.882,13.119,-9.003,-2.824,0.218,22.069,26.901,18.082,21.203,25.149,15.827,26.699,28.374,26.931,19.743,4.747,17.221
"1901-08",4.468,6.371,5.102,16.46,28.529,23.51,25.945,28.063,27.885,22.357,27.252,24.86,NA,15.064,17.889,7.661,11.351,18.619,29.253,26.188,30.707,26.145,23.026,34.7,25.622,15.804,21.887,23.035,0.426,NA,NA,12.306,33.819,NA,NA,25.072,44.343,27.565,27.303,25.581,19.366,19.935,12.719,12.764,-7.205,-4.99,-0.768,23.048,26.514,17.6,22.032,24.674,15.339,26.03,27.753,26.693,19.238,4.348,17.189
"1901-09",1.806,3.127,2.175,16.593,28.052,21.964,25.45,28.316,27.892,22.055,27.328,25.035,NA,14.4,17.847,7.165,8.781,16.59,23.248,24.278,31.482,26.191,23.488,35.084,25.768,15.957,22.821,23.542,-2.289,NA,NA,10.425,30.463,NA,NA,23.868,41.994,27.355,27.149,26.336,19.687,20.788,12.94,13.105,-8.981,-2.522,-5.771,23.213,26.186,17.535,21.855,24.799,15.25,25.907,27.49,26.693,19.366,4.301,16.957
"1901-10",-4.114,-4.448,-4.493,14.648,27.663,20.127,25.14,28.197,27.374,22.563,27.032,25.468,NA,14.916,18.939,8.823,5.26,14.046,17.144,21.059,29.358,26.329,24.774,32.247,26.553,16.659,23.358,24.263,-11.132,NA,NA,5.661,24.779,NA,NA,21.103,36.272,27.653,27.363,27.017,20.434,21.596,13.134,13.889,-6.001,-2.465,-17.814,22.491,26.205,17.82,20.986,25.279,15.641,26.517,27.263,26.813,19.778,4.667,16.541
"1901-11",-9.096,-13.935,-10.471,13.183,22.82,15.941,23.129,27.076,26.529,23.218,26.87,26.203,NA,16.034,20.104,10.336,3.37,11.15,8.443,16.923,25.232,27.183,26.232,29.206,27.315,17.898,24.291,25.056,-19.898,NA,NA,-0.312,17.696,NA,NA,16.786,28.402,26.925,27.178,27.376,21.1,21.759,13.846,14.48,-2.752,0.221,-22.295,21.204,26.172,18.621,19.436,25.918,16.586,26.586,26.741,26.964,20.513,5.389,16.285
"1901-12",-10.538,-14.217,-16.144,12.089,20.936,13.549,21.591,26.585,25.873,23.841,26.253,25.915,NA,17.468,21.77,11.693,2.09,9.511,3.685,14.971,22.336,27.84,26.712,27.146,26.694,18.788,25.27,26.579,-24.783,NA,NA,-3.507,12.248,NA,NA,12.259,21.736,25.257,26.488,27.434,22.371,24.063,15.443,16.096,0.645,1.978,-26.127,19.795,26.165,19.704,18.095,26.153,17.929,25.722,25.876,26.634,21.938,6.513,16.247
"1902-01",-13.762,-16.936,-23.181,11.146,19.448,10.622,20.537,26.236,25.117,24.644,26.168,26.426,NA,18.545,23.28,12.92,1.131,7.87,0.42,12.391,21.85,27.955,27.288,27.262,27.122,20.109,25.765,26.929,-30.655,NA,NA,-7.187,11.498,NA,NA,11.584,22.253,24.522,26.253,27.662,24.247,25.789,16.527,17.593,2.983,4.216,-33.026,18.768,26.27,20.706,17.018,26.565,19.304,25.104,25.254,26.693,23.23,7.789,16.332
"1902-02",-13.505,-20.681,-24.614,10.56,19.401,10.963,20.316,26.008,24.821,24.926,26.249,26.107,NA,19.026,23.482,13.425,1.727,7.364,-6.513,11.689,22.148,28.04,27.721,28.045,27.787,20.84,25.865,27.015,-28.401,NA,NA,-5.988,7.973,NA,NA,12.289,23.698,25.355,26.263,27.41,25.178,25.121,17.025,17.73,3.198,4.195,-29.294,18.38,26.303,21.279,16.61,26.879,20.128,25.294,25.693,26.958,23.687,8.353,16.624
"1902-03",-10.504,-17.847,-17.311,11.085,19.536,10.666,20.235,26.493,25.329,25.234,26.692,26.495,NA,18.839,22.333,12.814,-0.034,8.668,4.037,13.871,24.845,27.923,28.23,28.432,27.755,20.614,25.62,27.018,-24.497,NA,NA,-4.494,14.756,NA,NA,12.124,30.007,26.528,26.507,27.475,24.494,24.282,16.896,17.503,0.916,2.496,-29.314,18.295,26.674,21.331,16.707,27.36,20.111,26.188,27.199,27.741,23.529,8.018,16.731
"1902-04",-9.98,-11.605,-15.505,11.405,21.301,13.416,21.272,27.332,25.776,24.551,26.867,26.241,NA,18.51,21.495,11.484,0.716,10.812,13.483,15.674,26.539,28.153,28.574,29.817,27.793,19.792,24.402,26.315,-17.956,NA,NA,-0.982,20.838,NA,NA,16.225,34.745,27.896,27.216,27.445,24.353,22.89,16.174,16.501,-2.196,0.333,-23.29,18.959,26.789,20.647,17.027,27.49,19.573,27.629,28.93,28.368,22.803,7.105,16.832
"1902-05",-3.157,-3.163,-4.936,12.895,23.62,16.648,22.505,27.885,26.605,23.428,27.293,26.204,NA,17.433,20.288,9.466,3.349,12.901,19.642,18.668,27.59,27.619,27.95,32.548,27.521,18.663,23.836,25.467,-5.541,NA,NA,3.11,26.173,NA,NA,19.716,39.513,29.123,27.668,26.867,23.421,21.468,15.443,15.412,-4.836,-1.624,-9.47,19.896,26.768,19.677,17.848,27.042,18.45,28.425,29.426,28.236,21.918,5.992,17.134
"1902-06",2.259,4.97,2.161,14.239,26.854,20.253,23.847,27.35,27.241,21.746,26.724,25.851,NA,15.454,18.125,7.442,6.456,15.951,29.85,22.489,30.386,27.337,27.339,35.808,26.966,17.726,22.912,24.163,0.679,NA,NA,7.791,32.317,NA,NA,21.092,44.463,29.466,27.444,26.06,22.374,19.992,14.485,13.83,-7.59,-1.964,-1.325,20.914,26.332,18.619,19.271,26.571,17.207,27.53,29.006,27.475,20.888,5.182,17.172
"1902-07",4.979,5.912,5.091,15.352,27.906,22.731,24.656,27.509,27.449,21.096,26.881,25.159,NA,14.847,17.083,7.564,9.447,19.013,32.345,25.405,30.062,26.738,25.818,33.191,25.773,16.962,22.27,23.494,1.734,NA,NA,11.962,35.297,NA,NA,22.756,44.633,28.297,27.237,25.569,20.748,19.555,13.33,13.298,-7.737,-2.873,0.179,22.056,25.615,17.976,20.841,25.908,15.95,26.451,28.628,26.873,19.926,4.566,17.113
"1902-08",5.018,5.054,5.239,16.459,28.146,23.301,24.972,26.931,27.46,20.91,27.052,25.114,NA,14.534,17.305,8.067,10.307,19.39,30.207,27.095,30.091,26.404,24.666,32.452,25.079,16.664,22.557,23.59,1.634,NA,NA,13.478,33.739,NA,NA,24.979,43.188,27.197,27.289,26.069,20.546,19.403,12.963,12.819,-8.43,-2.725,-1.163,22.805,25.155,17.619,21.81,25.479,15.428,25.553,27.651,26.307,19.475,4.255,17.08
"1902-09",1.803,1.917,1.916,16.491,28.094,22.419,25.175,27.287,27.53,21.266,27.379,25.156,NA,14.34,18.214,8.125,7.779,17.024,22.33,23.999,30.404,26.07,24.448,33.441,25.421,16.299,22.612,23.747,-0.74,NA,NA,11.923,29.637,NA,NA,23.343,41.242,27.178,27.216,26.478,20.587,20.285,12.806,13.053,-7.2,-5.609,-7.952,22.979,24.88,17.536,21.837,25.351,15.456,25.613,27.985,26.557,19.509,4.225,16.796
"1902-10",-3.518,-3.901,-3.401,15.708,26.713,19.519,24.101,26.669,27.271,21.48,27.01,25.776,NA,14.581,18.721,8.932,5.268,14.317,14.297,20.509,28.38,26.545,25.091,30.738,26.242,16.538,23.377,24.373,-8.9,NA,NA,6.431,22.813,NA,NA,20.902,35.827,27.425,27.102,27.226,21.903,21.245,13.213,13.811,-6.23,-2.23,-17.011,22.137,24.719,17.808,20.75,25.654,15.638,25.962,27.685,26.687,19.896,4.619,16.385
"1902-11",-7.815,-11.23,-9.585,14.064,23.202,15.446,22.46,26.046,26.286,22.275,26.424,26.122,NA,15.725,20.603,9.949,2.939,10.804,5.909,16.746,24.981,27.49,26.214,28.767,27.218,17.608,23.848,25.228,-17.54,NA,NA,-1.345,15.917,NA,NA,17.309,28.569,26.843,27.024,27.671,22.08,22.392,13.798,14.61,-2.22,-0.247,-23.558,20.805,24.796,18.495,19.102,26.011,16.716,26.148,26.738,26.844,20.863,5.296,16.08
"1902-12",-11.632,-18.21,-14.989,11.136,21.657,13.8,21.158,25.776,25.559,22.991,25.631,25.85,NA,16.854,21.907,11.389,0.701,8.986,3.414,14.36,20.888,27.636,26.651,26.601,26.819,18.59,24.593,25.623,-23.789,NA,NA,-3.715,11.802,NA,NA,12.915,20.802,24.912,26.544,27.426,22.779,23.835,15.17,15.625,0.691,1.948,-27.077,19.55,24.93,19.42,17.746,26.063,17.864,25.347,26.022,26.568,21.971,6.471,16.017
"1903-01",-13.511,-22.351,-20.252,10.619,19.272,11.073,20.327,25.139,24.587,23.764,25.764,25.96,NA,18.103,22.619,12.292,-1.277,7.242,-3.099,13.147,20.419,27.57,26.719,25.509,26.129,19.707,24.81,25.733,-26.32,NA,NA,-3.732,9.585,NA,NA,10.651,20.296,23.49,26.009,27.742,24.021,25.182,16.487,17.17,2.79,3.881,-28.946,18.595,24.967,20.572,16.972,26.183,19.072,24.098,24.963,26.248,22.852,7.752,16.151
"1903-02",-17.225,-23.471,-27.546,10.242,19.424,10.811,20.396,24.994,24.125,24.796,25.508,26.015,NA,19.021,23.344,13.6,1.444,8.175,2.955,12.49,22.604,27.353,27.186,26.225,26.091,20.717,25.281,26.184,-22.631,NA,NA,-5.825,12.543,NA,NA,10.832,25.633,24.519,26.012,27.572,25.015,24.793,16.745,17.501,3.091,3.92,-28.121,18.128,25.246,21.295,16.407,26.372,20.061,24.224,25.304,26.029,23.261,8.32,16.383
"1903-03",-13.308,-21.667,-22.105,9.51,19.943,12.257,20.997,25.633,24.427,24.675,25.636,26.106,NA,18.87,23.346,12.719,1.822,8.314,2.523,12.623,23.793,27.464,27.897,28.321,26.535,20.59,25.05,25.991,-21.39,NA,NA,-1.228,13.301,NA,NA,13.049,28.818,25.739,26.1,27.107,25.51,23.928,16.807,17.018,0.985,2.127,-29.1,18.242,25.471,21.25,16.285,26.752,20.148,25.328,26.249,26.765,23.169,7.861,16.473
"1903-04",-9.58,-12.616,-15.787,10.175,22.361,13.891,21.567,26.701,25.366,24.285,26.269,25.762,NA,18.262,21.481,10.939,2.32,11.329,10.506,14.947,25.776,26.23,27.435,29.491,26.559,19.435,24.026,25.293,-16.434,NA,NA,-1.507,17.087,NA,NA,15.827,32.155,27.456,26.528,26.931,24.544,22.514,16.067,16.385,-2.274,0.632,-19.787,18.734,25.76,20.448,16.785,26.636,19.299,27.073,27.981,27.163,22.639,7.096,16.614
"1903-05",-3.313,-3.24,-6.3,11.243,23.441,16.851,22.16,26.141,25.758,22.533,26.213,25.465,NA,16.896,19.409,9.796,4.214,13.531,20.974,18.588,27.599,26.494,27.281,33.083,26.19,18.27,22.865,24.499,-8.158,NA,NA,2.938,25.485,NA,NA,18.896,39.774,28.946,27.027,26.233,23.405,20.753,14.976,15.137,-5.313,-1.556,-10.731,19.517,25.724,19.501,17.557,26.395,18.206,27.784,28.39,27.307,21.693,6.073,16.735
"1903-06",1.636,3.3,0.489,12.677,25.557,19.615,23.244,26.372,26.344,21.425,26.181,25.352,NA,15.754,18.178,7.71,7.194,15.858,27.954,22.491,29.638,26.309,26.272,33.988,25.695,17.692,22.11,23.713,-0.129,NA,NA,8.126,31.839,NA,NA,21.537,43.531,28.335,27.088,25.412,22.394,18.526,13.805,13.876,-8.105,-2.159,-0.639,20.618,25.661,18.491,18.759,25.917,16.945,26.617,28.006,26.778,20.646,5.192,16.872
"1903-07",3.594,5.397,3.901,14.244,27.144,22.351,24.102,26.556,26.734,21.035,26.154,25.058,NA,14.787,17.009,7.251,9.097,18.513,30.627,25.794,28.91,26.192,25.004,32.549,25.26,16.726,21.562,22.781,1.267,NA,NA,12.067,33.621,NA,NA,23.538,43.172,27.609,26.967,25.008,21.463,18.199,13.58,13.178,-8.056,-4.368,0.088,21.73,25.426,17.803,20.27,25.308,16.023,25.756,28.071,26.25,19.939,4.596,16.904
"1903-08",3.877,4.547,4.534,15.405,27.753,22.819,24.903,26.533,27.077,20.734,26.144,24.805,NA,14.176,16.79,7.551,9.364,18.789,26.572,25.592,29.939,25.92,23.826,33.767,24.817,16.305,21.642,22.73,0.563,NA,NA,12.958,32.347,NA,NA,24.24,42.724,27.191,26.84,24.927,20.8,18.999,13.322,13.285,-9.163,-3.993,-1.694,22.55,25.056,17.429,21.198,24.805,15.25,25.102,27.753,26.001,19.29,4.347,16.803
"1903-09",0.453,0.393,0.213,15.648,27.837,21.597,25.104,26.816,26.76,21.039,26.37,24.76,NA,14.105,17.774,7.66,9.04,17.582,19.571,22.755,29.624,25.656,23.523,34.602,24.986,16.123,22.101,23.063,-1.701,NA,NA,11.37,27.104,NA,NA,23.673,40.766,27.034,26.891,25.92,20.772,19.932,13.135,13.549,-10.692,-3.596,-6.893,22.786,24.906,17.382,21.037,24.832,15.263,25.219,27.607,26.119,19.372,4.171,16.589
"1903-10",-5.768,-8.633,-5.973,14.807,26.198,18.553,23.855,26.354,26.4,21.611,26.698,25.211,NA,14.67,18.245,8.64,5.42,14.394,12.871,19.359,27.706,25.658,24.598,31.487,25.528,16.572,22.916,23.773,-9.992,NA,NA,4.711,21.22,NA,NA,20.828,34.95,27.559,26.978,26.859,21.325,20.849,13.315,13.775,-7.249,-1.898,-18.641,21.908,25.001,17.772,19.959,25.183,15.388,25.521,27.778,26.296,19.777,4.603,16.127
"1903-11",-10.431,-14.163,-9.986,13.367,23.429,16.093,22.292,26.262,25.845,22.188,25.825,25.556,NA,15.512,19.284,9.799,1.926,11.51,10.052,16.134,23.958,26.647,25.464,27.558,26.267,17.455,23.464,24.504,-20.743,NA,NA,-0.944,17.075,NA,NA,15.453,27.332,26.541,26.449,27.126,21.911,21.528,14.145,15.127,-3.134,-0.288,-24.99,20.758,25.059,18.6,18.687,25.452,16.153,25.7,26.79,26.341,20.652,5.306,15.868
"1903-12",-14.088,-18.368,-19.447,11.437,20.868,13.57,20.465,25.574,24.895,23.021,25.185,25.804,NA,17.071,21.722,11.138,2.03,8.517,2.332,13.261,21.403,26.979,26.074,26.002,26.727,18.532,24.022,25.279,-23.045,NA,NA,-4.174,12.149,NA,NA,11.316,21.751,24.769,26.108,27.501,22.669,22.952,15.435,16.183,0.183,1.991,-25.617,19.492,25.283,19.586,17.459,25.665,17.61,25.007,25.476,26.253,21.608,6.282,15.906
"1904-01",-12.302,-19.222,-21.761,9.919,18.959,11.29,19.233,25.337,24.501,24.062,25.069,25.665,NA,18.472,23.439,12.701,0.687,8.078,0.414,12.658,20.813,27.181,26.606,25.62,26.237,19.98,24.806,25.856,-28.58,NA,NA,-8.717,9.207,NA,NA,10.576,20.359,24.357,25.893,27.443,23.649,23.207,16.705,17.063,2.356,4.148,-29.031,18.59,25.525,20.56,16.685,25.954,19.04,24.554,24.855,26.216,22.711,7.535,16.121
"1904-02",-17.576,-22.674,-30.315,8.819,20.652,12.339,19.681,25.723,24.311,25.327,24.731,26.146,NA,19.054,23.015,12.87,1.021,8.502,1.3,12.013,21.551,27.726,27.128,26.501,26.451,20.812,25.317,26.156,-29.112,NA,NA,-5.798,11.516,NA,NA,10.792,23.504,25.053,25.767,27.478,24.155,24.439,17.352,18.294,2.296,4.463,-31.479,18.116,25.932,21.236,16.259,26.375,19.735,24.8,25.164,26.349,23.066,8.119,16.269
"1904-03",-14.356,-20.236,-23.39,9.272,20.114,11.593,19.569,26.076,24.412,25.449,25.247,25.944,NA,19.112,22.934,12.303,0.801,7.711,2.346,13.173,24.114,27.335,27.842,28.376,26.931,20.844,25.098,25.8,-23.646,NA,NA,-6.154,13.679,NA,NA,12.556,29.227,26.421,26.313,27.56,24.386,23.575,16.887,18.214,0.089,2.483,-28.85,18.233,26.222,21.123,16.136,26.661,19.743,25.882,26.644,27.12,23.286,7.731,16.485
"1904-04",-11.698,-12.544,-16.632,9.258,22.799,14.273,20.355,26.872,25.309,24.933,26.193,26.048,NA,18.099,21.741,9.899,0.954,9.423,12.708,15.036,25.803,26.978,27.807,29.688,26.525,19.382,24.109,25.51,-18.742,NA,NA,-3.167,18.774,NA,NA,15.653,32.571,27.779,26.851,27.154,23.454,22.465,15.954,16.988,-3.304,0.271,-23.102,18.744,26.43,20.626,16.646,26.74,19.274,27.326,28.631,27.505,22.669,6.82,16.572
"1904-05",-5.047,-3.455,-6.828,10.421,24.2,16.956,21.604,27.335,25.867,24.029,26.555,25.569,NA,17.543,20.176,9.56,3.381,12.583,19.33,18.056,26.84,26.657,27.363,33.138,26.386,18.881,23.324,24.621,-8.289,NA,NA,1.756,25.193,NA,NA,18.754,38.244,28.51,27.201,26.284,22.373,20.33,14.619,15.245,-6.517,-0.686,-13.039,19.611,26.554,19.664,17.621,26.491,18.089,27.883,28.208,27.393,21.615,5.871,16.772
"1904-06",1.386,3.6,0.902,12.475,26.619,20.513,23.448,27.476,26.638,23.185,25.954,25.149,NA,15.864,18.431,7.691,6.944,15.316,28.484,21.517,29.792,26.244,25.974,35.087,26.074,17.506,21.747,23.75,-0.562,NA,NA,6.991,31.455,NA,NA,21.849,43.057,28.515,27.188,25.564,21.321,19.072,13.876,13.755,-7.27,-3.135,-1.784,20.724,26.384,18.662,19.123,25.843,16.909,27.208,27.882,27.146,20.571,5.114,16.979
"1904-07",3.621,6.461,4.14,14.126,27.595,22.494,24.462,27.204,26.844,22.169,26.132,24.965,NA,15.037,17.936,7.419,10.047,18.905,30.666,24.826,30.603,26.322,24.292,33.919,25.471,16.557,21.516,23.188,1.306,NA,NA,10.902,34.072,NA,NA,23.459,44.673,27.758,26.911,24.752,21.072,18.004,13.446,12.668,-8.692,-3.499,0.226,21.782,26.054,17.815,20.528,25.175,16.106,26.172,28.204,26.695,19.95,4.578,16.988
"1904-08",3.356,5.362,3.892,15.527,27.761,23.205,25.016,27.204,26.901,22.017,26.549,24.528,NA,14.557,17.703,7.601,9.367,18.937,29.486,26.051,30.338,25.852,23.673,32.361,24.938,16.313,21.718,22.834,0.381,NA,NA,12.579,34.274,NA,NA,24.677,43.229,27.352,26.944,24.781,20.261,18.721,12.879,13.029,-8.935,-4.923,-1.164,22.669,25.783,17.429,21.66,24.631,15.337,25.462,27.526,26.242,19.594,4.11,16.901
"1904-09",0.582,2.151,0.518,15.373,27.709,22.398,24.816,26.97,26.957,21.534,26.634,24.694,NA,13.986,17.906,7.783,7.376,17.472,20.101,23.875,30.611,25.898,23.849,34.048,24.99,15.798,22.231,23.275,-2.875,NA,NA,9.166,28.167,NA,NA,23.486,40.918,27.462,27.067,25.915,20.184,20.431,13.118,13.116,-7.393,-4.509,-7.864,22.765,25.503,17.486,21.768,24.75,15.18,25.537,27.791,26.414,19.63,4.228,16.702
"1904-10",-4.688,-3.904,-4.985,14.117,26.426,19.324,24.14,27.113,26.725,21.692,26.95,25.294,NA,14.136,18.911,8.566,5.934,14.345,13.238,20.895,28.656,25.886,24.856,31.068,25.825,16.606,22.959,23.884,-11.521,NA,NA,4.993,22.415,NA,NA,20.872,35.495,27.804,27.02,26.822,20.916,21.12,13.346,13.434,-7.512,-2.489,-16.456,22.084,25.436,17.719,20.437,25.16,15.589,25.854,27.46,26.587,20.024,4.505,16.307
"1904-11",-8.211,-10.744,-9.783,12.57,23.48,15.26,22.194,26.474,26.107,22.528,26.1,25.602,NA,15.359,20.716,9.703,1.868,11.025,9.025,17.41,24.986,26.242,25.824,28.273,26.492,17.218,24.125,24.945,-25.275,NA,NA,-0.727,18.312,NA,NA,16.426,28.656,26.908,26.686,27.001,21.278,22.195,14.258,14.469,-3.021,0.125,-25.49,20.801,25.463,18.525,19.071,25.239,16.33,26.213,26.528,26.663,20.903,5.238,15.954
"1904-12",-11.869,-16.368,-16.278,11.97,19.059,10.455,20.659,25.533,24.788,23.19,25.455,25.295,NA,16.733,21.433,11.287,0.582,10.235,5.494,15.657,22.245,26.87,26.174,26.812,26.78,18.249,24.659,25.91,-27.788,NA,NA,-2.552,13.89,NA,NA,12.393,22.648,25.262,26.2,27.41,22.284,23.881,15.817,16.146,0.332,2.045,-28.857,19.66,25.544,19.591,17.272,25.481,17.42,25.642,25.651,26.483,22.087,6.33,15.904
"1905-01",-16.026,-22.798,-26.871,10.773,19.695,10.383,20.012,25.139,24.334,23.802,25.347,25.06,NA,18.389,22.858,13.039,0.313,8.416,2.624,12.663,20.853,27.077,26.457,26.013,26.324,19.623,25.044,26.368,-28.55,NA,NA,-4.923,11.205,NA,NA,11.942,21.025,24.529,25.991,27.39,23.782,24.396,17.467,17.204,2.506,3.958,-31.742,18.69,25.689,20.677,16.429,25.816,18.72,24.825,25.186,26.198,23.287,7.39,16.07
"1905-02",-14.387,-19.905,-23.2,10.324,19.749,11.223,19.976,25.415,24.141,24.07,25.508,25.527,NA,18.789,23.414,13.052,0.266,8.694,3.191,13.211,22.224,27.207,26.791,26.16,26.377,20.606,25.17,26.148,-29.426,NA,NA,-8.365,11.287,NA,NA,10.642,23.262,24.929,25.681,27.285,25.123,24.873,17.601,17.744,2.809,3.812,-32.049,18.175,25.926,21.188,16.145,25.925,19.626,24.623,25.582,26.49,23.767,7.942,16.286
"1905-03",-13.601,-15.041,-23.412,10.583,20.64,12.501,20.638,26.129,24.704,24.785,25.369,25.79,NA,18.826,23.412,12,0.34,8.474,7.041,13.653,24.808,26.887,27.393,27.803,26.771,21.088,25.317,26.196,-23.788,NA,NA,-6.827,15.195,NA,NA,12.867,29.773,26.095,26.061,26.882,24.994,23.963,17.423,17.359,0.84,2.242,-27.045,18.409,26.18,21.07,16.327,26.408,19.672,25.803,26.66,27.175,23.919,7.678,16.558
"1905-04",-11.861,-13.025,-16.303,10.964,22.398,14.13,21.318,27.127,25.366,24.507,26.155,25.516,NA,18.085,21.329,10.241,1.89,10.233,15.237,14.96,26.117,26.329,27.24,30.085,27.491,19.941,24.796,26.116,-21.393,NA,NA,-3.503,20.056,NA,NA,16.391,32.893,27.828,26.815,27.178,24.546,22.771,17.24,16.425,-2.415,0.122,-25.175,18.979,26.444,20.431,16.78,26.468,18.772,27.344,28.52,27.851,23.423,6.852,16.648
"1905-05",-5.523,-2.38,-8.761,12.068,23.809,17.417,22.24,26.858,26.043,23.585,26.47,25.243,NA,17.135,19.858,8.556,4.56,13.318,20.228,17.813,27.334,26.411,26.91,31.826,26.905,18.573,23.215,25.014,-9.535,NA,NA,2.341,26.699,NA,NA,19.107,39.141,29.015,27.211,26.376,23.249,20.998,15.916,14.654,-5.295,-2.136,-12.281,19.731,26.614,19.373,17.69,26.116,17.825,27.927,29.271,27.968,22.156,5.935,16.833
"1905-06",1.512,4.36,0.789,13.581,26.362,20.873,23.704,27.246,26.685,22.777,26.172,25.09,NA,15.993,18.911,8.103,8.375,15.924,26.547,21.481,29.838,25.946,26.192,35.286,26.398,17.406,22.384,23.835,-0.327,NA,NA,7.788,31.334,NA,NA,21.273,43.452,28.537,27.214,25.625,21.598,20.055,14.619,13.819,-7.36,-2.676,-1.226,20.932,26.463,18.5,19.213,25.58,16.707,26.877,28.509,27.184,20.601,5.057,17.035
"1905-07",3.897,7.354,3.81,15.195,27.711,23.27,25.064,27.152,26.974,21.839,26.249,24.671,NA,14.982,16.422,7.447,9.673,19.09,31.283,26.056,29.951,26.091,24.993,32.214,25.664,16.682,21.733,22.904,1.31,NA,NA,12.266,34.442,NA,NA,23.83,44.272,27.578,26.885,25.208,20.288,19.394,13.462,13.376,-9.738,-2.441,0.268,22.029,26.065,17.82,20.801,25.027,15.712,26.007,27.754,26.521,19.749,4.512,17.02
"1905-08",3.647,6.504,4.282,16.172,28.273,23.39,25.75,27.322,27.261,21.768,26.708,24.496,NA,14.439,17.352,7.183,10.76,18.743,29.929,26.7,28.579,25.814,23.995,31.64,24.943,16.368,21.792,22.656,0.244,NA,NA,13.32,33.452,NA,NA,24.833,42.159,27.194,26.843,25.128,19.69,19.403,12.796,12.877,-8.689,-3.644,-1.416,22.899,25.731,17.452,21.676,24.78,15.333,25.46,27.543,26.095,19.24,4.358,16.972
"1905-09",0.908,3.012,1.391,16.626,28.37,21.915,25.554,27.135,27.241,21.658,26.698,24.448,NA,14.308,17.915,7.365,8.572,16.51,24.185,23.858,30.196,25.672,24.476,33.944,25.176,16.22,22.686,23.257,-3.134,NA,NA,11.048,30.23,NA,NA,23.803,41.255,27.219,27.056,26.035,19.69,19.763,13.034,13.194,-7.784,-2.559,-7.431,23.075,25.572,17.51,21.631,24.847,15.092,25.433,27.604,26.174,19.271,4.326,16.774
"1905-10",-5.566,-6.041,-5.977,14.863,26.821,19.829,24.652,27.04,26.903,22.145,26.827,25.206,NA,14.302,19.087,8.168,4.593,13.24,14.301,20.265,27.911,25.838,25.156,31.411,26.019,16.665,23.089,24.113,-12.74,NA,NA,7.618,23.925,NA,NA,21.027,35.276,28.006,27.09,26.83,20.018,21.167,13.523,13.803,-5.642,-2.564,-19.678,22.325,25.485,17.817,20.572,25.327,15.589,26.231,27.805,26.296,19.667,4.636,16.293
"1905-11",-8.894,-12.02,-11.079,12.591,23.912,16.444,22.476,26.261,25.867,22.432,26.063,25.928,NA,15.318,19.514,10.075,3.065,9.978,6.75,17.255,25.071,27.021,26.325,28.039,26.461,17.816,23.564,24.846,-22.982,NA,NA,0.75,18.491,NA,NA,17.096,29.411,27.215,26.919,27.505,21.407,23.352,13.888,14.966,-2.092,-0.103,-26.07,20.981,25.484,18.681,19.126,25.964,16.299,26.363,26.815,26.467,20.436,5.417,16.046
"1905-12",-13.033,-17.777,-19.183,11.49,20.726,13.543,21.006,25.567,24.819,23.335,25.517,25.534,NA,16.954,21.476,11.591,0.646,8.541,2.665,13.877,21.99,27.536,26.691,26.79,26.972,19.162,24.707,25.712,-27.293,NA,NA,-3.763,12.557,NA,NA,13.318,21.898,25.326,26.597,27.355,22.668,23.949,14.828,16.111,0.767,1.878,-31.611,19.711,25.643,19.663,17.753,26.142,17.766,25.381,26.125,26.498,21.591,6.545,15.958
"1906-01",-13.574,-20.562,-20.257,8.154,20.808,12.448,20.404,25.594,24.546,23.848,25.232,25.858,NA,18.081,22.681,12.862,0.391,7.439,-6.537,13.054,21.391,27.711,26.923,26.212,26.999,20.077,25.177,26.084,-28.067,NA,NA,-4.285,6.644,NA,NA,10.834,20.946,24.551,25.819,26.789,23.049,24.678,16.052,17.227,2.823,3.996,-30.316,18.775,25.749,20.689,16.967,26.243,19.094,24.795,25.455,26.426,22.492,7.746,16.204
"1906-02",-14.415,-15.132,-23.743,10.021,18.902,10.549,19.761,25.638,24.293,24.41,25.666,25.832,NA,18.967,23.303,13.241,-0.654,7.153,-2.942,11.722,21.777,27.595,27.637,27.093,27.024,20.605,24.86,25.894,-32.328,NA,NA,-8.148,9.282,NA,NA,11.019,24.175,25.541,25.883,27.257,24.367,25.261,16.897,17.827,3.171,4.096,-31.635,18.344,26.081,21.262,16.43,26.639,20.131,25.129,25.845,26.859,22.982,8.396,16.356
"1906-03",-13.594,-19.715,-22.654,9.623,20.484,12.476,20.221,26.123,24.672,25.017,25.549,26.051,NA,18.915,22.221,12.252,0.571,8.688,5.242,13.733,24.712,27.372,28.241,27.947,27.027,20.578,24.74,25.892,-26.326,NA,NA,-4.723,14.23,NA,NA,12.783,29.839,26.558,26.162,27.221,24.143,23.959,16.435,17.524,0.596,3.037,-30.55,18.413,26.239,21.214,16.393,26.964,20.067,25.771,27.346,27.48,22.911,7.981,16.508
"1906-04",-8.777,-12.285,-12.826,9.852,22.86,14.748,21.17,26.931,25.453,24.326,26.531,26.353,NA,18.352,21.4,10.465,0.771,10.411,11.723,15.888,26.236,27.511,28.507,30.613,26.99,19.853,24.042,25.451,-22.399,NA,NA,-2.573,20.478,NA,NA,16.26,34.552,27.817,26.944,27.329,23.269,23.321,16.029,16.867,-2.13,0.732,-24.438,18.925,26.54,20.578,17.011,27.237,19.312,27.35,28.611,27.813,22.46,7.028,16.696
"1906-05",-4.378,-4.573,-4.49,11.096,25.213,17.32,22.311,27.262,26.259,23.267,26.685,25.866,NA,17.057,19.415,9.034,3.234,13.121,20.824,19.308,27.984,26.917,27.899,35.245,26.557,18.464,23.119,24.799,-9.356,NA,NA,2.72,26.843,NA,NA,18.902,40.398,28.688,27.419,27.006,22.574,21.568,14.968,15.563,-4.94,-1.394,-13.511,19.797,26.588,19.647,17.876,26.666,18.124,27.953,28.557,27.514,21.556,5.943,16.883
"1906-06",1.996,3.313,2.199,12.641,27.164,20.524,23.885,27.388,27.05,21.917,26.647,25.468,NA,15.679,17.478,7.987,6.223,15.382,28.453,22.784,30.194,27.046,27.529,34.977,25.827,17.813,22.068,23.533,-0.716,NA,NA,7.743,32.498,NA,NA,21.65,44.217,28.877,27.325,26.137,21.165,20.007,13.724,14.32,-6.392,-1.737,-1.737,20.894,26.383,18.765,19.264,26.29,16.743,26.811,28.769,26.87,20.335,5.185,17.082
"1906-07",3.848,5.936,4.438,14.445,27.798,22.86,24.528,27.173,27.135,21.255,26.654,24.862,NA,14.613,17.186,7.158,8.537,18.071,31.476,26.468,30.305,26.509,25.748,34.479,24.974,16.671,21.432,22.962,1.322,NA,NA,11.228,34.536,NA,NA,23.967,44.735,27.79,27.226,25.691,20.013,19.282,13.073,13.288,-7.555,-2.908,0.043,22.022,26.007,17.973,20.803,25.623,15.876,25.783,27.994,26.298,19.584,4.606,17.074
"1906-08",4.633,5.309,5.238,15.883,27.902,23.501,24.845,27.261,27.359,21.124,26.759,24.7,NA,14.103,16.992,7.194,9.315,18.344,30.52,26.377,30.388,26.221,24.477,33.01,24.564,16.055,21.546,22.799,0.366,NA,NA,12.447,34.663,NA,NA,24.89,43.61,27.109,27.099,25.865,19.593,19.813,12.771,12.894,-7.845,-3.032,-0.762,22.976,25.551,17.653,21.774,25.183,15.222,25.234,27.515,26.033,19.229,4.46,17.041
"1906-09",2.326,1.706,3.035,15.38,27.238,22.279,24.35,26.654,27.029,20.991,27.058,24.893,NA,13.952,17.987,7.929,7.661,16.465,22.317,24.868,29.865,26.004,24.532,34.256,24.615,15.753,22.644,23.55,-3.966,NA,NA,10.459,30.198,NA,NA,24.178,41.305,27.18,27.262,26.58,19.601,20.833,12.73,13.202,-7.323,-3.849,-7.107,22.891,25.388,17.545,21.833,25.14,15.19,25.208,27.296,26.144,19.401,4.389,16.788
"1906-10",-3.259,-5.294,-4.532,14.472,25.462,18.994,23.691,26.66,26.695,21.383,27.028,25.551,NA,14.124,18.688,8.936,3.313,14.011,15.055,21.125,28.38,26.088,25.615,32.169,25.127,16.28,23.279,24.267,-12.249,NA,NA,5.527,23.152,NA,NA,21.127,35.242,27.333,27.245,27.203,20.32,21.529,13.23,13.632,-5.058,-2.769,-17.017,22.358,25.339,17.879,20.582,25.732,15.567,25.524,27.459,26.26,19.874,4.775,16.364
"1906-11",-8.098,-10.233,-8.453,12.577,24.079,16.21,22.374,26.45,26.235,22.122,26.004,26.052,NA,15.245,20.477,10.282,1.85,11.021,9.903,17.281,25.105,27.352,26.304,27.783,26.283,17.654,23.687,24.72,-22.906,NA,NA,-2.371,18.284,NA,NA,16.656,28.741,27.001,27.006,27.829,21.164,22.62,14.157,15.169,-2.392,-0.052,-25.204,20.927,25.427,18.591,19.35,25.959,16.683,26.1,26.719,26.347,20.578,5.453,16.074
"1906-12",-11.798,-18.577,-16.789,9.798,22.273,15.087,21.152,26.198,25.466,23.108,25.295,26.176,NA,16.45,22.149,11.314,0.917,8.253,2.804,14.174,21.719,27.638,26.796,26.432,26.735,19.286,24.7,25.707,-24.693,NA,NA,-4.462,13.637,NA,NA,13.261,23.11,25.713,26.484,27.413,22.333,23.851,15.289,16.464,0.993,2.228,-27.441,19.562,25.586,19.613,17.913,26.241,17.948,25.732,26.028,26.449,21.921,6.64,16.132
"1907-01",-14.067,-19.062,-21.391,9.335,19.064,10.743,19.464,25.627,24.593,24.011,25.304,25.912,NA,17.737,23.158,11.989,-0.731,7.894,-3.53,13.842,21.204,27.638,26.921,25.999,26.625,20.318,24.909,25.895,-29.397,NA,NA,-6.084,9.646,NA,NA,11.66,21.492,24.754,26.032,27.243,23.074,25.617,16.769,17.7,3.271,4.385,-29.556,18.681,25.746,20.607,16.632,26.34,19.214,25.053,25.239,26.432,23.054,7.923,16.258
"1907-02",-13.13,-21.766,-24.996,8.686,19.505,12.05,19.358,25.625,24.469,24.454,25.143,26.152,NA,18.368,23.546,12.81,-0.603,6.913,-3.861,13.189,22.803,27.906,27.713,26.501,26.514,20.863,25.044,25.959,-30.277,NA,NA,-7.481,10.73,NA,NA,11.941,25.438,25.206,26.012,27.556,24.362,25.619,17.387,18.569,3.216,4.718,-31.235,18.242,26.042,21.151,16.377,26.743,20.053,24.908,25.432,26.674,23.461,8.559,16.452
"1907-03",-12.258,-19.362,-20.195,9.21,20.175,12.675,20.267,26.176,24.541,25.023,25.739,26.087,NA,18.156,22.919,11.897,-2.299,7.57,4.057,13.818,24.758,27.315,28.036,28.046,27.592,20.845,25.41,26.248,-25.334,NA,NA,-4.908,15.164,NA,NA,13.076,30.687,26.389,26.177,27.283,24.455,24.543,17.315,18.461,0.999,2.765,-28.388,18.365,26.265,21.06,16.338,26.913,20.084,25.911,26.735,27.33,23.544,8.155,16.615
"1907-04",-9.354,-10.272,-13.073,9.994,22.014,14.328,21.262,27.043,25.274,24.23,26.139,25.891,NA,17.662,22.176,10.418,0.405,10,12.488,14.979,25.987,26.696,27.956,29.871,27.471,20.307,24.517,25.978,-21.737,NA,NA,-2.569,20.231,NA,NA,16.525,33.753,28.006,27.148,27.579,24.601,23.073,16.485,16.877,-1.779,0.815,-23.086,19.024,26.509,20.445,16.854,26.733,19.425,27.299,28.491,28.003,22.895,7.169,16.752
"1907-05",-3.37,-3.117,-4.925,11.457,24.412,17.143,22.503,27.129,26.083,23.123,26.509,25.431,NA,16.757,20.303,9.089,3.214,12.724,21.081,18.285,26.854,26.541,27.174,33.621,27.965,18.401,23.179,25.153,-8.964,NA,NA,2.002,27.47,NA,NA,18.642,38.694,29.55,27.445,27.013,24.111,21.275,15.428,15.282,-3.243,-1.935,-10.781,19.783,26.558,19.673,17.836,26.404,18.065,28.306,29.314,28.042,21.873,6.122,17.006
"1907-06",2.166,3.879,2.076,12.395,26.529,20.462,23.642,27.081,26.554,22.097,26.14,25.158,NA,15.632,18.753,6.88,5.906,15.401,25.818,22.018,29.526,26.478,26.36,35.401,26.605,17.205,21.85,23.83,0.163,NA,NA,7.226,31.145,NA,NA,21.221,43.593,28.594,27.457,26.083,21.77,19.857,14.25,13.514,-5.422,-1.953,-0.535,20.838,26.441,18.628,19.195,25.871,16.983,27.043,28.448,27.279,20.64,5.367,17.116
"1907-07",3.808,6.739,5.454,14.043,27.871,23.296,24.384,27.083,27.167,21.142,26.202,24.565,NA,14.334,17.676,6.758,8.21,17.728,31.848,26.034,29.925,26.462,24.747,33.097,25.529,16.878,21.635,22.976,1.069,NA,NA,11.307,34.071,NA,NA,23.441,44.221,27.568,27.182,25.583,20.813,19.263,13.468,13.658,-7.003,-2.62,0.074,22.037,26.138,17.925,20.54,25.14,15.877,25.885,28.085,26.63,19.939,4.837,17.115
"1907-08",3.917,6.134,5.396,15.561,28.156,24.053,25.421,27.248,27.332,20.819,26.485,24.32,NA,14.031,17.04,7.449,10.108,18.817,28.469,26.793,28.926,25.823,24.385,31.931,24.869,16.576,22.278,23.129,0.234,NA,NA,12.256,33.286,NA,NA,24.719,43.002,27.177,27.081,25.697,20.556,19.392,13.088,13.017,-8.313,-4.087,-1.099,22.894,25.726,17.451,21.405,24.821,15.396,25.402,27.967,26.24,19.706,4.503,17.045
"1907-09",1.206,1.005,0.711,16.396,27.757,22.256,25.61,27.384,27.141,21.159,26.603,24.479,NA,14.091,17.934,7.296,8.65,17.218,23.953,23.774,29.807,25.703,24.457,34.046,24.907,16.34,22.296,23.545,-3.395,NA,NA,10.997,30.996,NA,NA,23.986,41.066,27.204,27.181,26.209,20.709,20.144,13.245,13.156,-7.65,-3.343,-7.806,23.138,25.547,17.431,21.324,24.844,15.271,25.341,27.805,26.287,19.557,4.438,16.793
"1907-10",-4.122,-6.781,-5.671,15.435,26.415,20.007,24.369,27.375,26.7,21.743,26.507,25.252,NA,14.469,18.693,8.49,5.216,14.331,13.978,20.649,27.316,26.529,25.437,31.301,25.668,16.716,22.698,23.601,-13.334,NA,NA,6.942,21.947,NA,NA,20.819,34.408,27.643,27.193,27.099,20.686,21.724,13.565,14.125,-6.204,-1.771,-18.918,22.435,25.433,17.806,20.27,25.303,15.64,25.668,27.857,26.45,19.807,4.785,16.339
"1907-11",-8.711,-13.497,-11.46,14.578,22.795,15.003,22.548,26.374,25.84,22.589,26.348,25.709,NA,15.682,20.007,10.151,2.409,10.747,11.239,18.262,25.042,27.055,26.107,28.068,26.471,17.338,23.58,24.715,-22.602,NA,NA,0.303,18.016,NA,NA,16.435,28.219,26.867,26.918,27.47,21.162,23.247,13.671,14.942,-2.755,-0.319,-26.043,20.981,25.534,18.696,18.782,25.679,16.731,25.956,27.176,26.521,20.569,5.386,16.009
"1907-12",-12.094,-21.525,-18.22,12.006,21.127,13.24,21.394,25.894,25.24,22.904,25.668,25.544,NA,16.725,22.062,11.239,0.168,7.953,3.864,13.827,22.266,27.458,26.447,26.101,26.959,19.052,24.641,25.524,-27.87,NA,NA,-2.256,14.252,NA,NA,12.818,23.475,25.511,26.298,27.085,22.471,23.986,14.842,16.347,0.662,2.156,-29.321,19.707,25.579,19.763,17.774,25.856,17.798,25.23,26.445,26.386,21.837,6.643,15.991
"1908-01",-15.156,-20.972,-22.647,10.899,21.515,12.556,20.85,25.884,24.658,24.328,25.191,25.779,NA,18.037,22.925,12.273,-0.947,8.897,0.395,12.857,20.288,27.53,26.91,26.18,26.645,20.419,25.124,25.846,-29.624,NA,NA,-5.809,9.77,NA,NA,11.824,19.809,24.49,25.945,26.914,23.335,25.476,16.482,18.11,2.908,4.459,-30.335,18.733,25.953,20.632,16.838,25.999,19.068,24.606,25.584,26.502,22.784,7.831,16.2
"1908-02",-17.092,-22.202,-25.548,10.519,18.856,10.873,20.003,25.642,24.114,24.817,25.205,26.245,NA,18.635,23.723,12.415,0.544,9.046,3.636,13.196,21.468,27.428,27.322,27.513,26.772,21.173,25.663,26.248,-27.974,NA,NA,-6.918,11.952,NA,NA,11.565,23.629,24.995,25.904,26.95,24.627,24.678,17.23,18.581,2.928,4.538,-30.959,18.36,26.16,21.203,16.361,26.314,20.044,24.658,25.845,26.969,23.357,8.325,16.463
"1908-03",-14.815,-21.134,-25.5,10.17,19.558,11.596,20.129,25.927,24.326,25.346,25.76,26.07,NA,18.707,23.103,12.145,1.156,8.77,6.692,13.86,25.126,27.328,27.754,29.111,27.252,20.492,25.361,26.648,-26.953,NA,NA,-5.159,15.617,NA,NA,13.765,29.62,26.499,26.355,27.07,24.929,24.25,16.673,18.191,0.559,3.209,-27.889,18.405,26.398,21.24,16.483,26.787,20.038,26.03,27.137,27.449,23.553,8.03,16.63
"1908-04",-11.769,-12.448,-14.984,10.887,21.537,14.112,20.921,26.949,25.293,24.65,26.276,26.124,NA,18.341,21.378,11.515,2.032,11.143,13.464,14.735,26.03,26.974,28.355,31.487,27.754,19.967,24.883,26.065,-18.61,NA,NA,-2.83,20.266,NA,NA,16.57,33.496,28.104,27.103,26.994,24.838,23.087,15.894,16.654,-1.982,0.736,-23.427,18.921,26.784,20.632,17.116,26.99,19.448,27.607,28.672,27.943,23.202,7.082,16.813
"1908-05",-4.939,-5.282,-7.452,11.822,23.738,17.044,21.931,27.614,25.89,24.574,26.367,25.739,NA,17.762,20.154,9.586,4.311,13.275,21.855,17.867,26.998,26.724,27.016,33.892,27.671,18.632,23.579,25.243,-7.046,NA,NA,2.941,27.557,NA,NA,19.998,38.602,28.967,27.585,26.484,23.891,21.171,14.941,15.268,-4.334,-1.782,-11.355,19.92,26.982,19.629,17.905,26.58,18.207,28.4,28.96,27.931,22.1,6.218,17.074
"1908-06",1.829,3.812,1.397,13.8,26.873,20.877,23.9,27.877,26.54,24.458,26.209,25.593,NA,16.844,18.909,7.755,7.478,17.317,27.977,21.875,29.066,26.45,25.41,34.637,26.88,17.51,22.252,23.905,0.161,NA,NA,7.747,31.564,NA,NA,21.671,42.887,29.529,27.503,25.562,22.183,19.602,14.176,13.702,-6.573,-2.347,-0.516,21.079,26.907,18.498,19.204,26.029,17.251,27.651,29.273,27.556,20.813,5.446,17.251
"1908-07",3.501,5.576,4.637,15.208,27.861,22.722,25.221,28.024,26.968,24.022,26.288,24.992,NA,15.904,17.74,6.749,9.388,19.079,31.894,25.901,30.499,26.536,24.183,34.255,25.81,17.348,21.781,22.894,1.33,NA,NA,11.97,34.344,NA,NA,24.162,44.433,27.566,27.05,24.854,20.618,18.652,13.058,13.019,-8.012,-2.617,0.082,22.301,26.827,17.817,20.71,25.146,16.112,26.093,27.709,26.815,19.816,4.795,17.234
"1908-08",3.901,5.001,4.923,16.866,27.817,23.243,25.884,28.003,27.17,23.244,26.833,24.655,NA,15.229,18.265,6.743,10.351,19.621,29.871,26.6,30.88,25.987,23.402,34.948,25.322,16.501,21.719,22.832,0.278,NA,NA,12.486,34.286,NA,NA,24.7,44,27.063,26.861,24.966,20.215,18.846,12.75,12.11,-7.758,-5.752,-1.053,23.246,26.658,17.408,21.798,24.661,15.8,25.572,27.27,26.658,19.568,4.449,17.169
"1908-09",0.939,-0.602,0.496,16.902,28.019,22.33,25.541,27.499,26.974,23.24,26.669,24.933,NA,14.957,18.331,7.068,8.48,18.322,24.169,24.638,31.225,25.99,23.376,34.297,25.884,16.369,22.606,23.444,-2.943,NA,NA,10.544,30.396,NA,NA,23.977,41.747,27.597,26.89,25.589,20.129,20.328,13.062,12.744,-6.975,-4.341,-7.564,23.344,26.651,17.313,21.871,24.763,15.46,25.949,27.624,26.816,19.675,4.565,17.009
"1908-10",-5.708,-3.886,-6.589,16.246,25.556,19.649,24.347,27.569,26.655,23.281,26.828,25.442,NA,14.968,18.826,8.527,6.208,14.624,15.859,21.387,28.206,26.548,24.552,30.953,26.665,16.758,23.071,23.956,-12.954,NA,NA,5.916,23.854,NA,NA,21.097,35.592,28.186,27.212,26.683,19.91,21.91,12.96,13.433,-5.739,-3.585,-19.491,22.543,26.619,17.931,20.78,25.337,15.824,26.777,27.977,26.886,19.948,4.784,16.569
"1908-11",-7.325,-14.479,-10.87,15.218,22.368,15.556,22.969,26.963,25.999,23.834,26.911,25.906,NA,16.275,19.811,10.275,1.981,9.783,10.635,17.475,25.534,27.261,26.12,29.235,27.634,18.206,23.838,24.802,-20.641,NA,NA,0.803,19.711,NA,NA,17.859,29.332,27.41,27.215,27.686,21.114,23.813,13.784,14.702,-1.89,-0.488,-24.287,21.23,26.741,18.703,19.131,25.906,16.606,26.839,27.4,27.188,20.758,5.542,16.374
"1908-12",-12.001,-15.964,-18.77,12.679,20.165,13.343,21.045,26.482,25.406,24.356,26.238,26.402,NA,17.837,21.77,12.134,0.181,8.521,5.384,14.766,21.893,27.75,27.176,27.225,27.155,19.54,25.132,26.15,-23.611,NA,NA,-3.463,14.599,NA,NA,13.739,22.879,25.74,27.021,28.445,22.05,25.306,14.693,15.775,0.904,1.863,-25.967,19.972,26.738,19.803,17.96,26.47,18.105,25.911,26.535,26.952,22.163,6.717,16.396
"1909-01",-14.568,-16.66,-24.74,12.547,19.37,12.645,20.596,25.969,24.734,25.467,25.785,26.62,NA,19.097,23.357,13.208,2.232,6.51,-2.251,12.05,21.45,27.528,27.854,26.604,27.57,20.171,25.521,26.728,-22.681,NA,NA,-6.424,9.054,NA,NA,11.933,22.268,25.142,26.651,27.436,22.877,25.419,16.065,16.932,3.32,3.781,-24.797,18.922,26.878,20.894,17.06,26.75,19.418,25.57,25.569,27.088,23.212,8.119,16.718
"1909-02",-13.278,-17.453,-25.099,12.315,18.972,12.004,20.361,25.897,24.191,25.671,25.955,26.288,NA,19.524,24.203,13.277,-0.432,6.539,-6.368,11.844,21.825,27.781,27.988,28.149,28.197,20.931,25.891,27.013,-30.289,NA,NA,-8.65,8.417,NA,NA,12.118,23.579,25.621,26.801,27.689,23.637,25.108,16.424,17.512,3.559,3.96,-26.513,18.539,26.706,21.483,16.527,27.114,20.294,25.671,26.284,27.361,23.934,8.626,16.789
"1909-03",-13.049,-15.008,-21.342,11.585,19.797,12.632,20.624,26.62,24.747,25.449,26.449,26.864,NA,19.147,22.83,11.783,0.12,8.168,-0.502,13.107,24.323,27.683,28.636,30.006,28.244,20.952,25.267,26.593,-26.096,NA,NA,-6.973,12.075,NA,NA,13.969,29.234,27.052,27.354,28.353,23.669,24.79,16.629,17.65,1.459,2.846,-25.781,18.604,26.856,21.391,16.547,27.38,20.159,26.797,27.585,27.867,23.775,8.188,16.939
"1909-04",-11.309,-13.696,-17.54,11.849,22.063,14.771,21.818,27.472,25.608,24.942,27.264,26.83,NA,18.097,21.474,10.698,2.529,10.244,8.29,14.753,26.156,27.752,28.934,30.881,27.819,20.374,24.798,26.239,-18.963,NA,NA,-1.781,17.48,NA,NA,16.468,33.978,28.226,27.888,28.106,23.854,23.7,15.591,16.816,-1.942,1.278,-23.956,19.071,27.364,20.703,17.184,27.769,19.496,27.881,29.211,28.545,23.312,7.269,17.048
"1909-05",-4.321,-5.498,-6.237,12.313,24.08,17.313,22.341,27.86,26.553,23.839,27.694,26.383,NA,17.203,20.095,9.068,4.131,12.895,17.969,18.773,28.129,27.429,28.293,32.713,27.828,18.844,23.766,25.125,-9.632,NA,NA,1.921,24.547,NA,NA,19.423,39.044,29.395,28.191,27.203,22.976,21.36,14.9,15.249,-4.397,-0.923,-12.6,19.834,27.298,19.643,18.268,27.316,18.293,28.846,30.031,28.537,22.168,6.276,17.193
"1909-06",2.098,3.795,0.964,14.256,27.022,21.004,24.402,28.05,27.297,23.303,27.09,26.311,NA,16.052,17.729,7.016,7.108,15.621,27.669,21.969,30.538,27.516,27.604,35.719,27.218,17.368,21.893,23.979,0.468,NA,NA,7.1,31.624,NA,NA,21.913,44.044,29.358,27.884,26.03,21.227,20.41,13.744,14.31,-6.207,-2.654,-0.528,21.004,27.152,18.724,19.559,26.764,17.092,27.732,29.346,27.946,20.665,5.4,17.33
"1909-07",4.029,6.333,4.292,15.688,28.503,23.49,25.461,28.07,27.867,22.152,26.998,25.648,NA,14.893,17.235,7.24,9.418,18.666,31.621,26.849,31.696,27.298,26.12,34.563,26.054,17.243,22.108,23.117,1.853,NA,NA,10.048,34.518,NA,NA,23.958,46.037,28.498,27.44,25.237,20.26,18.883,12.757,13.321,-7.653,-3.972,0.223,22.15,26.7,17.943,21.283,25.978,16.18,26.646,28.597,27.132,20.001,4.848,17.335
"1909-08",3.982,5.169,4.753,16.214,28.912,24.36,25.942,28.197,28.112,21.705,27.182,25.196,NA,14.412,17.461,6.875,11.478,19.083,29.6,27.147,30.7,26.598,24.663,34.132,25.712,16.689,22.007,22.956,0.989,NA,NA,11.585,33.917,NA,NA,24.941,44.237,27.716,27.1,24.967,20.366,18.86,12.879,12.773,-7.848,-4.715,-0.817,22.984,26.161,17.477,22.195,25.389,15.563,26.035,27.82,26.943,19.676,4.392,17.25
"1909-09",1.62,1.184,0.607,16.339,29.097,22.817,26.51,28.044,27.89,21.565,27.329,25.631,NA,14.244,17.372,7.034,9.409,17.541,20.532,24.433,31.483,26.611,25.296,34.751,25.899,16.878,22.702,23.274,-3.667,NA,NA,10.711,28.588,NA,NA,23.94,42.116,27.455,27.129,25.345,19.882,20.473,13.301,13.414,-8.542,-2.227,-7.57,23.177,26.046,17.315,22.217,25.708,15.283,26.01,27.588,26.936,19.475,4.541,17.023
"1909-10",-4.059,-8.758,-6.018,15.436,26.57,19.652,24.661,27.292,27.164,22.121,27.058,25.961,NA,14.581,19.044,8.064,5.427,14.414,14.65,21.07,29.309,26.546,25.924,32.03,26.616,16.738,23.5,24.433,-13.044,NA,NA,6.267,23.513,NA,NA,21.311,36.284,27.866,27.404,26.658,20.648,21.998,13.455,13.759,-5.126,-3.306,-18.959,22.482,26.119,17.849,20.967,26.057,15.715,26.575,27.497,26.99,20.034,4.755,16.558
"1909-11",-7.589,-14.339,-10.106,14.132,23.387,16.707,23.327,26.998,26.362,22.863,26.55,26.451,NA,15.779,20.69,9.628,1.605,10.703,8.315,17.785,25.799,27.812,26.928,28.346,26.767,17.681,23.562,24.912,-21.476,NA,NA,1.095,17.681,NA,NA,16.173,28.074,26.943,27.109,27.554,21.504,23.522,14.06,14.745,-2.234,-0.607,-24.904,21.384,25.961,18.585,19.353,26.423,16.797,26.548,26.602,26.929,20.575,5.419,16.238
"1909-12",-11.808,-18.545,-15.772,12.243,21.457,13.83,22.148,26.441,25.714,23.489,26.032,26.289,NA,17.057,22.313,11.41,0.675,8.655,1.841,14.88,22.93,28.106,26.995,26.605,26.777,18.817,24.481,25.642,-20.618,NA,NA,-1.834,11.815,NA,NA,12.581,22.798,25.398,26.627,27.866,22.367,24.599,15.084,15.564,0.775,1.914,-26.36,20.01,25.98,19.732,18.249,26.478,18.1,25.616,25.524,26.563,21.719,6.605,16.305
"1910-01",-11.532,-17.47,-20.614,10.956,18.966,11.388,20.567,26.126,24.947,24.128,26.049,25.972,NA,18.216,23.053,12.904,-1.081,6.927,-1.569,12.599,21.001,28.06,27.483,26.086,26.981,19.523,25.176,26.259,-25.346,NA,NA,-3.648,10.315,NA,NA,10.89,19.98,24.841,26.061,27.402,23.182,25.69,16.314,16.523,3.083,4.164,-26.482,19.074,26.031,20.87,17.231,26.652,19.18,24.995,25.03,26.677,22.816,7.863,16.475
"1910-02",-14.514,-21.444,-24.569,11.291,19.157,11.011,20.441,26.014,24.791,25,26.073,26.198,NA,19.18,23.911,13.259,0.501,7.45,-1.179,13.267,22.904,27.843,27.814,26.935,27.569,20.425,25.569,26.669,-29.822,NA,NA,-6.733,11.289,NA,NA,13.372,25.58,25.519,26.231,26.854,23.442,24.673,17.143,17.08,3.326,3.993,-30.445,18.501,26.286,21.258,16.846,26.844,20.058,25.484,25.416,26.991,23.45,8.517,16.634
"1910-03",-12.25,-17.396,-19.271,11.077,19.991,12.442,20.884,26.623,25.044,25.516,26.327,26.443,NA,18.901,23.377,12.255,-0.091,7.952,0.708,13.442,24.827,27.264,28.344,28.919,27.882,20.731,25.908,27.148,-28.644,NA,NA,-6.746,13.286,NA,NA,14.433,30.512,27.16,26.655,26.885,24.123,24.045,16.913,17.33,0.955,2.961,-29.672,18.646,26.619,21.322,16.635,27.141,20.043,26.686,27.092,27.624,23.518,8.084,16.765
"1910-04",-9.87,-14.367,-16.493,11.15,21.586,13.968,21.795,27.106,25.491,24.469,26.789,26.264,NA,18.116,21.008,10.651,1.586,10.014,12.076,15.64,26.636,27.453,28.385,30.55,27.614,19.741,25.148,26.824,-19.178,NA,NA,-1.671,19.695,NA,NA,16.606,34.823,28.243,27.291,27.057,24.142,22.897,16.469,16.242,-1.291,0.535,-21.831,19.184,26.783,20.632,17.065,27.328,19.211,27.954,28.861,28.129,23.151,7.144,16.905
"1910-05",-3.407,-3.763,-6.227,12.419,23.956,17.292,22.848,27.41,26.473,23.164,27.091,25.963,NA,16.663,19.61,8.787,3.161,12.591,20.437,19.293,28.418,27.187,28.221,35.071,27.542,18.534,23.773,25.543,-10.757,NA,NA,2.29,26.188,NA,NA,19.792,39.324,29.95,27.511,26.586,22.662,21.726,15.483,14.984,-4.2,-1.272,-12.507,19.9,26.83,19.698,18.097,27.005,18.181,28.428,29.768,27.9,21.95,6.206,17.035
"1910-06",2.446,2.509,0.226,13.631,26.683,20.274,24.356,27.373,27.262,21.884,26.875,25.831,NA,15.238,17.397,7.476,6.13,15.207,26.529,22.995,30.793,27.29,27.323,35.864,26.88,17.209,22.691,24.325,-0.63,NA,NA,6.866,31.22,NA,NA,22.11,44.328,29.007,27.443,25.724,21.757,19.978,14.25,14.253,-6.042,-1.773,-1.754,21.028,26.582,18.731,19.636,26.492,16.849,27.524,28.427,27.371,20.771,5.39,17.196
"1910-07",4.394,6.276,3.943,15.188,27.899,22.692,25.129,27.249,27.355,21.361,26.678,25.23,NA,14.459,17.036,6.671,8.84,18.465,28.986,26.17,31.703,26.986,25.415,34.693,25.706,16.428,21.615,23.22,1.132,NA,NA,11.049,32.613,NA,NA,24.422,44.77,27.946,27.334,25.51,20.684,19.579,13.302,13.236,-7.237,-3.499,0.174,22.205,26.044,18.011,21.113,25.776,15.927,26.158,28.008,26.835,19.739,4.727,17.166
"1910-08",4.8,5.708,4.355,15.934,28.069,23.464,25.252,27.284,27.521,21.278,27.168,24.786,NA,14.031,17.334,7.138,9.495,19.218,30.113,27.725,30.6,26.513,23.742,33.722,25.299,16.03,21.951,22.762,-0.014,NA,NA,12.754,33.823,NA,NA,24.991,43.462,27.591,27.262,25.828,20.253,19.881,12.961,13.198,-8.084,-2.694,-0.71,22.876,25.567,17.672,21.962,25.051,15.36,25.648,27.753,26.516,19.288,4.385,17.092
"1910-09",1.41,0.652,0.959,15.889,27.017,22.173,24.981,27.205,27.433,21.201,27.454,24.734,NA,14.108,18.414,7.4,7.985,17.173,23.792,25.549,31.479,25.954,23.556,34.604,25.603,15.981,22.946,23.93,-4.075,NA,NA,10.785,30.244,NA,NA,24.292,42.078,27.499,27.301,26.466,20.425,20.618,13.104,13.306,-7.446,-3.954,-7.673,22.959,25.254,17.595,21.84,24.931,15.369,25.837,27.617,26.772,19.6,4.237,16.853
"1910-10",-3.167,-4.276,-4.371,15.116,25.597,19.067,23.917,26.503,26.828,21.113,27.125,25.383,NA,14.01,18.389,8.293,4.647,14.031,14.767,21.613,29.106,26.089,24.705,32.074,26.569,16.164,23.672,24.73,-14.839,NA,NA,4.641,24.005,NA,NA,21.634,36.749,28.017,27.217,26.965,21.218,21.937,13.678,14.08,-6.652,-1.988,-17.416,22.321,25.07,17.912,20.671,25.339,15.442,26.308,27.565,27.075,20.119,4.669,16.401
"1910-11",-6.999,-15.151,-7.777,13.176,23.992,17.172,22.4,26.571,26.335,22.231,26.457,26.057,NA,15.272,20.408,10.101,0.864,10.378,5.595,17.396,25.638,27.242,25.605,29.238,27.24,17.049,24.245,25.698,-24.171,NA,NA,-0.538,17.325,NA,NA,17.879,28.409,27.44,27.105,27.236,21.492,22.832,14.249,14.746,-1.922,0.519,-25.675,21.054,25.244,18.707,19.394,25.728,16.494,26.547,27.138,26.952,20.805,5.458,16.127
"1910-12",-11.779,-20.204,-16.11,11.143,21.26,14.134,21.191,25.983,25.603,23.255,25.886,26.048,NA,16.71,22.048,11.486,1.236,9.081,3.647,14.684,22.499,27.518,26.001,27.194,27.411,18.414,24.703,25.918,-25.584,NA,NA,-3.716,13.219,NA,NA,13.079,23.178,25.835,26.564,27.723,22.675,23.92,15.502,16.173,0.861,2.392,-28.882,19.733,25.362,19.596,18.2,25.819,17.821,25.935,26.219,26.799,21.938,6.59,16.115
"1911-01",-14.593,-19.886,-21.484,8.017,20.313,12.117,19.943,25.939,24.951,24.349,25.514,25.679,NA,17.747,23.319,12.263,-0.757,6.52,-2.294,13.35,22.215,27.479,26.544,26.6,27.042,19.551,25.348,26.466,-27.137,NA,NA,-4.049,11.313,NA,NA,11.819,22.693,24.905,26.116,27.513,23.455,24.515,16.594,17.397,3.224,4.402,-29.522,18.839,25.585,20.643,17.019,25.995,19.124,25.14,25.22,26.705,23.012,7.841,16.312
"1911-02",-14.446,-20.152,-24.017,9.66,18.679,11.384,19.611,25.948,24.47,24.837,25.591,26.007,NA,18.635,23.207,13.516,-0.218,6.468,-0.122,12.289,22.677,27.431,27.009,27.458,27.331,20.523,25.587,26.668,-24.758,NA,NA,-5.084,11.58,NA,NA,11.099,25.253,25.32,26.219,27.185,24.546,24.853,17.508,17.811,3.012,4.501,-23.851,18.507,25.909,21.314,16.646,26.285,19.734,25.099,25.387,26.752,23.687,8.448,16.651
"1911-03",-13.613,-17.011,-18.328,9.502,19.221,11.316,20.218,26.112,24.557,24.572,26.172,26.013,NA,18.834,22.951,12.814,-0.192,8.918,5.115,14.317,24.165,27.311,27.608,29.183,27.706,20.379,25.419,26.635,-23.132,NA,NA,-3.535,15.011,NA,NA,12.738,29.454,26.768,26.397,27.898,25.419,24.225,17.05,18.208,1.078,2.832,-27.651,18.569,26.092,21.252,16.489,26.771,20.085,25.958,26.733,27.235,23.442,8.027,16.677
"1911-04",-8.745,-14.277,-14.507,10.484,21.506,14.201,21.225,27.234,25.608,24.529,26.436,26.024,NA,18.253,21.849,10.981,1.595,9.733,15.314,15.764,26.175,26.804,28.075,28.825,27.1,20.176,24.587,26.002,-18.798,NA,NA,-0.901,21.409,NA,NA,16.04,33.679,28.083,26.908,28.17,25.247,23.019,16.433,17.127,-1.722,0.637,-23.59,19.11,26.485,20.594,16.995,26.692,19.392,27.444,28.327,27.605,22.756,7.161,16.797
"1911-05",-2.254,-2.283,-4.466,11.748,23.55,16.943,22.537,27.72,26.429,23.359,26.52,25.359,NA,17.361,20.628,9.623,4.249,12.768,19.699,18.24,27.55,25.884,27.178,33.718,26.88,18.739,23.495,24.945,-9.482,NA,NA,3.333,25.312,NA,NA,19.243,38.826,29.024,27.359,27.339,23.893,21.195,15.351,15.42,-4.032,-1.603,-10.588,19.954,26.446,19.556,17.898,26.355,18.382,28.019,29.057,27.575,21.698,6.199,17.009
"1911-06",2.103,3.638,1.34,13.348,26.516,20.295,23.616,27.055,26.997,22.162,26.173,25.153,NA,15.851,18.245,7.699,6.871,15.26,27.137,22.381,30.017,26.746,27.135,35.24,26.061,17.794,22.582,24.005,-1.017,NA,NA,7.827,31.168,NA,NA,21.768,43.564,28.216,27.309,26.341,22.42,19.421,14.625,13.984,-6.441,-1.426,-1.881,21.038,26.178,18.66,19.491,26.039,17.309,26.603,28.309,26.902,20.498,5.271,17.131
"1911-07",4.51,5.341,4.971,14.654,27.564,22.807,24.612,27.297,27.042,21.451,26.31,24.713,NA,15.123,17.614,7.545,10.683,18.721,30.563,26.346,30.859,26.398,26.58,34.505,24.985,17.731,21.755,22.695,1.169,NA,NA,11.624,33.96,NA,NA,23.916,44.842,27.59,27.175,25.649,21.137,18.703,13.301,13.252,-7.791,-3.251,0.086,22.153,25.946,17.934,21.025,25.442,16.217,25.541,28.055,26.372,19.548,4.614,17.145
"1911-08",4.014,5.017,5.16,15.345,27.862,23.779,24.904,26.726,27.192,21.038,26.63,24.339,NA,14.562,18.126,7.382,10.996,19.603,30.898,26.394,30.444,26.189,24.629,35.656,24.783,16.978,22.055,22.974,0.436,NA,NA,12.963,34.075,NA,NA,24.89,43.682,27.227,27.009,25.581,21.175,19.182,13.244,12.959,-8.537,-3.295,-0.813,22.931,25.593,17.477,21.914,25.104,15.679,25.462,27.79,26.28,19.389,4.345,17.11
"1911-09",0.867,0.421,0.719,15.884,28.023,22.457,25.094,27.414,27.319,21.406,27.248,24.729,NA,14.345,18.147,8.044,9.702,17.633,22.952,23.572,30.069,26.162,23.785,35.024,25.13,16.118,22.128,23.14,-3.607,NA,NA,11.336,29.834,NA,NA,24.505,41.43,27.323,27.348,26.146,20.289,20.063,12.738,13.264,-8.061,-3.478,-7.98,23.21,25.479,17.535,21.611,25.089,15.465,25.651,27.64,26.452,19.307,4.388,16.842
"1911-10",-5.175,-8.09,-6.805,14.982,26.934,20.276,24.079,26.37,26.725,22.047,26.732,25.5,NA,14.722,18.732,8.648,7.08,13.933,12.944,19.997,28.875,26.276,25.056,31.527,25.9,16.747,23.222,23.963,-15.001,NA,NA,6.035,23.061,NA,NA,20.791,36.644,27.619,27.386,27.408,20.504,21.354,13.252,13.968,-5.732,-1.334,-20.259,22.281,25.366,17.925,20.727,25.569,15.847,25.987,27.506,26.494,19.74,4.762,16.368
"1911-11",-7.186,-15.838,-11.209,12.573,24.41,17.518,22.473,26.224,26.101,22.534,26.488,26.021,NA,15.511,20.885,9.775,2.781,10.767,9.618,16.95,25.563,26.95,25.932,28.885,26.224,17.46,23.944,25.173,-22.293,NA,NA,0.948,18.342,NA,NA,15.989,29.314,27.18,26.963,27.28,21.194,22.299,14.023,14.678,-2.168,-0.052,-25.629,20.994,25.328,18.652,19.332,25.956,16.83,26.228,27.342,26.768,20.742,5.465,16.114
"1911-12",-11.729,-17.917,-19.641,12.757,20.872,12.679,20.963,25.599,25.267,23.275,25.5,25.938,NA,16.828,21.902,11.344,1.719,8.937,4.196,14.238,21.791,27.275,26.397,26.615,26.697,18.401,24.915,26.095,-27.121,NA,NA,-3.217,13.924,NA,NA,11.903,22.7,25.447,26.215,27.543,22.086,23.303,15.529,16.299,0.827,2.014,-30.016,19.838,25.574,19.748,17.885,25.882,17.896,25.783,25.496,26.396,22.07,6.654,16.048
"1912-01",-12.179,-17.32,-18.963,9.848,20.898,12.104,19.965,25.539,24.78,24.28,25.276,25.947,NA,17.967,22.89,12.774,0.851,7.499,-1.083,12.707,21.221,27.356,27.021,25.857,26.737,19.53,25.054,26.18,-26.081,NA,NA,-7.644,9.728,NA,NA,11.161,21.703,23.89,26.063,27.658,23.322,24.246,17.141,17.864,3.253,4.241,-27.471,18.681,25.931,20.81,16.849,26.05,19.239,24.511,24.834,26.432,23.063,7.86,16.402
"1912-02",-11.242,-19.988,-19.187,10.557,19.746,10.25,20.094,25.376,24.162,25.028,25.574,25.976,NA,19.228,23.409,13.263,-1.028,5.804,-2.231,12.314,22.749,27.367,27.435,26.435,27.18,20.488,25.583,26.251,-27.904,NA,NA,-7.854,9.087,NA,NA,10.552,24.529,24.786,26.189,27.425,23.993,24.693,18.05,18.276,3.473,4.465,-29.924,18.276,26.223,21.361,16.357,26.581,19.983,24.691,25.427,26.989,23.583,8.438,16.585
"1912-03",-13.255,-19.265,-18.066,10.811,20.27,11.461,20.503,26.126,24.545,25.481,26.215,26.033,NA,19.044,22.315,12.486,-0.495,7.74,-2.373,13.81,24.077,27.792,27.623,27.414,27.876,20.321,25.269,26.498,-26.419,NA,NA,-5.1,10.178,NA,NA,12.972,27.426,25.863,26.675,27.241,24.247,24.217,17.458,17.902,1.39,3.134,-29.842,18.433,26.493,21.335,16.333,26.951,20.045,25.571,26.835,27.847,23.562,8.187,16.687
"1912-04",-11.265,-11.866,-14.782,10.453,22.784,14.312,21.165,27.324,25.669,25.005,26.699,26.069,NA,18.306,20.738,11.176,1.218,9.947,10.676,15.316,26.688,27.217,27.399,29.679,27.619,19.491,24.376,26.059,-17.768,NA,NA,-1.851,18.833,NA,NA,16.076,34.94,27.465,27.356,27.219,24.056,22.195,16.491,16.302,-1.497,0.277,-22.813,18.957,26.682,20.655,16.864,26.971,19.303,26.742,28.541,28.046,23.101,7.284,16.834
"1912-05",-2.849,-3.428,-5.053,12.052,25.07,17.671,22.536,27.661,26.503,23.906,26.818,25.758,NA,17.131,19.439,9.358,4.02,12.644,19.421,18.176,27.435,27.284,26.873,33.575,26.87,18.31,23.408,24.912,-8.648,NA,NA,2.439,26.258,NA,NA,18.951,39.036,29.111,27.463,26.593,22.702,20.931,15.235,15.27,-3.862,-1.319,-10.9,19.715,26.685,19.723,17.991,26.792,18.271,28.097,29.273,27.923,21.976,6.236,17.048
"1912-06",0.769,2.848,0.359,13.384,27.131,20.728,24.274,27.936,27.073,23.098,26.539,25.634,NA,16.412,18.974,8.247,8.174,16.617,25.412,22.226,29.987,26.585,25.139,35.116,26.664,17.363,22.173,23.786,-1.173,NA,NA,7.224,30.71,NA,NA,21.75,43.987,29.251,27.526,26.124,21.578,19.629,14.032,13.929,-6.688,-2.327,-2.619,20.877,26.57,18.753,19.4,26.051,17.059,27.365,28.82,27.25,20.614,5.298,17.142
"1912-07",3.752,5.543,4.787,14.777,27.754,23.081,24.946,27.674,27.292,22.326,26.604,25.187,NA,15.388,17.062,7.49,10.107,18.167,31.833,25.414,30.272,26.189,22.811,33.354,25.511,16.286,21.802,23.312,1.276,NA,NA,11.444,34.592,NA,NA,23.66,44.399,27.66,27.249,25.631,20.817,18.778,13.241,13.381,-7.432,-4.407,0.013,21.946,26.186,18.038,21.032,24.952,16.114,26.042,27.888,26.489,19.832,4.758,17.106
"1912-08",3.535,4.074,4.47,15.601,28.325,23.51,25.273,27.558,27.516,21.755,27,24.993,NA,14.742,17.191,7.084,11.06,18.908,27.259,25.856,30.599,25.723,22.668,32.535,24.816,16.007,21.841,22.861,0.794,NA,NA,12.029,32.545,NA,NA,24.51,43.501,27.026,27.155,26.035,20.171,19.856,13.086,13.264,-7.938,-3.235,-1.438,22.713,25.728,17.673,21.842,24.744,15.499,25.289,27.65,26.104,19.337,4.409,17.042
"1912-09",-0.201,0.222,0.985,15.635,27.36,21.988,24.753,27.538,27.401,21.89,27.126,24.992,NA,14.644,18.248,7.579,8.192,17.288,22.432,23.223,30.83,25.767,23.59,34.214,24.645,15.869,22.198,23.159,-5.49,NA,NA,10.96,28.757,NA,NA,23.54,41.21,27.271,27.28,26.641,20.288,20.424,12.623,13.142,-7.842,-4.118,-10.922,22.832,25.562,17.647,21.709,24.786,15.523,25.142,27.591,26.016,19.181,4.335,16.667
"1912-10",-5.784,-7.082,-5.37,14.886,26.227,18.582,24.014,26.858,26.815,22.201,26.927,25.336,NA,15.036,18.794,8.941,4.851,14.225,13.131,20.438,28.765,26.129,25.178,31.237,25.381,16.647,23.517,24.351,-14.291,NA,NA,4.723,22.375,NA,NA,20.68,35.536,27.313,27.256,27.491,20.767,21.484,12.921,13.66,-6.24,-2.49,-20.181,22.139,25.54,17.926,20.367,25.437,15.82,25.326,27.334,26.031,19.935,4.723,16.246
"1912-11",-10.431,-13.016,-10.249,13.315,23.045,14.861,22.255,26.372,26.126,22.757,26.635,26.234,NA,15.793,19.88,10.09,2.141,11.619,8.092,16.786,25.132,26.938,25.772,28.24,26.408,17.624,23.668,24.738,-24.713,NA,NA,-0.644,17.587,NA,NA,15.758,27.966,26.852,26.654,27.57,21.011,23.277,13.472,14.872,-1.447,-0.083,-28.452,20.745,25.535,18.838,18.983,25.876,16.643,25.905,26.261,26.383,20.43,5.445,15.902
"1912-12",-12.913,-21.39,-16.269,10.366,22.617,13.341,20.764,26.019,25.461,23.198,25.781,26.318,NA,16.93,21.52,11.141,0.934,8.864,3.048,14.459,21.674,27.436,26.383,26.606,26.684,18.672,24.573,25.351,-27.398,NA,NA,-1.416,12.037,NA,NA,12.3,20.961,25.058,26.267,27.687,22.33,24.218,14.475,15.968,0.872,1.946,-30.853,19.448,25.739,19.801,17.673,26.104,17.964,25.246,25.408,26.221,21.706,6.624,15.951
"1913-01",-13.519,-20.447,-18.681,10.033,19.201,10.23,19.752,25.479,24.536,23.884,25.897,26.252,NA,18.26,22.424,12.314,-0.445,6.909,0.596,13.157,21.837,27.758,26.92,24.958,26.163,19.872,25.144,25.707,-27.525,NA,NA,-3.753,10.14,NA,NA,9.944,21.261,24.003,25.762,27.043,23.438,24.598,16.195,17.395,3.175,4.175,-28.938,18.525,26.088,20.75,16.696,26.395,19.391,24.386,24.986,26.398,22.635,7.862,16.257
"1913-02",-13.739,-19.976,-23.986,10.559,18.598,9.824,19.639,25.367,24.304,24.447,26.156,26.402,NA,19.163,23.252,13.243,0.88,7.824,0.38,12.273,21.654,28.021,27.326,27.026,27.125,20.788,25.739,26.285,-30.001,NA,NA,-7.472,11.111,NA,NA,10.729,23.137,24.868,25.758,26.813,23.972,24.341,16.824,17.984,3.341,3.763,-30.125,17.904,26.144,21.285,16.361,26.767,20.038,24.588,25.5,26.726,23.289,8.373,16.402
"1913-03",-12.759,-18.065,-21.289,10.574,20.158,11.554,20.221,26.045,24.689,25.259,26.158,26.175,NA,19.189,22.762,12.595,0.499,7.915,1.744,13.645,24.534,27.772,27.979,28.161,27.229,20.739,25.305,26.297,-27.341,NA,NA,-6.125,14.602,NA,NA,12.837,29.404,26.279,26.233,26.874,24.959,24.057,16.855,17.9,1.118,1.302,-29.24,18.119,26.443,21.308,16.33,27.055,20.146,25.851,26.546,27.225,23.45,8.034,16.598
"1913-04",-10.182,-14.979,-16.201,10.659,21.301,13.902,20.872,27.016,25.332,25.115,26.864,26.464,NA,18.56,21.368,11.454,2.218,10.183,8.387,14.071,26.854,27.408,27.889,31.126,27.233,19.759,24.566,25.932,-18.205,NA,NA,-1.605,17.604,NA,NA,15.615,33.789,27.766,27.027,27.183,23.919,22.88,16.463,16.928,-2.066,-0.592,-22.596,18.686,26.841,20.61,16.931,27.156,19.337,27.139,28.467,27.991,22.895,7.122,16.771
"1913-05",-4.377,-6.209,-7.48,11.888,23.498,16.321,21.891,27.393,26.156,24.347,26.947,25.833,NA,17.615,20.027,9.429,5.328,12.861,17.285,17.05,27.764,26.423,27.12,32.622,26.774,18.806,23.267,24.908,-10.117,NA,NA,1.791,24.316,NA,NA,18.432,38.582,29.342,27.541,26.692,23.571,21.496,15.406,15.628,-5.836,-1.708,-12.24,19.541,26.838,19.644,17.842,26.7,18.153,28.427,29.56,27.885,21.901,6.068,16.912
"1913-06",1.931,3.086,1.682,13.95,26.028,19.381,23.565,27.637,27.053,23.279,26.497,25.725,NA,16.048,18.044,7.323,7.054,16.129,24.177,21.406,30.388,26.86,25.891,35.748,26.002,17.413,21.839,23.891,0.157,NA,NA,6.915,30.289,NA,NA,20.8,43.624,28.943,27.45,25.931,21.589,20.015,13.914,14.336,-7.114,-3.997,-1.158,20.715,26.705,18.771,19.232,26.308,17.188,27.079,29.26,27.26,20.596,5.184,17.077
"1913-07",3.424,6.155,4.269,15.387,27.887,22.267,24.555,27.612,27.276,22.737,26.6,25.223,NA,15.451,17.914,7.363,9.9,17.501,29.531,24.55,30.333,26.668,24.59,34.805,25.332,16.634,21.766,23.337,1.214,NA,NA,11.175,33.577,NA,NA,22.978,44.655,27.52,27.157,25.23,20.869,18.784,12.803,13.201,-7.394,-4.607,0.234,21.855,26.387,17.819,20.69,25.555,16.216,25.964,27.912,26.528,19.943,4.684,17.06
"1913-08",3.594,5.344,4.732,15.811,28.269,23.176,25.358,27.814,27.581,22.095,26.883,24.905,NA,14.753,18.41,7.454,10.12,17.956,28.695,25.666,29.993,26.377,23.667,33.938,25.108,16.1,22.187,23.366,0.235,NA,NA,11.669,33.5,NA,NA,24.452,43.447,27.321,27.091,25.269,20.964,19.244,12.715,13.078,-8.298,-5.528,-0.993,22.82,26.085,17.477,21.455,25.146,15.601,25.62,27.734,26.393,19.599,4.334,17.046
"1913-09",-0.164,-0.056,-0.08,15.608,28.151,21.922,25.158,27.284,27.418,21.952,27.174,25.402,NA,14.378,17.608,7.699,8.636,16.22,23.403,23.076,30.253,26.257,24.409,34.97,25.487,16.237,23.287,24.07,-4.622,NA,NA,10.389,30.631,NA,NA,23.45,41.737,27.214,27.106,25.782,20.47,20.453,13.095,13.254,-8.341,-3.074,-8.201,22.794,25.996,17.488,21.457,25.394,15.273,25.72,27.554,26.48,19.759,4.53,16.801
"1913-10",-7.479,-9.53,-8.231,14.771,25.745,18.684,23.816,26.757,26.753,22.277,27.329,25.738,NA,14.806,18.513,8.787,6.124,13.821,14.43,19.68,28.6,26.453,25.477,31.412,26.089,16.742,23.404,24.57,-12.777,NA,NA,5.961,23.131,NA,NA,20.574,35.88,27.984,27.381,27.017,21.114,21.822,13.427,13.694,-6.863,-1.415,-19.882,22.027,26.006,17.859,20.445,25.707,15.452,26.636,28.079,26.822,20.327,4.717,16.367
"1913-11",-9.591,-15.347,-13.512,12.633,23.377,16.663,22.326,26.7,26.35,22.802,26.736,26.211,NA,15.559,20.172,10.072,2.581,10.333,6.23,16.374,25.043,27.049,26.11,28.79,26.933,17.237,23.722,25.027,-22.404,NA,NA,0.149,17.101,NA,NA,16.508,28.533,27.189,27.111,27.517,21.599,23.236,14.38,14.797,-2.265,-0.216,-22.307,20.744,26.093,18.622,19.173,25.948,16.445,26.54,27.259,26.994,20.952,5.418,16.173
"1913-12",-9.735,-17.124,-17.175,10.488,21.185,12.645,20.982,26.129,25.335,23.5,25.858,25.97,NA,16.652,21.617,10.998,0.487,7.303,-2.21,13.48,21.892,27.291,26.588,27.215,27.307,18.755,24.973,25.927,-19.966,NA,NA,-2.761,10.727,NA,NA,11.878,22.87,25.788,26.682,27.571,22.781,24.306,15.151,16.321,0.456,2.057,-21.434,19.584,26.006,19.765,17.634,26.013,17.739,25.931,26.213,26.919,22.055,6.554,16.278
"1914-01",-15.099,-18.276,-23.528,11.51,19.187,10.814,20.334,25.205,24.28,24.039,25.861,25.782,NA,17.888,22.77,12.352,0.607,8.148,-0.646,12.448,20.755,27.654,26.988,26.947,27.221,19.992,25.5,26.586,-28.56,NA,NA,-6.302,10.26,NA,NA,9.695,20.516,24.603,26.217,27.608,23.625,25.21,16.369,17.78,2.765,4.169,-28.737,18.491,25.946,20.908,16.679,26.263,19.06,25.033,25.795,26.759,23.156,7.786,16.251
"1914-02",-14.887,-17.467,-25.035,10.159,20.092,11.29,20.479,25.866,24.537,24.619,25.472,25.843,NA,19.056,23.278,13.264,1.101,8.394,-4.12,11.227,22.478,27.867,27.477,27.262,26.948,20.608,25.428,26.144,-30.695,NA,NA,-6.768,10.159,NA,NA,10.709,24.466,25.394,25.812,27.126,24.474,25.672,17.048,18.11,3.228,4.414,-30.558,18.132,26.154,21.64,16.544,26.538,19.814,25.182,25.925,26.977,23.425,8.324,16.455
"1914-03",-14.762,-17.047,-24.992,9.505,21.656,13.076,21.204,26.666,24.755,24.781,25.507,25.963,NA,19.082,22.818,12.775,1.46,9.527,0.307,13.1,23.369,27.547,27.57,28.999,27.026,21.072,25.529,26.36,-23.989,NA,NA,-5.333,12.823,NA,NA,12.844,28.028,26.805,26.308,26.969,24.181,24.64,16.563,17.38,1.077,2.892,-26.338,18.418,26.161,21.502,16.445,26.899,20.057,26.377,27.246,27.358,23.389,8.051,16.643
"1914-04",-9.214,-11.812,-15.788,10.726,22.829,14.4,21.81,27.284,25.26,24.916,26.067,25.994,NA,18.673,22.231,10.709,1.826,10.373,10.28,15.531,26.385,27.124,28.219,30.015,27.72,20.54,24.663,26.09,-19.955,NA,NA,-2.131,20.037,NA,NA,15.64,35.182,28.358,27.069,27.502,24.526,22.826,15.673,15.906,-1.116,-0.058,-22.452,18.95,26.616,20.701,16.907,26.967,19.342,27.782,28.648,27.858,22.89,7.142,16.81
"1914-05",-3.273,-2.75,-5.559,11.681,24.793,17.049,22.823,27.625,26.144,23.257,26.724,25.608,NA,17.351,20.404,8.994,4.133,13.197,20.611,18.225,28.699,26.749,27.015,34.877,27.228,18.343,23.332,25.072,-10.009,NA,NA,2.572,26.756,NA,NA,19.287,40.984,29.132,27.512,26.696,23.453,20.95,14.841,15.093,-2.78,-2.843,-12.599,19.717,26.742,19.753,17.916,26.593,18.321,28.395,28.77,27.73,21.859,6.044,16.981
"1914-06",2.115,3.525,1.036,13.359,26.381,20.271,23.882,27.368,26.816,22.065,26.695,25.328,NA,15.968,18.164,7.257,7.609,15.904,26.499,22.485,30.525,26.382,25.581,35.755,26.673,17.335,22.212,24.129,-1.2,NA,NA,6.709,31.448,NA,NA,21.531,44.496,28.951,27.224,25.418,22.526,18.74,13.882,13.457,-5.306,-4.116,-1.618,20.786,26.551,18.673,19.414,26.065,17.091,27.28,28.757,27.263,20.862,5.379,17.139
"1914-07",4.032,6.027,4.63,15.114,27.643,22.701,25.241,27.393,27.252,21.5,26.759,24.782,NA,14.971,17.313,7.219,10.429,18.111,29.989,26.11,30.784,26.344,24.008,34.867,25.706,17.119,21.709,22.898,1.576,NA,NA,10.055,33.106,NA,NA,23.895,44.241,27.869,27.026,24.909,21.266,18.404,13.031,12.789,-8.518,-3.727,0.327,21.96,26.194,17.966,20.866,25.422,16.047,26.106,28.131,26.846,19.713,4.733,17.147
"1914-08",4.007,4.555,4.537,16.146,28.443,23.765,25.943,27.611,27.456,21.319,26.902,24.442,NA,14.376,17.654,7.059,11.741,19.086,28.701,26.052,30.3,25.963,23.353,29.808,25.164,16.579,21.615,22.38,0.309,NA,NA,12.181,33.092,NA,NA,24.988,43.284,27.082,26.976,25.245,20.115,19.649,12.572,13.052,-8.225,-3.867,-0.778,22.81,25.686,17.665,21.661,24.91,15.529,25.527,27.365,26.383,19.27,4.435,17.051
"1914-09",0.456,-0.375,0.239,16.279,28.334,22.495,25.563,27.31,27.383,21.5,27.046,24.435,NA,14.249,18.659,7.089,9.732,17.164,20.24,23.784,30.657,25.895,23.461,34.828,25.481,16.314,22.349,23.18,-4.303,NA,NA,10.316,28.409,NA,NA,23.8,41.863,27.104,26.966,25.94,20.964,19.945,12.46,12.917,-7.671,-5.027,-7.062,22.832,25.529,17.671,21.62,24.888,15.456,25.703,27.376,26.765,19.361,4.373,16.813
"1914-10",-4.637,-8.241,-5.074,15.341,25.84,19.768,24.378,26.8,26.844,21.454,26.859,25.369,NA,14.071,19.085,8.002,6.63,14.348,12.929,19.818,28.656,26.06,24.65,31.919,26.156,16.301,22.675,23.773,-11.198,NA,NA,4.824,22.56,NA,NA,21.537,36.32,27.778,27.185,27.121,20.974,22.016,12.963,13.691,-5.423,-2.567,-16.386,22.12,25.353,17.928,20.557,25.471,15.688,26.157,27.704,26.79,19.771,4.811,16.448
"1914-11",-9.309,-13.481,-10.623,13.495,22.838,15.753,22.956,26.38,26.319,22.177,26.158,25.918,NA,15.264,20.401,9.559,4,10.864,6.86,16.836,24.996,27.095,25.621,28.952,26.924,17.634,23.684,24.498,-19.249,NA,NA,-0.452,17.284,NA,NA,15.635,28.114,27.199,26.927,27.891,21.726,23.098,13.716,14.662,-2.107,-0.25,-22.447,20.992,25.327,18.587,19.097,25.641,16.555,26.367,27.096,26.791,20.629,5.524,16.164
"1914-12",-12.462,-17.003,-15.387,11.249,21.184,12.79,21.433,25.793,25.327,22.962,25.498,25.622,NA,16.937,22.356,11.419,0.917,9.446,4.351,15.125,22.687,27.278,26.226,26.73,26.61,18.884,24.201,25.332,-22.792,NA,NA,-3.232,13.413,NA,NA,12.355,22.752,25.416,26.443,27.793,23.078,24.693,14.796,16.293,0.857,2.168,-28.386,19.629,25.438,19.624,17.583,25.827,17.985,25.548,25.693,26.564,21.665,6.742,16.096
"1915-01",-14.592,-22.5,-20.421,10.289,18.952,11.304,20.555,25.308,24.486,24.091,25.419,25.984,NA,17.906,23.415,11.705,0.28,7.73,-2.677,13.602,21.197,27.352,26.814,25.208,25.997,19.806,24.349,25.232,-21.697,NA,NA,-1.621,7.782,NA,NA,10.081,20.531,24.077,26.065,27.544,23.947,24.334,15.99,17.264,2.976,4.294,-27.467,18.602,25.655,20.659,16.847,26.05,19.181,24.363,25.071,26.181,22.575,7.945,16.343
"1915-02",-13.848,-24.444,-24.654,9.766,20.31,11.683,20.979,25.775,24.663,24.976,25.599,25.844,NA,18.219,23.374,11.995,-0.846,7.232,-0.665,14.125,23.452,27.488,27.377,25.35,26.687,20.446,25.269,26.237,-28.663,NA,NA,-3.57,11.916,NA,NA,11.685,25.266,24.679,25.851,26.87,24.588,24.357,17.08,17.918,3.104,4.465,-30.011,18.243,25.982,21.268,16.422,26.457,19.92,24.486,25.572,26.681,23.377,8.541,16.532
"1915-03",-16.459,-22.78,-22.567,9.543,20.793,11.865,21.221,26.779,25.134,25.155,25.919,26.171,NA,18.366,22.891,11.915,0.937,8.61,2.848,13.515,24.896,27.318,27.847,28.689,27.705,20.239,25.066,26.41,-31.12,NA,NA,-6.864,16.134,NA,NA,14.129,30.365,26.413,26.417,27.134,24.74,24.144,16.465,17.802,1.169,2.339,-33.436,18.5,26.248,21.158,16.439,26.863,20.055,25.863,26.842,27.428,23.417,8.153,16.535
"1915-04",-10.825,-15.269,-12.269,9.512,23.166,14.098,21.829,27.666,25.773,24.95,26.394,26.006,NA,17.981,21.696,10.1,1.095,10.293,10.338,16.047,26.172,27.556,28.321,30.914,27.553,19.361,24.542,26.013,-22.747,NA,NA,-2.58,18.922,NA,NA,16.571,33.414,28.061,26.953,27.357,23.829,23.193,15.693,17.105,-1.718,0.628,-25.463,19.017,26.603,20.492,16.928,27.032,19.457,27.571,28.638,27.854,23.06,7.139,16.741
"1915-05",-4.232,-4.092,-6.213,11.259,24.271,17.001,22.439,27.619,26.282,24.183,26.803,25.717,NA,16.985,19.654,8.982,3.642,12.357,21.986,18.566,27.468,26.888,27.682,32.593,26.946,18.684,23.825,25.144,-8.256,NA,NA,2.378,26.381,NA,NA,19.753,38.155,29.213,27.434,26.755,23.505,21.351,14.718,15.995,-4.522,-1.967,-11.961,19.759,26.67,19.554,17.859,26.613,17.948,28.685,29.114,28.153,22.061,6.275,17.013
"1915-06",1.346,3.662,1.512,12.746,26.696,20.596,24.223,27.828,27.101,23.135,26.435,25.28,NA,15.856,18.175,7.707,7.061,15.874,28.587,22.798,29.779,26.673,26.03,33.877,25.979,17.259,22.188,23.678,-0.574,NA,NA,8.19,32.819,NA,NA,21.552,44.533,29.628,27.437,25.667,22.812,18.859,13.633,14.309,-5.554,-2.637,-1.784,20.899,26.542,18.711,19.388,26.063,16.799,28.052,29.035,27.354,20.797,5.418,17.187
"1915-07",3.503,4.831,4.785,14.252,27.72,23.276,25.228,27.718,27.444,22.365,26.406,24.851,NA,15.081,17.212,7.236,8.89,17.581,31.502,26.621,30.268,26.508,23.906,32.274,24.991,16.319,21.523,22.908,1.297,NA,NA,11.216,34.121,NA,NA,24.474,45.166,28.365,27.061,25.281,20.78,18.933,12.944,13.527,-7.593,-4.884,0.056,22.046,26.257,18.075,20.875,25.273,15.829,26.153,28.534,26.718,19.88,4.786,17.139
"1915-08",3.402,4.435,4.851,15.685,28.582,23.73,25.712,27.505,27.483,22.095,26.66,24.555,NA,14.682,17.865,6.866,9.999,18.127,29.566,26.412,29.024,26.013,22.813,32.152,24.676,16.099,21.54,22.496,0.626,NA,NA,12.307,33.866,NA,NA,25.504,43.049,27.383,27.133,25.497,20.178,18.409,12.294,12.847,-7.691,-4.559,-0.79,22.869,25.848,17.663,21.634,24.713,15.393,25.379,27.988,26.442,19.339,4.354,17.045
"1915-09",-0.014,0.448,1.432,15.74,28.258,22.753,25.507,27.373,27.291,21.842,26.837,24.585,NA,14.187,18.095,7.406,9.172,17.027,23.153,24.434,29.284,25.907,23.271,34.43,25.136,16.386,22.738,23.24,-3.384,NA,NA,10.335,30.054,NA,NA,24.499,41.584,27.316,27.101,25.986,20.018,18.892,12.729,12.766,-8.212,-3.816,-8.896,23.026,25.554,17.648,21.552,24.797,15.269,25.489,28.224,26.621,19.451,4.534,16.857
"1915-10",-4.796,-9.026,-5.053,14.517,25.786,20.027,24.509,26.792,26.958,21.836,26.812,25.202,NA,14.358,18.596,8.336,4.975,13.91,14.449,21.273,28.198,26.229,24.694,31.208,26.307,16.615,23.26,24.143,-10.607,NA,NA,6.413,23.724,NA,NA,21.624,35.794,27.719,27.153,26.911,20.488,20.429,13.574,13.487,-7.154,-2.133,-18.854,22.283,25.575,17.847,20.572,25.317,15.54,25.957,27.988,26.876,19.983,4.745,16.42
"1915-11",-10.889,-16.12,-10.815,13.347,23.103,16.443,23.346,26.042,26.122,22.394,26.418,25.592,NA,15.57,19.926,10.335,3.196,11.432,10.497,17.679,25.153,27.095,25.675,28.354,27.072,17.257,23.985,25.364,-20.209,NA,NA,1.571,18.44,NA,NA,16.582,28.957,27.008,26.976,27.834,21.919,22.335,13.846,15.139,-2.197,-0.464,-26.071,21.001,25.587,18.584,19.008,25.637,16.47,26.3,27.226,27.018,20.88,5.445,16.114
"1915-12",-12.721,-18.796,-12.695,11.807,21.721,13.67,22.496,25.818,25.224,23.626,25.83,25.475,NA,17.184,21.852,11.317,0.755,8.666,4.818,15.062,21.681,27.548,26.228,26.594,27.108,18.452,24.643,26.013,-25.574,NA,NA,-2.597,13.886,NA,NA,13.276,22.68,25.344,26.751,27.726,22.201,23.679,14.894,16.301,0.637,2.051,-28.868,19.636,25.808,19.826,17.833,25.868,17.948,25.398,26.083,26.84,21.927,6.504,16.149
"1916-01",-14.911,-21.819,-24.755,11.878,19.404,11.544,20.911,25.092,24.444,24.26,25.582,25.876,NA,18.059,23.324,11.837,2.509,8.306,-2.263,13.443,21.212,27.355,26.886,25.976,26.976,20.053,25.433,26.214,-24.402,NA,NA,-5.765,9.409,NA,NA,10.716,21.672,24.418,26.21,27.425,23.561,24.768,16.402,17.84,3.256,3.83,-26.296,18.693,26.035,20.734,16.83,26.103,18.999,24.626,25.377,26.664,23.183,7.818,16.429
"1916-02",-16.334,-22.292,-23.528,10.951,18.801,11.182,20.476,25.127,23.872,24.684,25.561,25.666,NA,18.73,23.119,12.783,1.029,7.77,-1.018,13.116,22.393,27.405,27.431,26.735,27.261,20.842,25.56,26.581,-24.663,NA,NA,-6.604,10.646,NA,NA,10.6,26.064,25.506,26.065,27.139,24.531,24.198,17.044,18.639,3.323,4.166,-28.216,18.159,26.212,21.385,16.375,26.497,19.703,25.215,25.619,26.89,23.684,8.412,16.594
"1916-03",-14.339,-16.996,-21.239,11.62,19.545,10.717,20.751,26.004,24.45,24.813,26.237,26.136,NA,18.941,22.776,11.879,0.348,9.189,4.331,14.039,23.873,27.505,27.855,27.531,27.266,20.592,25.019,26.445,-22.315,NA,NA,-4.095,12.992,NA,NA,12.062,28.511,26.268,26.219,27.294,24.671,24.063,16.837,18.532,1.316,2.072,-28.322,18.393,26.355,21.338,16.362,26.878,19.924,26.252,26.973,27.443,23.734,8.011,16.671
"1916-04",-10.505,-13.807,-13.766,11.51,21.413,14.096,21.805,27.015,25.424,24.548,26.645,26.009,NA,18.235,21.242,10.577,2.007,10.578,12.88,16.069,26.599,27.114,28.072,30.719,27.307,19.463,24.184,25.979,-16.482,NA,NA,-0.443,18.889,NA,NA,15.853,34.173,27.722,27.089,27.751,23.751,22.89,15.849,17.661,-1.741,0.12,-20.613,19.042,26.67,20.68,16.866,27.016,19.22,27.659,28.348,28.057,23.088,7.077,16.912
"1916-05",-5.115,-3.168,-7.674,12.568,24.61,17.599,23.274,27.628,26.339,23.719,26.695,25.666,NA,17.186,20.337,8.914,6.605,13.566,19.437,18.525,28.226,26.121,27.098,32.277,27.234,18.217,23.6,25.277,-8.945,NA,NA,3.064,24.85,NA,NA,19.027,38.211,29.109,27.399,26.655,22.844,20.931,14.961,15.847,-4.757,-1.38,-11.727,19.859,26.79,19.733,17.986,26.455,18.116,28.421,29.303,27.954,22.085,6.182,17.07
"1916-06",1.471,3.706,0.464,13.731,26.623,20.52,24.26,27.229,26.908,22.695,26.613,25.565,NA,16.121,18.128,7.082,8.294,16.222,27.868,22.332,30.144,26.728,26.772,34.878,26.352,17.399,22.704,24.226,0.338,NA,NA,7.369,32.234,NA,NA,20.853,44.13,28.976,27.416,25.926,21.818,19.645,14.083,14.82,-7.689,-0.891,-0.831,20.912,26.715,18.802,19.432,26.138,16.966,27.037,28.557,27.238,20.836,5.222,17.197
"1916-07",3.608,6.191,4.165,15.268,27.235,23.029,24.56,27.288,27.185,21.998,26.642,24.777,NA,14.932,17.869,6.582,10.307,17.997,32.542,26.675,29.956,26.476,26.264,33.808,25.691,16.493,22.108,23.488,1.729,NA,NA,10.521,35.354,NA,NA,23.736,45.045,28.041,27.275,25.496,20.359,18.981,13.138,12.817,-8.091,-3.473,0.199,22.156,26.558,18.093,20.907,25.384,16.259,26.179,27.933,26.667,20.098,4.506,17.199
"1916-08",3.286,4.972,4.475,16.48,27.999,24.13,25.596,27.794,27.579,21.907,26.924,24.26,NA,14.319,17.638,6.791,11.519,19.054,27.364,26.301,29.623,26.347,24.948,32.147,25.302,16.632,22.339,23.082,1.09,NA,NA,12.65,32.753,NA,NA,24.42,43.218,27.258,27.079,25.337,20.518,18.729,13.071,12.813,-8.581,-3.843,-0.796,23.038,26.311,17.422,21.965,25.022,15.599,25.529,27.583,26.404,19.788,4.38,17.198
"1916-09",0.825,0.2,0.506,16.521,27.89,22.495,26.016,27.709,27.524,21.909,27.024,24.605,NA,14.334,18.348,7.509,9.904,17.685,21.446,23.729,30.087,26.169,25.171,33.976,25.448,16.438,22.507,23.143,-2.174,NA,NA,10.722,29.397,NA,NA,23.834,41.554,27.628,27.205,25.937,20.061,20.135,13.085,13.448,-8.534,-4.347,-5.944,23.278,26.182,17.438,21.888,25.238,15.447,25.693,28.049,26.528,19.656,4.417,16.981
"1916-10",-6.228,-8.738,-6.481,15.188,25.532,19.126,24.992,27.275,27.038,22.35,27.18,25.638,NA,14.539,18.381,8.31,6.882,15.445,14.285,21.009,28.576,26.515,26.389,31.618,26.045,17.088,23.878,24.374,-6.933,NA,NA,6.492,22.667,NA,NA,20.978,36.255,27.946,27.49,27.076,20.456,21.854,13.188,14.123,-5.928,-2.059,-17.252,22.455,26.256,17.827,20.757,26.004,15.7,26.158,27.631,26.538,20.201,4.707,16.583
"1916-11",-9.974,-10.031,-11.996,14.152,22.987,15.513,23.15,26.83,26.418,23.077,26.421,26.175,NA,15.742,20.12,9.931,3.712,12.674,7.459,17.858,24.996,27.292,27.167,28.914,27.175,17.833,24.311,25.113,-19.869,NA,NA,-1.24,17.162,NA,NA,16.565,28.843,27.1,27.094,27.896,20.882,23.487,13.773,15.293,-3.332,-0.366,-24.694,21.089,26.253,18.55,19.336,26.398,16.844,26.681,26.742,26.865,21.106,5.287,16.249
"1916-12",-12.584,-18.884,-19.609,12.517,20.979,12.701,21.825,26.16,25.363,24.19,25.826,26.289,NA,17.188,22.244,10.868,1.407,10.408,5.732,14.662,21.364,27.797,27.257,27.528,27.563,18.907,24.846,26.111,-23.352,NA,NA,-3.223,13.344,NA,NA,13.068,21.592,25.648,26.367,27.759,21.937,25.192,14.642,16.991,0.391,2.148,-27.979,19.854,26.433,19.813,17.677,26.477,18.056,26.166,25.689,27.035,22.23,6.438,16.212
"1917-01",-16.001,-16.853,-24.296,11.369,19.847,10.864,20.898,25.758,24.587,24.712,25.975,26.304,NA,18.219,23.887,12.541,1.3,8.807,3.21,12.911,21.197,27.827,27.656,26.701,27.491,20.351,25.581,26.583,-22.594,NA,NA,-5.48,10.935,NA,NA,11.241,20.856,24.009,26.044,27.06,22.976,25.737,16.003,17.756,2.662,4.663,-27.274,18.813,26.569,20.874,16.87,26.685,19.324,24.736,25.25,26.828,23.246,7.798,16.432
"1917-02",-14.803,-19.114,-23.86,10.679,18.91,10.372,20.104,25.873,24.744,25.702,26.143,26.583,NA,19.035,23.621,13.249,0.454,8.64,2.861,12.811,22.054,28.11,28.614,27.171,27.837,20.696,25.817,26.905,-25.586,NA,NA,-6.027,12.934,NA,NA,11.17,23.917,24.746,26.036,27.116,23.063,25.288,16.947,18.634,2.896,4.274,-30.191,18.296,26.739,21.345,16.688,27.147,20.049,25.021,25.701,27.26,23.627,8.412,16.623
"1917-03",-12.279,-15.815,-18.693,11.109,19.449,10.909,20.519,26.304,24.6,25.892,26.303,26.519,NA,19.088,23.371,12.418,0.405,8.61,6.593,13.55,24.939,27.996,28.516,28.678,28.226,20.887,25.168,26.518,-22.853,NA,NA,-5.68,15.598,NA,NA,12.768,29.689,25.902,26.657,27.453,23.551,24.264,16.57,17.729,1.157,2.301,-25.799,18.441,26.884,21.296,16.393,27.44,20.256,25.545,27.12,27.994,23.744,8.095,16.845
"1917-04",-9.204,-11.893,-15.118,12.218,20.805,13.02,21.259,27.149,25.376,25.739,26.938,26.384,NA,18.638,21.842,11.094,1.744,10.26,11.677,15.627,26.202,27.77,28.653,30.97,27.489,20.166,24.495,25.876,-19.205,NA,NA,-0.853,18.522,NA,NA,15.648,32.938,27.393,27.393,27.415,23.637,23,15.928,16.625,-1.923,0.884,-22.761,19.067,27.24,20.548,16.965,27.609,19.593,27.302,28.749,28.517,22.87,7.259,16.917
"1917-05",-4.485,-3.693,-6.293,12.639,23.703,16.482,22.262,28.045,26.341,24.873,27.228,26.181,NA,17.859,19.931,9.718,3.697,13.081,21.692,18.421,28.425,27.683,28.363,32.979,27.499,19.069,23.604,24.938,-9.534,NA,NA,2.579,27.343,NA,NA,19.586,38.874,29.429,27.714,26.7,22.299,21.875,14.908,15.463,-4.564,-1.595,-12.707,19.949,27.345,19.663,18.007,27.372,18.429,28.684,30.093,28.277,21.899,6.175,17.129
"1917-06",1.758,3.144,0.432,14.239,26.832,20.151,24.232,28.224,27.08,24.131,26.963,26.192,NA,16.925,19.128,8.346,7.649,15.912,26.792,22.234,30.812,27.227,27.229,35.699,26.954,17.917,22.555,24.163,-1.331,NA,NA,7.299,32.108,NA,NA,21.799,45.022,29.884,27.798,25.669,21.518,19.796,13.716,14.23,-7.624,-2.553,-1.096,21.049,27.313,18.526,19.531,26.713,17.386,28.079,29.674,27.783,20.986,5.428,17.349
"1917-07",3.71,5.464,4.266,15.942,28.319,22.705,25.57,28.274,27.768,23.814,27.127,25.971,NA,15.897,17.076,7.277,10.302,18.798,29.88,25.755,31.24,27.318,25.77,35.781,26.097,17.318,22.033,23.255,1.99,NA,NA,10.21,34.15,NA,NA,24.177,45.584,27.958,27.362,25.044,20.723,19.048,13.432,13.205,-8.056,-2.99,0.237,22.359,27.09,17.707,20.893,26.013,16.215,26.808,27.889,27.163,20.122,4.796,17.364
"1917-08",3.583,5.721,4.759,16.887,28.973,23.381,26.379,28.361,27.932,23.531,27.594,25.562,NA,15.149,17.36,6.578,10.857,19.963,29.024,26.549,29.771,26.571,24.387,33.91,25.74,17.034,22.386,23.152,0.841,NA,NA,11.878,34.022,NA,NA,25.404,43.362,27.523,27.297,25.176,20.498,19.655,13.295,13.353,-8.683,-4.976,-0.937,23.227,26.985,17.315,21.781,25.439,15.559,26.307,27.624,26.837,19.788,4.51,17.299
"1917-09",0.634,2.266,1.318,17.199,28.477,22.059,25.917,28.123,27.695,23.483,27.63,25.711,NA,14.803,17.773,7.218,9.117,18.147,23.047,23.888,30.805,26.528,24.452,33.904,26.006,16.372,22.768,23.597,-1.885,NA,NA,10.267,29.929,NA,NA,23.896,42.069,28.194,27.199,25.737,21.059,20.034,13.359,13.321,-8.329,-4.469,-6.625,23.385,27.131,17.376,21.669,25.481,15.465,26.485,28.125,27.1,19.917,4.318,17.108
"1917-10",-4.873,-5.655,-6.417,15.945,26.403,19.657,24.784,27.931,27.333,23.623,27.659,26.254,NA,15.322,18.966,8.564,6.573,15.055,13.612,20.945,28.667,26.78,26.179,31.624,26.925,17.19,23.482,24.269,-9.796,NA,NA,4.426,22.597,NA,NA,20.921,35.773,27.953,27.661,26.676,21.279,21.564,13.382,13.752,-6.884,-3.789,-15.346,22.564,27.2,17.729,20.728,26.355,15.962,27.082,27.706,27.172,20.285,4.689,16.773
"1917-11",-8.705,-12.971,-12.532,14.529,22.748,15.129,22.839,27.512,26.615,24.003,27.429,27.039,NA,15.805,20.205,9.725,3.904,10.376,6.59,16.542,25.733,27.614,26.783,30.122,28.136,18.187,24.009,25.05,-19.62,NA,NA,-2.011,17.625,NA,NA,17.453,28.941,27.738,27.843,28.337,21.687,23.669,13.87,15.075,-2.101,-0.404,-22.982,21.375,27.313,18.651,19.187,26.698,16.768,27.302,27.753,27.627,20.96,5.342,16.502
"1917-12",-12.569,-12.547,-17.162,12.914,20.73,12.899,21.39,26.87,25.759,24.68,26.807,27.164,NA,17.088,21.975,10.9,1.678,8.542,-1.057,12.781,21.727,28.328,27.545,28.317,27.87,19.062,25.039,26.341,-19.818,NA,NA,-6.935,11.692,NA,NA,14.139,22.017,26.353,27.715,28.412,22.672,24.723,14.9,16.31,0.569,2.052,-21.507,19.997,27.26,19.8,17.975,27.022,18.014,26.506,26.924,27.569,22.217,6.618,16.616
"1918-01",-14.197,-18.929,-20.137,11.376,18.852,10.761,20.251,26.337,25.109,25.098,26.703,27.31,NA,18.489,23.891,12.673,-1.275,6.417,-1.646,12.976,22.16,28.475,27.778,27.203,27.233,20.512,26.083,26.583,-24.781,NA,NA,-4.833,11.816,NA,NA,11.88,23.402,25.723,27.222,27.953,23.607,24.883,16.251,17.653,2.913,3.958,-26.565,18.999,27.181,20.896,16.83,27.119,19.35,25.765,26.127,27.354,23.267,7.822,16.726
"1918-02",-14.927,-16.279,-22.127,11.449,18.383,9.521,19.528,26.405,24.928,25.748,27.024,27.327,NA,19.548,24.109,13.554,1.188,7.821,-1.066,12.348,22.229,28.695,28.467,28.489,28.052,20.942,26.239,27.124,-22.452,NA,NA,-9.292,11.293,NA,NA,12.342,24.191,26.166,27.424,27.846,23.095,24.759,16.802,17.362,3.295,4.11,-27.638,18.328,27.264,21.51,16.439,27.599,20.228,26.122,26.887,28.039,24.017,8.327,16.931
"1918-03",-12.926,-14.092,-19.446,11.616,19.269,11.357,20.35,26.767,25.186,25.857,27.517,27.31,NA,19.207,23.255,11.586,0.747,8.261,-1.855,13.725,25.681,28.699,28.558,30.092,28.104,20.193,25.287,26.932,-25.5,NA,NA,-7.925,13.04,NA,NA,14.483,31.611,26.939,27.546,28.277,23.441,24.569,16.897,17.395,1.582,2.414,-26.968,18.492,27.321,21.299,16.569,27.92,20.334,26.755,27.68,28.526,24.193,7.98,16.998
"1918-04",-7.53,-8.077,-11.72,11.66,21.242,13.873,21.024,27.619,26.101,24.869,27.795,27.277,NA,17.895,22.079,10.72,2.122,10.106,10.147,14.746,26.938,28.08,28.743,32.989,27.633,19.98,25.008,25.939,-16.928,NA,NA,-4.387,19.207,NA,NA,16.604,35.53,28.81,28.137,28.272,23.943,23.516,15.948,16.797,-1.149,0.171,-17.509,19.058,27.49,20.619,16.979,27.866,19.5,28.253,29.822,28.799,23.47,7.204,17.218
"1918-05",-1.923,-0.226,-3.835,12.48,24.386,17.184,22.029,27.433,26.887,23.777,27.691,26.997,NA,16.876,20.407,7.924,3.821,12.363,20.542,17.393,28.532,27.631,27.601,34.39,27.589,18.593,23.939,25.452,-7.992,NA,NA,1.622,26.065,NA,NA,19.513,40.748,29.898,28.38,27.33,23.194,21.515,15.229,15.12,-2.968,-1.407,-8.999,19.77,27.393,19.513,18.065,27.595,18.416,29.197,30.233,28.762,22.473,6.131,17.295
"1918-06",2.428,4.606,3.138,13.952,27.29,20.703,24.097,28.079,27.457,22.986,27.24,26.528,NA,15.909,18.025,7.107,7.752,16.077,26.257,21.758,30.364,27.578,26.377,37.222,27.183,17.85,22.429,24.005,0.609,NA,NA,6.824,31.215,NA,NA,22.151,45.005,29.596,28.329,26.238,21.46,19.765,14.031,14.456,-5.155,-2.208,-0.41,20.981,27.001,18.664,19.437,26.925,16.919,28.147,29.676,28.211,21.039,5.472,17.431
"1918-07",4.649,7.175,5.381,15.503,28.411,23.296,25.324,27.779,27.807,22.225,27.104,26.27,NA,15.469,17.739,6.846,9.797,17.925,31.882,25.316,31.014,27.233,24.839,32.771,26.191,16.647,22.274,23.668,1.841,NA,NA,10.209,34.163,NA,NA,24.393,45.456,28.052,27.716,25.995,20.72,19.375,13.35,13.557,-6.334,-3.816,0.301,22.119,26.345,17.964,20.978,26.04,16.198,26.487,28.411,27.093,20.24,4.603,17.306
"1918-08",4.907,5.963,5.358,16.483,28.132,24.105,25.638,27.978,28.037,21.602,27.473,25.885,NA,14.534,17.273,7.096,11.816,19.398,28.122,25.93,29.747,26.433,23.879,30.873,25.641,15.806,22.074,23.554,0.615,NA,NA,11.958,32.977,NA,NA,25.351,43.37,27.781,27.631,26.132,20.243,19.87,13.205,13.453,-8.647,-3.577,-0.606,23.13,25.673,17.607,21.959,25.5,15.715,25.996,27.958,26.593,19.757,4.248,17.229
"1918-09",2.087,2.874,1.991,16.576,28.157,22.926,25.456,27.684,27.712,21.366,27.385,26.026,NA,14.151,17.962,7.793,9.115,17.025,22.351,22.859,30.019,26.354,24.9,33.672,25.408,16.204,23.198,24.02,-2.256,NA,NA,10.267,30.129,NA,NA,24.892,41.598,27.732,27.578,26.714,20.955,20.534,13.421,13.62,-8.516,-2.537,-5.825,23.22,25.205,17.501,21.997,25.686,15.433,25.994,27.947,26.698,19.904,4.409,17.015
"1918-10",-4.624,-3.439,-5.857,13.823,27.318,19.989,24.147,27.067,27.262,21.824,26.869,26.2,NA,14.652,19.013,8.761,6.345,14.834,15.824,19.71,28.715,26.755,25.453,31.974,26.02,16.452,23.522,24.459,-9.453,NA,NA,5.606,23.645,NA,NA,21.619,35.891,27.969,27.438,27.134,21.421,21.461,13.408,13.961,-5.327,-4.161,-17.387,22.243,25.322,17.793,21.055,25.797,15.938,26.275,27.75,26.894,20.146,4.687,16.526
"1918-11",-7.175,-11.504,-9.005,12.655,24.047,16.815,22.239,26.576,26.657,22.761,26.263,26.579,NA,15.9,20.552,10.192,2.613,11.135,12.69,16.726,25.354,27.167,26.007,28.336,26.556,17.518,24.426,25.449,-19.664,NA,NA,1.782,19.252,NA,NA,16.778,27.834,26.738,27.272,28.011,21.713,23.298,14.074,14.908,-2.138,-0.313,-25.123,21.074,25.323,18.693,19.686,26.033,16.77,26.12,27.13,26.645,20.985,5.335,16.232
"1918-12",-10.481,-14.108,-15.252,11.721,20.186,13.245,20.568,25.756,25.541,23.449,25.786,26.387,NA,17.169,22.352,11.532,0.552,9.54,5.886,15.499,23.271,27.586,26.484,26.632,27.266,18.828,24.838,25.825,-22.067,NA,NA,-3.74,15.526,NA,NA,12.889,24.851,25.708,26.517,27.914,22.582,24.14,15.351,16.662,0.534,1.916,-26.391,19.85,25.288,19.645,18.159,26.15,18.051,25.872,25.708,26.518,21.976,6.452,16.225
"1919-01",-13.844,-15.97,-22.37,11.019,19.445,12.241,19.665,25.603,24.951,24.179,25.389,26.024,NA,18.246,22.661,12.725,1.652,9.242,0.203,13.368,21.37,27.831,26.896,26.3,26.591,20.261,25.338,26.206,-27.867,NA,NA,-7.622,11.583,NA,NA,11.549,22.032,25.023,26.351,28.035,24.207,24.951,16.691,18.395,2.896,3.595,-29.931,18.77,25.53,20.679,17.041,26.347,19.224,25.168,25.124,26.378,23.075,7.53,16.328
"1919-02",-13.421,-18.25,-26.048,9.79,19.786,10.875,19.595,25.723,24.322,24.937,24.983,26.205,NA,19.147,23.466,13.142,0.523,7.243,0.063,12.144,22.575,27.943,27.374,27.073,27.026,20.643,25.579,26.37,-26.723,NA,NA,-6.602,11.087,NA,NA,11.4,24.584,25.477,26.439,27.909,25.196,24.78,17.494,18.433,2.571,3.915,-26.473,18.418,25.569,21.35,16.378,26.618,20.055,25.086,25.467,26.526,23.724,7.929,16.543
"1919-03",-11.635,-15.959,-17.495,10.096,20.014,11.514,19.352,26.16,24.611,24.861,26.124,26.253,NA,19.261,22.756,12.339,0.275,7.994,4.99,13.656,25.431,27.747,27.995,27.672,27.548,20.895,25.239,26.137,-25.397,NA,NA,-5.547,16.019,NA,NA,12.427,31.365,26.713,26.542,27.252,24.937,24.563,16.795,17.97,0.336,2.483,-26.477,18.324,25.865,21.337,16.295,27.075,20.078,26.136,26.869,27.215,23.496,7.657,16.661
"1919-04",-9.833,-11.303,-14.822,10.605,22.135,14.431,20.959,27.141,25.493,24.626,26.362,26.3,NA,18.746,20.937,11.121,1.779,10.208,8.599,14.94,26.326,27.811,27.782,29.957,27.044,19.808,24.388,25.867,-19.975,NA,NA,-2.217,17.921,NA,NA,16.201,35.242,27.944,27.118,27.455,24.324,22.951,15.601,17.391,-2.39,0.393,-22.43,18.855,26.141,20.678,17.187,27.093,19.402,27.389,28.418,27.707,22.863,6.845,16.773
"1919-05",-3.14,-1.587,-5.79,11.457,24.916,17.127,22.053,27.526,26.396,23.374,26.595,25.826,NA,17.851,18.861,10.1,4.259,12.93,18.859,18.336,28.356,27.465,27.344,34.14,26.915,19.043,23.576,25.069,-8.671,NA,NA,2.585,24.662,NA,NA,18.002,40.506,29.011,27.417,26.617,23.303,20.9,14.722,15.85,-4.443,-0.622,-10.554,19.641,26.019,19.763,18.142,26.78,17.928,27.955,28.773,27.456,21.726,6.036,16.94
"1919-06",2.439,3.808,1.377,12.753,26.492,20.677,22.891,26.804,26.785,22.17,26.577,25.528,NA,16.605,18.172,8.658,8.434,16.452,26.627,22.428,30.519,26.739,26.441,35.604,25.975,17.529,22.747,24.28,-0.507,NA,NA,7.238,30.169,NA,NA,21.43,44.112,28.444,27.28,26.084,21.881,19.677,13.782,14.268,-6.315,-1.339,-1.02,20.608,25.762,18.776,19.49,26.319,16.995,26.717,28.16,26.869,20.685,5.073,17.087
"1919-07",4.252,5.516,4.68,14.26,27.59,22.479,24.042,27.006,27.104,21.271,26.581,25.137,NA,15.082,16.845,7.554,11.423,19.773,31.659,26.559,30.403,26.446,24.088,31.897,25.091,16.255,21.624,23.588,1.75,NA,NA,10.997,34.3,NA,NA,23.866,44.603,27.423,27.121,25.975,21.248,19.08,12.756,13.668,-7.551,-3.455,0.39,21.752,25.387,18.077,20.918,25.663,15.901,25.768,27.76,26.28,19.822,4.538,17.033
"1919-08",4.307,5.094,5.189,15.398,28.452,23.278,25.012,26.894,27.236,20.885,26.415,25.032,NA,14.863,17.8,7.724,10.969,19.992,28.074,26.841,29.796,25.914,23.006,31.465,24.716,16.068,21.928,23.209,0.506,NA,NA,12.623,33.548,NA,NA,25.05,43.01,27.201,27.18,26.07,20.344,19.156,12.391,13.095,-8.431,-3.836,-1.252,22.575,24.899,17.644,21.942,24.899,15.447,25.302,27.514,26.096,19.406,4.291,16.983
"1919-09",2.136,2.988,2.743,15.707,28.225,22.156,25.044,26.523,27.133,21.256,26.885,25.114,NA,14.817,17.597,7.829,9.354,18.09,22.53,24.507,30.319,25.727,24.393,33.974,24.831,16.194,22.239,23.345,-3.824,NA,NA,11.65,29.714,NA,NA,24.427,41.673,27.509,27.221,26.69,20.765,20.265,12.992,13.368,-7.649,-3.991,-6.657,22.666,24.767,17.631,21.746,25.095,15.126,25.441,27.824,26.131,19.488,4.275,16.799
"1919-10",-4.901,-5.079,-5.529,14.954,26.197,19.865,24.137,26.224,26.791,21.508,26.619,25.766,NA,14.788,18.704,9.033,6.054,14.872,15.459,20.44,28.509,25.953,25.352,32.184,25.343,16.477,23.049,24.219,-12.766,NA,NA,6.809,23.22,NA,NA,21.021,34.997,27.325,27.008,27.51,21.399,21.893,13.345,13.811,-7.184,-2.196,-18.625,22.058,24.668,17.958,20.72,25.528,15.619,25.405,27.17,26.199,19.855,4.638,16.318
"1919-11",-9.505,-14.575,-12.104,13.291,23.329,15.71,22.649,25.566,25.807,22.038,26.123,26.207,NA,15.556,20.138,9.901,3.916,12.073,7.211,17.459,24.868,27.079,25.902,28.772,26.227,17.404,23.898,24.943,-19.827,NA,NA,0.291,16.263,NA,NA,17.439,27.526,26.882,26.866,27.845,22.729,22.391,14.187,14.748,-2.949,0.298,-25.807,20.796,24.734,18.661,19.151,25.869,16.521,25.839,26.586,26.349,20.792,5.319,16.038
"1919-12",-13.345,-21.572,-19.782,11.571,21.244,12.582,20.88,25.25,25.002,23.139,25.166,25.793,NA,16.935,22.253,10.747,1.979,9.765,5.936,14.427,21.634,27.303,26.294,25.947,26.396,18.512,24.54,25.531,-24.289,NA,NA,-2.648,12.124,NA,NA,12.616,21.532,24.475,26.369,27.909,23.899,23.909,15.391,15.648,0.475,2.07,-30.724,19.617,24.751,19.745,17.751,25.917,17.72,24.516,25.939,26.124,21.856,6.554,15.943
"1920-01",-13.085,-21.905,-23.831,9.617,21.255,11.278,20.381,24.814,24.266,24.118,25.027,25.66,NA,18.163,22.918,12.723,0.615,8.949,1.964,13.015,21.065,27.322,26.769,25.658,26.286,20.012,25.391,26.487,-26.422,NA,NA,-4.469,11.225,NA,NA,10.711,21.548,23.727,26.062,27.443,24.659,24.708,16.683,17.537,2.7,4.18,-29.976,18.64,24.99,20.83,16.798,26.087,18.954,24.013,25.007,25.789,22.934,7.877,16.178
"1920-02",-14.886,-24.084,-28.092,9.249,20.867,12.359,20.005,25.249,24.071,24.627,24.718,25.797,NA,19.063,23.265,13.371,1.714,8.67,-0.587,12.026,22.188,27.708,27.287,26.276,26.63,20.667,25.606,26.469,-23.753,NA,NA,-6.978,11.46,NA,NA,11.116,24.601,24.724,25.975,27.056,25.318,24.552,17.113,18.161,2.887,4.42,-25.838,18.184,25.435,21.354,16.515,26.423,19.889,24.281,25.326,25.881,23.328,8.354,16.457
"1920-03",-13.195,-20.927,-22.976,10.131,21.158,12.382,20.222,25.657,24.013,25.208,25.006,25.827,NA,19.282,22.595,12.993,2.1,9.499,5.775,13.3,24.062,26.41,27.449,28.399,27.052,20.863,25.403,26.33,-26.255,NA,NA,-4.799,13.706,NA,NA,12.913,28.07,25.942,26.029,26.754,24.408,24.534,17.12,17.581,0.854,2.968,-27.47,18.197,25.659,21.478,16.429,26.441,19.866,25.627,26.558,26.619,23.238,7.995,16.518
"1920-04",-10.916,-13.455,-17.565,10.236,22.799,14.361,21.108,26.773,24.958,25.252,25.853,25.636,NA,18.2,21.072,10.519,3.884,11.41,12.208,14.881,25.297,26.231,27.964,30.185,26.985,19.936,24.173,25.855,-18.581,NA,NA,-1.854,17.821,NA,NA,15.316,32.343,28.234,26.763,27.047,23.659,23.179,16.541,16.617,-2.483,1.329,-24.094,18.891,26.083,20.74,16.96,26.521,19.135,27.331,28.558,27.398,22.509,7.136,16.655
"1920-05",-3.204,-1.782,-5.998,11.247,24.34,17.308,22.126,27.308,25.634,23.832,26.065,25.278,NA,17.195,19.834,8.906,5.312,13.82,20.887,18.043,27.821,25.346,27.507,31.819,26.301,18.954,22.992,24.266,-8.487,NA,NA,3.146,24.789,NA,NA,18.668,38.757,29.339,27.166,26.564,22.922,20.853,14.603,15.544,-5.15,-1.496,-10.556,19.684,26.248,19.809,18.039,26.293,18.093,27.942,29.361,27.195,21.482,6.091,16.889
"1920-06",2.21,4.133,1.884,12.793,25.807,20.087,23.118,26.717,26.131,22.452,26.358,25.036,NA,15.981,18.676,8.064,8.263,17.627,25.656,22.496,29.714,25.986,27.445,35.272,25.932,17.72,21.903,23.527,0.919,NA,NA,7.366,29.894,NA,NA,21.202,42.934,28.687,27.156,25.809,21.308,18.959,13.873,14.211,-7.18,-2.527,-0.346,20.697,25.981,18.813,19.44,25.899,17.166,26.816,28.446,26.792,20.273,5.071,17.041
"1920-07",3.873,5.878,4.62,14.384,27.215,22.729,24.263,26.788,26.707,21.823,26.479,24.372,NA,15.072,17.928,7.409,10.64,20.586,32.114,26.668,30.248,26.148,26.176,32.643,24.973,17.214,21.306,22.511,1.85,NA,NA,12.183,34.645,NA,NA,23.682,44.294,27.449,26.961,25.716,20.718,19.107,13.088,13.49,-7.523,-3.397,0.186,21.792,25.747,18.115,20.823,25.377,16.124,25.648,28.019,26.293,19.505,4.449,17.054
"1920-08",4.553,5.109,4.978,15.667,28.269,23.413,25.227,27.078,27.238,21.332,26.684,24.157,NA,14.161,17.504,6.376,10.567,20.948,28.002,27.597,29.802,25.958,24.379,33.837,24.781,16.013,21.016,22.483,0.907,NA,NA,12.553,33.241,NA,NA,24.664,42.96,27.219,27.077,25.987,19.746,20.305,12.408,13.355,-7.412,-4.505,-0.817,22.722,25.39,17.698,21.757,24.876,15.403,25.421,27.85,26.332,19.045,4.15,16.967
"1920-09",1.536,0.554,1.341,16.033,27.919,22.76,25.095,26.804,26.888,21.681,26.672,24.643,NA,14.507,18.062,7.975,9.54,18.094,22.16,24.276,30.141,25.848,23.6,33.781,24.931,16.042,21.553,22.589,-1.753,NA,NA,11.505,28.672,NA,NA,24.055,41.516,26.93,27.267,26.595,20.074,20.02,12.652,13.373,-7.863,-3.088,-6.926,22.828,25.277,17.65,21.749,24.903,15.306,25.389,27.284,26.372,19.039,4.211,16.801
"1920-10",-4.111,-8.028,-5.296,15.592,26.507,19.406,24.38,26.728,26.672,22.098,26.625,25.216,NA,14.828,18.583,8.68,5.221,14.103,16.257,20.567,28.438,26.197,24.764,31.731,25.803,16.78,22.88,23.628,-9.135,NA,NA,7.952,24.076,NA,NA,20.702,35.587,27.508,27.12,26.705,19.921,21.386,12.91,13.95,-5.215,-2.85,-17.884,22.186,25.184,17.873,20.704,25.461,15.638,25.842,27.337,26.618,19.654,4.712,16.403
"1920-11",-9.106,-14.319,-10.357,14.034,23.014,15.396,23.25,26.094,25.86,22.51,25.874,25.967,NA,15.586,19.78,9.235,3.34,11.874,7.011,17.151,24.625,26.732,25.298,28.09,26.783,17.331,23.143,24.672,-16.06,NA,NA,2.999,16.582,NA,NA,15.432,27.236,26.992,26.649,27.226,21.253,23.438,14.07,15.596,-1.747,-0.156,-24.688,21.037,25.152,18.657,19.259,25.814,16.502,26.328,26.756,26.663,20.498,5.451,16.107
"1920-12",-11.691,-19.308,-16.478,11.397,20.803,12.227,21.231,25.823,25.166,23.387,25.253,25.676,NA,17.048,21.62,11.534,-0.05,8.308,3.524,14.345,21.984,27.091,26.048,26.601,26.861,18.825,24.432,25.576,-20.271,NA,NA,-1.093,13.367,NA,NA,12.878,23.094,25.451,26.572,27.473,23.251,24.422,15.091,16.697,0.93,1.866,-25.015,19.829,25.377,19.728,17.68,25.914,17.812,25.725,25.628,26.529,21.89,6.677,16.23
"1921-01",-11.343,-19.089,-22.422,9.285,19.563,12.736,19.531,25.582,24.618,24.36,24.897,26.07,NA,18.503,23.394,13.007,0.703,7.431,-7.635,13.2,21.161,27.308,26.861,26.39,26.866,19.965,25.333,26.357,-24.247,NA,NA,-3.824,7.678,NA,NA,10.535,22.158,25.001,26.317,27.687,23.785,25.171,16.237,17.652,3.163,3.821,-26.312,18.939,25.675,20.837,16.773,26.128,19.209,25.17,24.968,26.598,22.938,7.962,16.5
"1921-02",-13.818,-20.269,-23.288,10.577,19.289,9.943,20.146,25.528,24.094,24.877,25.178,25.919,NA,19.233,23.596,13.378,1.314,8.134,-1.852,12.725,22.661,27.552,27.015,26.96,27.015,21.049,25.488,26.315,-22.644,NA,NA,-4.968,10.123,NA,NA,10.4,24.926,25.087,25.803,26.988,24.854,24.833,16.997,18.307,3.406,3.983,-29.24,18.414,25.892,21.383,16.337,26.538,20.142,25.217,25.523,26.862,23.707,8.559,16.616
"1921-03",-15.056,-20.562,-26.112,10.244,20.509,12.372,20.816,26.309,24.703,25.111,25.413,26.081,NA,19.318,23.008,12.347,2.605,8.995,2.002,12.875,24.986,27.664,27.59,28.977,27.409,20.467,24.875,26.011,-26.52,NA,NA,-2.687,13.276,NA,NA,13.555,30.572,26.72,26.33,27.033,25.33,24.023,16.959,17.47,1.336,2.503,-30.165,18.614,26.165,21.377,16.421,26.814,20.015,26.226,26.755,27.377,23.503,8.112,16.65
"1921-04",-9.089,-12.585,-13.274,10.425,22.269,14.027,21.694,27.004,25.071,24.915,25.881,26.231,NA,18.903,21.027,11.677,2.177,11.979,12.934,15.743,25.848,26.939,27.745,30.44,27.291,19.585,24.225,25.556,-16.912,NA,NA,0.055,19.771,NA,NA,16.04,33.89,28.042,26.986,27.19,25.077,22.36,16.365,16.459,-1.201,0.997,-22.818,19.084,26.583,20.707,16.726,26.94,19.081,27.654,28.187,27.827,22.839,7.337,16.867
"1921-05",-3.673,-3.55,-6.093,11.194,24.27,16.919,22.206,27.253,25.76,24.102,26.476,25.858,NA,17.804,19.555,9.336,4.881,13.458,20.15,18.466,28.184,26.684,26.789,33.14,27.252,17.795,22.522,24.585,-9.23,NA,NA,3.923,24.792,NA,NA,19.516,38.765,28.671,27.376,26.587,23.431,21.138,15.467,15.768,-5.061,0.188,-11.926,19.852,26.696,19.691,17.789,26.56,18.024,28.277,28.899,27.852,21.794,6.197,17.005
"1921-06",1.864,3.719,2.148,12.6,26.655,20.34,23.778,27.601,26.571,23.125,26.368,25.44,NA,16.528,18.826,8.451,8.236,16.554,27.689,21.859,30.138,26.36,26.044,35.626,26.29,17.303,21.732,23.29,-0.09,NA,NA,8.751,31.424,NA,NA,22.108,44.281,28.482,27.386,25.981,22.169,19.979,14.809,14.655,-6.417,-1.695,-1.709,21.096,26.536,18.687,19.088,26.042,17.01,27.167,28.398,27.341,20.57,5.275,17.205
"1921-07",4.178,5.385,4.531,14.257,27.174,22.459,24.332,27.631,26.831,22.525,26.315,25.134,NA,15.431,17.321,7.478,10.507,19.587,30.179,25.874,30.86,26.195,24.562,33.573,25.439,16.526,21.485,22.948,1.224,NA,NA,10.868,33.664,NA,NA,24.633,44.679,27.707,27.093,25.534,20.713,19.049,13.468,13.626,-8.261,-2.274,0.053,22.346,26.343,17.99,20.753,25.242,16.007,26.148,28.091,26.854,19.913,4.684,17.201
"1921-08",4.512,3.976,5.313,15.443,27.348,23.442,25.179,27.558,27.177,22.159,26.516,24.785,NA,14.832,17.518,7.662,11.666,21.284,28.922,27.006,30.072,25.958,23.395,32.668,25.015,15.687,21.658,22.83,1.496,NA,NA,12.155,33.822,NA,NA,24.903,43.585,27.722,27.174,25.572,20.325,19.439,12.904,13.732,-8.041,-4.459,-0.805,23.122,26.084,17.534,21.791,24.659,15.552,25.722,27.875,26.566,19.481,4.28,17.14
"1921-09",1.561,-0.984,0.927,15.899,27.441,22.558,25.452,27.385,27.027,21.76,26.519,24.95,NA,14.195,17.866,8.062,9.886,18.084,21.307,23.632,30.727,25.98,24.143,34.21,25.257,15.893,22.4,23.271,-1.248,NA,NA,10.907,29.108,NA,NA,24.125,41.545,27.421,27.223,26.244,19.993,20.47,12.972,13.873,-8.198,-1.47,-6.416,23.264,25.98,17.496,21.833,24.929,15.235,25.662,27.935,26.624,19.522,4.436,16.949
"1921-10",-4.405,-7.712,-6.5,14.591,26.324,19.702,24.137,26.946,26.576,22.185,26.377,25.666,NA,14.695,19.371,8.712,6.835,14.417,17.055,19.925,28.944,26.169,25.652,31.339,26.057,16.749,23.384,23.989,-9.869,NA,NA,6.542,24.782,NA,NA,21.494,36.284,27.906,27.248,27.088,20.632,21.434,13.163,14.16,-6.252,-2.326,-18.089,22.495,25.955,17.747,20.714,25.716,15.875,26.122,27.887,26.74,19.878,4.714,16.512
"1921-11",-8.225,-12.248,-8.971,13.112,24.685,16.689,22.916,26.958,26.228,22.872,25.933,26.117,NA,15.676,20.77,9.839,3.2,12.172,8.513,16.757,24.957,27.275,26.195,28.283,27.312,17.594,23.905,25.06,-18.887,NA,NA,1.321,17.729,NA,NA,16.32,28.167,27.204,26.769,27.388,21.263,23.211,13.56,15.537,-2.139,-0.7,-23.596,21.131,25.953,18.631,19.263,25.988,16.729,26.512,26.851,26.983,20.777,5.418,16.226
"1921-12",-13.79,-19.196,-18.779,12.189,21.752,12.739,21.061,26.228,25.236,23.613,25.685,26.061,NA,16.907,22.026,11.307,1.78,10.249,0.92,13.967,21.576,27.631,26.495,27.086,27.105,18.906,23.996,25.172,-21.775,NA,NA,-1.753,12.586,NA,NA,13.882,21.563,25.395,26.492,27.391,22.139,25.207,14.381,17.305,0.57,1.987,-25.949,19.806,25.98,19.853,17.752,26.153,17.973,25.739,25.608,26.828,21.606,6.58,16.216
"1922-01",-13.662,-14.919,-19.571,11.541,19.88,11.718,19.963,25.756,24.635,24.293,25.709,26.349,NA,18.078,22.906,12.925,0.602,8.184,2.52,12.979,21.793,27.68,26.86,25.971,26.826,20.109,24.936,25.842,-25.399,NA,NA,-5.538,12.658,NA,NA,10.588,22.121,24.683,25.993,27.294,23.327,25.412,15.737,17.54,2.747,4.108,-26.462,18.809,26.238,21.074,16.854,26.226,19.182,24.912,25.028,26.655,22.686,7.819,16.413
"1922-02",-15.88,-15.055,-23.389,11.863,20.235,11.201,20.571,25.859,24.581,24.56,25.896,26.201,NA,18.689,23.643,13.32,1.569,8.082,-0.596,12.321,22.947,27.959,27.552,26.633,26.931,20.746,25.663,26.34,-25.829,NA,NA,-4.7,11.436,NA,NA,11.574,24.912,25.069,25.815,27.15,23.744,25.192,16.599,18.116,2.739,4.252,-30.318,18.372,26.364,21.541,16.521,26.627,20.167,24.944,25.138,26.76,23.322,8.332,16.553
"1922-03",-12.837,-16.405,-20.235,11.205,20.794,11.473,20.79,26.444,24.84,25.062,26.236,26.045,NA,18.694,23.038,12.072,0.042,8.214,7.809,13.909,24.946,27.878,27.571,28.313,27.346,20.357,25.432,26.387,-24.495,NA,NA,-4.434,15.922,NA,NA,13.008,29.089,26.099,26.378,27.722,24.047,23.848,16.568,17.823,0.59,1.778,-26.071,18.551,26.6,21.39,16.598,26.936,20.159,25.794,26.391,27.319,23.544,7.912,16.731
"1922-04",-8.944,-11.365,-12.841,11.613,22.067,13.809,21.389,27.327,25.617,24.554,26.697,26.098,NA,18.126,21.571,11.066,1.685,10.497,13.695,15.06,26.365,27.041,27.231,30.858,27.295,19.48,24.486,25.743,-17.07,NA,NA,-0.986,19.07,NA,NA,15.497,32.486,27.561,26.966,27.483,23.542,22.813,15.424,17.06,-1.517,-0.432,-21.081,19.048,26.891,20.798,17.037,26.895,19.346,27.208,28.44,27.96,22.713,7.04,16.861
"1922-05",-2.103,-2.477,-4.667,12.461,24.653,16.777,22.585,27.321,26.38,23.551,27.007,25.735,NA,17.525,20.565,9.121,4.753,13.321,19.624,17.983,27.892,26.714,26.565,32.508,26.69,18.893,23.38,24.509,-9.124,NA,NA,3.496,24.636,NA,NA,18.951,37.875,28.976,27.515,26.768,23.217,21.238,14.696,15.829,-4.897,-1.137,-10.721,19.783,26.886,19.684,18.104,26.601,18.274,28.169,29.41,27.817,21.782,6.055,17.043
"1922-06",2.146,3.499,2.631,13.974,27.043,19.864,24.11,28.014,27.104,22.709,26.943,25.746,NA,15.952,17.933,8.441,7.543,16.417,27.707,22.795,30.891,26.737,25.023,35.611,26.32,17.487,22.145,23.642,-0.443,NA,NA,7.886,31.949,NA,NA,21.406,44.081,28.541,27.372,25.703,21.365,19.415,13.633,14.466,-5.444,-3.231,-1.569,20.994,26.814,18.809,19.525,26.013,16.881,27.154,28.479,27.355,20.629,5.236,17.203
"1922-07",4.175,5.463,5.442,15.253,28.194,22.559,24.928,27.701,27.505,22.335,26.862,25.287,NA,15.332,17.237,7.649,10.821,18.645,31.645,26.089,30.916,26.299,23.577,34.013,25.54,16.517,21.608,22.936,1.696,NA,NA,10.984,34.143,NA,NA,23.643,44.493,27.743,27.008,25.113,20.269,19.233,13.026,13.086,-7.659,-2.94,0.262,22.087,26.548,17.947,21.006,25.214,15.988,26.134,27.727,26.804,19.794,4.76,17.187
"1922-08",4.558,4.917,5.532,15.935,28.503,23.399,25.514,27.745,27.777,22.041,27.173,25.11,NA,14.809,17.25,7.123,11.465,18.639,29.718,27.057,29.826,25.788,22.953,34.447,25.491,16.171,21.42,22.826,1.13,NA,NA,12.213,33.928,NA,NA,24.639,43.234,27.337,26.824,25.333,19.649,19.589,12.675,13.13,-8.226,-3.246,-0.712,22.892,26.376,17.613,21.899,24.701,15.38,25.757,27.651,26.624,19.234,4.39,17.127
"1922-09",1.941,1.807,3.293,16.443,28.51,22.253,25.583,27.995,27.72,22.317,27.18,25.047,NA,14.757,17.931,7.803,9.268,17.677,24.978,24.643,30.482,25.693,23.76,35.386,25.895,15.839,22.581,23.68,-2.709,NA,NA,11.216,31.179,NA,NA,24.086,41.928,27.76,27.029,25.858,19.985,20.649,12.856,13.39,-8.61,-4.347,-6.999,23.155,26.396,17.529,21.71,24.757,15.399,25.974,27.497,26.64,19.454,4.348,16.952
"1922-10",-2.739,-5.136,-4.5,15.55,26.954,19.875,24.638,27.035,27.135,22.658,27.115,25.649,NA,15.021,18.964,8.871,8.006,14.186,12.221,20.492,28.488,26.254,24.957,30.317,26.439,16.688,23.588,24.555,-10.23,NA,NA,4.983,22.459,NA,NA,21.587,35.997,28.498,27.026,26.899,21.074,21.236,13.326,13.617,-7.242,-2.192,-13.632,22.326,26.447,17.907,20.662,25.358,15.69,26.787,28.044,26.734,20.012,4.601,16.638
"1922-11",-8.746,-13.129,-9.825,13.231,24.163,16.125,22.837,27,26.619,23.114,26.376,26.153,NA,15.851,20.338,10.398,4.554,11.816,7.697,16.827,24.895,26.657,25.658,28.832,26.956,17.503,24.279,25.132,-21.879,NA,NA,-1.309,17.321,NA,NA,17.588,28.604,27.622,27.201,27.949,21.923,23.314,14.088,14.961,-2.861,-0.908,-26.404,21.163,26.547,18.724,19.26,25.69,16.481,27.146,27.322,26.899,20.819,5.332,16.257
"1922-12",-10.682,-14.518,-15.612,10.146,22.798,13.336,21.327,26.872,25.89,24.102,25.836,26.112,NA,17.118,22.13,11.714,1.794,9.902,-0.195,14.624,22.028,27.394,26.4,27.538,27.613,18.877,25.066,25.961,-23.789,NA,NA,-3.852,12.094,NA,NA,13.335,22.528,25.833,26.695,27.759,22.177,24.036,15.109,16.519,0.364,1.833,-26.342,19.777,26.506,19.798,17.977,26.022,17.816,26.24,26.107,26.952,21.954,6.383,16.265
"1923-01",-13.7,-17.37,-23.097,10.476,19.607,10.359,20.073,26.328,25.019,24.445,25.731,25.968,NA,18.328,23.109,12.883,1.543,8.707,-1.017,13.172,20.701,27.571,26.928,26.642,26.963,19.957,25.336,26.295,-26.628,NA,NA,-4.642,9.211,NA,NA,10.988,20.817,24.749,26.132,27.27,22.802,25.335,16.266,17.918,2.579,3.867,-29.067,18.946,26.471,20.956,16.702,26.333,19.065,25.245,25.316,26.847,22.91,7.553,16.371
"1923-02",-14.122,-18.49,-25.193,10.728,20.738,10.811,21.156,26.329,24.68,25.097,25.622,26.012,NA,18.849,24,12.907,2.129,8.715,-1.04,13.098,23.319,27.871,27.345,27.548,27.55,20.151,25.561,26.858,-26.677,NA,NA,-5.542,11.181,NA,NA,11.738,25.96,25.169,25.906,27.28,24.023,25.431,17.086,18.777,2.822,4.079,-27.975,18.483,26.567,21.507,16.334,26.693,20.013,25.23,25.537,27.071,23.7,8.143,16.626
"1923-03",-13.677,-20.286,-21.653,10.788,21.325,12.32,21.664,26.779,24.689,25.467,26.03,26.465,NA,18.92,23.166,12.065,1.615,9.243,2.273,13.03,23.642,27.279,27.952,29.478,27.795,20.096,25.505,26.736,-23.764,NA,NA,-5.996,12.117,NA,NA,13.318,26.853,26.499,26.687,27.299,23.728,24.991,16.631,17.643,1.295,2.014,-25.192,18.655,26.71,21.415,16.46,26.858,20.013,26.306,26.862,27.62,23.731,7.754,16.766
"1923-04",-9.598,-13.663,-14.85,11.239,21.36,13.729,21.372,27.3,25.24,24.392,26.694,26.111,NA,17.9,21.356,10.053,2.309,10.913,12.39,14.863,26.949,27.222,28.224,29.502,27.945,19.538,24.77,26.207,-20.788,NA,NA,-1.807,18.803,NA,NA,16.869,33.624,27.573,27.505,27.879,24.284,22.772,16.258,15.609,-0.511,-0.471,-22.454,19.178,27.021,20.701,16.829,26.998,19.359,27.384,28.471,28.164,23.146,7.011,16.861
"1923-05",-3.115,-3.587,-5.623,12.237,23.534,17.056,22.117,26.842,26.025,23.172,27.027,25.683,NA,17.058,19.823,8.098,5.638,13.488,19.647,17.72,28.253,27.398,27.711,32.733,27.173,18.942,23.653,25.327,-10.518,NA,NA,2.305,24.532,NA,NA,19.166,39.116,29.509,27.724,26.844,23.333,21.679,14.745,15.171,-3.148,-1.293,-12.535,19.871,27.052,19.603,17.979,26.697,18.259,28.522,29.902,28.357,22.071,6.077,17.058
"1923-06",1.696,3.37,1.046,13.694,26.223,20.29,24.197,27.472,26.871,22.789,26.431,25.511,NA,16.199,18.788,7.636,9.629,16.27,26.56,21.468,29.125,26.882,26.218,33.577,27.021,17.865,22.51,24.114,0.198,NA,NA,7.49,31.007,NA,NA,21.992,43.701,29.45,27.661,25.568,22.383,19.283,13.973,13.516,-5.737,-3.814,-0.25,21.196,26.963,18.516,19.241,26.159,17.097,27.962,29.417,27.741,20.922,5.249,17.287
"1923-07",3.932,5.888,4.268,15.254,27.618,22.867,25.213,27.678,27.284,22.261,26.456,25.165,NA,15.521,17.65,6.777,10.815,18.297,30.831,26.426,30.121,26.602,24.19,32.406,26.05,16.503,21.623,23.428,1.672,NA,NA,11.124,33.23,NA,NA,24.459,44.587,28.25,27.399,24.99,20.894,18.467,13.388,12.674,-5.667,-5.482,0.364,22.392,26.673,17.873,20.669,25.323,16.065,26.476,28.465,27.036,19.832,4.719,17.257
"1923-08",3.611,4.379,4.734,16.489,28.237,23.807,26.099,27.951,27.616,22.04,26.821,24.993,NA,15.083,17.394,6.506,11.552,18.927,30.03,26.783,30.264,26.162,23.353,32.385,25.496,16.532,21.755,22.669,0.224,NA,NA,12.541,33.188,NA,NA,24.95,43.778,27.359,27.166,25.241,20.09,19.394,12.611,12.927,-6.247,-5.952,-1.085,23.283,26.417,17.608,21.608,24.908,15.267,25.686,27.473,26.578,19.205,4.38,17.179
"1923-09",0.735,1.251,0.254,17.021,27.64,22.589,25.507,27.407,27.367,21.908,27.044,24.979,NA,14.564,18.478,7.195,10.309,18.107,23.564,24.218,30.022,26.208,23.512,33.758,25.248,16.347,22.792,23.414,-2.023,NA,NA,10.408,29.329,NA,NA,23.707,41.008,27.73,27.426,26.244,20.282,20.551,12.918,12.897,-7.663,-3.943,-6.733,23.363,26.277,17.571,21.701,25.029,15.342,25.427,27.733,26.342,19.475,4.308,16.993
"1923-10",-4.613,-6.845,-7.523,14.624,26.559,20.254,24.629,27.09,26.968,22.002,26.991,25.345,NA,14.607,18.774,8.095,6.319,15.532,17.215,21.424,28.327,26.405,24.64,32.045,26.273,16.573,22.859,23.982,-10.313,NA,NA,6.95,24.658,NA,NA,21.446,36.688,28.277,27.389,27,20.673,21.54,13.392,13.697,-5.348,-3.657,-15.127,22.522,26.232,17.821,20.553,25.411,15.5,26.447,27.9,26.621,19.952,4.772,16.606
"1923-11",-7.07,-16.244,-9.01,13.392,23.667,16.553,23.134,26.99,26.274,22.758,26.839,26.086,NA,15.794,20.501,9.755,3.159,11.475,10.722,17.995,25.706,27.585,26.011,28.724,26.621,17.61,23.836,25.014,-19.532,NA,NA,0.611,19.329,NA,NA,16.712,29.587,27.371,27.048,27.889,21.358,22.99,13.739,14.856,-1.967,-0.758,-24.697,21.282,26.227,18.633,19.14,26.112,16.557,26.661,27.094,26.896,20.736,5.464,16.296
"1923-12",-11.669,-18.805,-16.318,12.149,20.204,12.161,21.222,26.24,25.506,23.543,26.293,25.924,NA,17.475,21.565,11.344,2.744,9.457,1.92,14.962,22.012,28.063,26.787,27.236,26.767,18.371,24.684,25.979,-23.656,NA,NA,-3.697,12.496,NA,NA,13.303,21.824,25.384,26.484,27.237,22.101,24.097,15.099,16.146,0.957,1.896,-25.665,19.867,26.253,19.756,17.955,26.346,17.752,26.047,26.384,26.678,22.066,6.682,16.315
"1924-01",-13.224,-21.099,-21.296,10.144,19.595,12.234,20.18,25.863,24.91,24.599,25.837,26.13,NA,18.42,23.559,12.237,1.491,8.921,3.575,13.841,22.576,28.021,27.159,26.626,27.306,19.472,25.392,26.683,-28.117,NA,NA,-6.085,12.026,NA,NA,12.463,22.441,24.57,26.263,26.964,22.998,25.098,16.075,17.653,3.325,3.924,-30.707,18.855,26.406,20.809,17.041,26.439,19.119,25.155,25.96,26.769,23.195,7.915,16.475
"1924-02",-17.75,-20.635,-28.141,10.719,18.836,9.79,19.695,25.832,24.203,25.356,26.165,26.226,NA,19.062,23.632,12.879,1.546,9.577,1.244,13.461,22.485,28.2,27.42,27.73,27.435,20.454,25.741,27.066,-28.887,NA,NA,-6.831,10.724,NA,NA,12.381,22.564,25.121,26.458,27.901,24.407,24.739,16.922,18.519,3.222,4.429,-30.823,18.423,26.62,21.205,16.345,26.904,19.975,25.11,26.184,27.303,23.913,8.519,16.616
"1924-03",-13.512,-17.507,-21.48,10.517,19.76,11.859,20.145,26.503,24.862,25.275,26.506,26.239,NA,19.265,23.201,12.349,2.664,9.503,3.165,13.401,24.368,28.074,28.044,29.28,27.926,21.071,25.34,26.39,-24.65,NA,NA,-3.681,15.112,NA,NA,13.326,29.305,27.071,26.613,27.649,24.945,24.413,16.55,18.023,1.062,3.158,-29.758,18.476,26.939,21.306,16.659,27.134,20.001,26.391,27.533,28.021,23.554,8.211,16.837
"1924-04",-10.584,-11.263,-17.94,11.768,21.175,13.895,21.131,27.429,25.534,24.797,26.896,26.364,NA,18.576,21.798,11.151,3.851,11.359,11.519,15.401,26.187,27.683,27.895,30.232,28.168,20.008,24.739,25.872,-13.101,NA,NA,-1.257,18.798,NA,NA,16.094,33.403,28.322,27.302,27.501,24.433,22.849,15.92,16.697,-1.57,0.948,-18.197,19.089,27.167,20.651,16.829,27.212,19.48,27.797,29.055,28.459,23.007,7.33,17.079
"1924-05",-3.974,-3.37,-6.339,12.649,23.544,16.817,22.042,27.66,26.651,23.882,27.486,26.245,NA,17.577,19.72,9.116,5.085,13.144,18.878,18.461,27.827,27.659,27.694,32.752,27.947,18.888,23.903,25.005,-8.299,NA,NA,3.33,25.821,NA,NA,18.851,39.192,29.762,27.655,27.151,23.503,21.275,15.185,15.249,-3.622,-1.161,-10.821,19.768,27.124,19.665,17.924,27.076,18.175,28.857,29.93,28.39,22.051,6.351,17.165
"1924-06",1.518,4.418,1.7,13.859,26.189,20.15,23.558,28.046,27.23,23.241,26.986,25.833,NA,16.382,18.175,8.053,9.334,16.454,26.974,21.755,29.173,27.161,25.57,34.666,26.669,17.034,22.199,23.879,-0.506,NA,NA,8.616,30.995,NA,NA,21.18,42.96,29.348,27.744,26.067,21.947,19.879,13.647,14.33,-5.849,-2.257,-1.744,20.943,26.977,18.593,19.409,26.292,16.993,27.969,29.407,27.827,20.813,5.544,17.274
"1924-07",4.2,5.865,4.991,15.026,28.17,23.039,25.367,28.017,27.706,22.432,26.882,25.407,NA,15.032,17.358,6.305,11.738,19.023,31.679,26.683,31.104,26.498,23.499,33.853,25.8,16.495,21.573,22.895,2.016,NA,NA,11.71,33.93,NA,NA,23.675,45.201,28.05,27.46,25.312,20.951,19.135,13.242,13.055,-7.036,-4.36,0.473,22.234,26.749,17.95,20.911,25.28,16.239,26.318,28.534,27.004,19.828,4.775,17.292
"1924-08",3.638,5.857,4.707,16.403,28.968,23.883,26.352,28.144,27.924,22.132,27.251,24.859,NA,14.769,17.49,7.278,12.444,20.26,29.316,26.996,30.462,26.159,22.856,32.554,25.33,16.179,21.807,22.703,1.294,NA,NA,12.998,33.289,NA,NA,24.656,44.104,27.714,27.362,25.365,19.917,19.378,12.771,12.965,-7.989,-3.814,-0.78,23.21,26.439,17.503,21.847,24.79,15.419,25.682,28.422,26.76,19.353,4.556,17.27
"1924-09",0.778,1.192,0.618,17.133,28.392,22.393,26.021,27.767,27.495,22.094,27.224,24.96,NA,14.479,18.478,6.81,10.721,18.769,22.75,24.732,30.699,26.054,23.087,34.286,25.768,15.678,22.411,23.178,-2.229,NA,NA,11.614,29.532,NA,NA,23.791,41.752,27.379,27.37,26.116,20.002,20.529,12.675,13.178,-6.827,-4.045,-6.093,23.374,26.315,17.581,21.683,24.751,15.32,25.692,28.021,26.856,19.283,4.339,17.012
"1924-10",-3.276,-6.285,-3.902,16.178,25.823,19.213,24.334,27.149,27.082,22.347,27.099,25.308,NA,14.92,18.756,8.393,6.296,15.519,15.888,21.29,28.684,26.094,23.996,31.729,26.632,16.068,23.397,24.337,-7.989,NA,NA,7.627,24.524,NA,NA,21.136,35.904,28.143,27.245,26.766,21.419,21.391,13.576,13.679,-6.057,-2.252,-13.768,22.546,26.24,17.872,20.637,25.119,15.48,26.518,28.31,26.995,20.027,4.849,16.667
"1924-11",-8.827,-14.183,-10.351,14.144,23.624,15.554,22.717,26.481,26.356,22.938,26.811,25.975,NA,15.937,19.993,9.912,4.002,11.423,7.794,17.29,25.162,27.107,25.712,29.225,27.393,17.385,23.853,25.111,-17.673,NA,NA,1.547,18.541,NA,NA,17.404,28.06,27.807,27.443,27.85,21.38,22.541,13.946,14.266,-2.803,-0.27,-23.514,21.23,26.254,18.742,19.153,25.679,16.443,27.107,27.465,27.035,20.731,5.471,16.334
"1924-12",-8.699,-15.203,-12.798,12.303,22.072,13.338,21.72,26.553,25.925,23.967,26.15,25.931,NA,17.206,21.963,11.321,1.548,8.754,4.875,14.324,22.432,27.567,26.427,26.592,27.217,18.231,24.696,25.657,-21.573,NA,NA,-2.626,12.192,NA,NA,12.183,21.631,25.464,26.934,27.676,22.673,24.337,14.991,16.139,0.562,1.966,-22.432,19.946,26.338,19.72,18.03,26.049,17.753,25.605,26.673,26.95,21.758,6.652,16.399
"1925-01",-13.984,-17.959,-23.973,12.435,18.364,10.23,20.167,25.906,24.791,24.86,25.995,26.055,NA,18.527,23.605,12.541,2.096,7.949,-2.272,12.917,22.463,27.48,26.748,26.044,26.719,19.884,25.22,25.717,-23.456,NA,NA,-5.002,9.937,NA,NA,10.941,22.668,24.445,26.325,27.114,23.91,24.992,16.408,17.685,2.999,4.198,-27.323,18.9,26.361,20.629,16.92,26.211,19.019,24.538,26.032,26.786,22.864,7.978,16.478
"1925-02",-12.008,-18.905,-18.882,12.122,18.786,10.129,20.106,25.796,24.483,25.181,26.434,26.316,NA,19.2,23.303,13.518,0.8,6.974,2.587,12.522,23.428,28.141,27.567,26.829,27.066,20.717,25.44,25.982,-24.45,NA,NA,-4.79,12.061,NA,NA,10.908,25.204,25.045,26.223,27.106,24.457,24.782,16.975,17.837,3.229,4.252,-29.133,18.51,26.65,21.293,16.328,26.876,19.775,24.729,26.131,27.151,23.469,8.539,16.714
"1925-03",-11.139,-19.025,-18.594,11.783,19.814,11.712,20.702,26.603,25.144,24.987,26.742,26.209,NA,18.871,22.341,12.346,1.601,9.986,6.899,14.057,24.385,28.221,28.045,29.665,27.639,20.246,25.002,26.242,-25.895,NA,NA,-4.505,15.665,NA,NA,13.117,29.416,26.42,26.512,26.854,24.222,24.248,16.56,17.539,1.088,2.395,-27.162,18.501,26.743,21.288,16.64,27.133,20.014,25.76,27.366,27.871,23.456,8.189,16.79
"1925-04",-8.169,-11.063,-10.884,11.644,21.984,14.47,21.424,27.584,26.058,24.422,26.908,26.53,NA,18.264,21.036,10.969,2.48,10.478,15.159,15.305,27.75,27.616,28.314,30.86,27.509,19.589,24.613,25.868,-19.42,NA,NA,-2.301,21.935,NA,NA,16.321,35.682,28.267,27.24,27.29,24.208,22.69,15.729,16.324,-1.882,1.188,-20.927,19.039,26.912,20.662,17.049,27.206,19.26,27.483,28.688,27.901,22.969,7.248,16.976
"1925-05",-2.583,-3.65,-4.254,12.713,24.176,17.228,22.611,27.621,26.736,23.269,26.911,26.032,NA,16.97,19.98,9.237,5.387,13.242,22.659,18.669,28.608,27.563,27.66,34.73,27.508,18.802,23.431,24.785,-7.689,NA,NA,2.366,28.255,NA,NA,19.63,40.927,29.59,27.634,26.572,23.485,21.456,15.251,14.488,-3.621,-1.554,-10.5,19.828,27.015,19.722,18.106,26.913,18.038,28.311,29.455,27.869,21.942,6.354,17.167
"1925-06",2.145,3.038,1.466,14.373,25.746,20.643,24.006,27.706,26.942,22.834,26.92,25.643,NA,16.294,18.381,8.362,8.512,16.587,28.002,23.223,30.278,27.075,25.958,35.856,26.569,17.401,22.091,23.786,-0.05,NA,NA,7.347,33.289,NA,NA,21.856,45.117,29.434,27.575,25.776,22.001,20.414,14.154,13.453,-5.574,-3.91,-0.83,21.091,26.964,18.649,19.416,26.387,16.956,27.619,29.194,27.406,20.738,5.46,17.292
"1925-07",4.273,5.317,5.078,15.563,26.682,22.737,25.201,27.62,27.297,22.081,26.763,25.504,NA,15.067,17.26,7.458,10.698,18.774,31.242,26.727,30.926,26.86,24.172,34.201,25.224,15.935,21.403,22.945,1.899,NA,NA,11.261,34.714,NA,NA,24.519,45.555,27.867,27.296,25.398,21.055,19.357,13.154,13.023,-7.636,-2.947,0.371,22.268,26.684,18.051,20.802,25.646,16.082,26.051,28.369,26.744,19.807,4.701,17.242
"1925-08",3.933,4.904,5.268,16.786,28.401,23.607,26.435,27.686,27.616,21.794,27.14,25.028,NA,14.549,17.619,7.117,12.229,19.718,28.693,26.498,29.249,26.301,23.108,31.784,24.833,15.769,21.423,22.521,0.872,NA,NA,12.479,33.671,NA,NA,25.271,42.964,27.15,27.084,25.583,20.411,19.653,12.533,12.515,-7.12,-5.463,-0.868,22.988,26.395,17.699,21.647,24.971,15.395,25.603,27.818,26.515,19.295,4.403,17.146
"1925-09",0.803,1.441,1.08,16.724,27.866,22.409,25.753,27.819,27.593,21.988,27.366,25.122,NA,14.295,18.118,7.265,10.598,17.096,21.488,23.708,30.114,26.295,23.617,34.076,25.269,15.666,22.614,23.588,-3.25,NA,NA,10.618,29.956,NA,NA,24.224,41.521,27.266,27.221,26.121,20.15,20.116,12.761,12.841,-7.505,-2.157,-7.682,23.228,26.078,17.586,21.688,25.147,15.187,25.681,27.609,26.706,19.351,4.467,16.927
"1925-10",-3.622,-6.35,-5.027,16.145,25.799,18.821,24.582,27.319,27.258,22.084,27.231,25.694,NA,14.807,18.71,8.682,6.609,14.354,13.759,20.076,28.575,26.253,25.02,31.074,26.097,16.257,23.479,24.31,-11.793,NA,NA,4.883,23.676,NA,NA,20.641,36.125,27.964,27.303,27.298,20.802,21.685,13.464,13.448,-7.312,-1.114,-16.41,22.438,26.016,18.007,20.641,25.691,15.573,26.39,28.003,26.791,19.862,4.689,16.507
"1925-11",-7.848,-10.563,-8.048,13.9,24.7,15.927,22.938,27.107,26.697,22.649,26.712,26.028,NA,15.449,20.451,9.941,2.556,10.777,9.778,16.73,25.451,27.115,26.022,28.407,26.569,17.492,24.197,25.2,-19.692,NA,NA,-1.455,18.844,NA,NA,16.532,29.33,27.399,27.165,28.124,21.697,23.174,13.886,15.086,-2.649,-0.296,-21.018,21.117,25.928,18.718,19.23,25.834,16.558,26.751,27.127,26.845,20.744,5.44,16.273
"1925-12",-10.598,-17.611,-15.578,11.718,20.78,13.644,20.839,26.752,25.938,23.204,25.969,25.916,NA,16.752,22.489,11.253,2.168,8.219,4.921,13.12,22.869,27.408,26.515,26.78,27.194,18.655,25.018,25.886,-24.24,NA,NA,-3.817,14.292,NA,NA,11.96,24.447,25.896,26.726,27.824,22.25,24.346,14.945,15.907,0.504,2.034,-26.771,19.831,25.951,19.879,18.066,25.956,17.884,25.82,26.191,26.728,21.922,6.564,16.235
"1926-01",-13.059,-22.252,-23.668,10.736,20.507,12.869,20.649,25.935,24.938,24.377,25.517,26.071,NA,18.267,23.05,12.568,3.121,7.484,-1,12.138,21.172,27.547,27.127,26.552,27.23,19.782,25.298,26.225,-24.792,NA,NA,-5.145,9.889,NA,NA,11.476,22.278,25.306,26.22,27.534,23.348,25.294,16.483,17.549,2.798,3.977,-28.484,18.856,26.029,20.994,16.932,26.289,18.872,25.287,25.441,26.605,22.871,7.739,16.432
"1926-02",-10.506,-17.966,-20.322,10.155,20.523,11.875,20.151,26.32,24.999,24.823,25.715,26.205,NA,19.411,23.659,13.48,1.392,7.602,0.614,12.044,22.358,27.752,27.881,27.52,27.56,20.73,26.262,26.872,-28.747,NA,NA,-9.204,12.161,NA,NA,11.333,25.344,25.757,26.007,27.41,24.104,25.211,17.113,17.871,3.117,4.128,-28.829,18.395,26.242,21.536,16.68,26.728,19.9,25.436,25.671,26.906,23.837,8.339,16.683
"1926-03",-12.621,-18.386,-20.968,10.348,20.252,11.593,20.213,26.897,25.049,25.335,26.205,26.221,NA,19.007,22.887,12.45,1.111,8.295,6.593,13.763,24.637,27.547,28.113,28.082,27.325,20.681,25.633,26.872,-24.418,NA,NA,-5.11,15.956,NA,NA,13.739,30.033,26.656,26.646,27.412,24.405,24.744,17.005,17.699,0.932,2.772,-28.011,18.531,26.719,21.482,16.371,27.036,19.915,26.353,26.972,27.418,23.726,7.974,16.774
"1926-04",-9.06,-13.833,-13.919,10.86,21.871,14.524,20.925,27.462,25.528,24.633,26.724,26.054,NA,18.482,21.778,10.668,2.811,10.12,10.032,14.69,26.44,27.457,28.201,30.969,27.632,19.768,24.714,26.318,-17.924,NA,NA,-4.517,19.26,NA,NA,16.189,34.775,28.059,27.32,27.944,23.588,23.691,16.055,16.999,-1.876,1.136,-22.105,19.061,26.859,20.839,17.003,27.069,19.28,27.611,28.185,27.933,22.85,7.065,16.884
"1926-05",-2.669,-1.983,-4.298,12.426,23.676,17.006,22.095,27.384,26.197,23.383,27.16,25.82,NA,17.541,20.191,9.499,4.825,13.438,19.287,17.767,28.349,27.103,27.617,31.368,27.181,18.491,23.817,25.626,-7.842,NA,NA,1.912,25.578,NA,NA,18.774,40.203,29.477,27.571,27.437,22.403,21.998,15.072,16.02,-4.807,0.008,-10.263,19.864,26.796,19.715,17.931,26.774,18.101,28.496,29.429,27.939,22.071,6.097,17.081
"1926-06",2.69,3.71,2.429,14.163,26.312,20.317,23.969,27.666,26.972,22.605,26.834,25.53,NA,16.597,18.292,8.392,7.797,15.986,26.941,22.418,30.279,27.254,27.085,33.29,26.495,17.939,22.741,24.034,-0.037,NA,NA,6.449,31.983,NA,NA,21.576,44.381,29.367,27.551,26.029,21.598,19.46,13.799,14.374,-5.883,-2.533,-0.464,21.044,26.623,18.639,19.325,26.252,16.943,27.659,29.19,27.332,20.682,5.245,17.218
"1926-07",4.644,5.601,5.729,14.899,27.618,23.084,24.688,27.347,27.327,22.208,26.684,24.91,NA,15.644,18.355,7.457,10.327,18.748,30.117,26.607,30.223,26.559,24.926,33.692,25.438,17.016,22.249,23.265,1.668,NA,NA,11.16,33.696,NA,NA,24.081,44.42,27.888,27.231,25.53,20.904,18.919,13.148,13.564,-7.581,-2.889,0.383,22.054,26.317,17.869,20.829,25.371,16.24,26.308,28.171,26.723,19.825,4.572,17.196
"1926-08",4.095,5.053,5.22,15.724,28.231,23.277,25.531,27.494,27.444,21.816,27.004,24.8,NA,15.24,18.192,8.313,12.01,18.783,28.26,27.19,30.464,26.405,24.35,32.503,25.188,16.595,22.311,23.092,0.959,NA,NA,12.46,32.964,NA,NA,24.93,43.847,27.237,27.308,25.752,19.702,20.043,12.784,13.163,-7.629,-3.061,-1.266,22.925,25.98,17.497,21.791,25.147,15.645,25.646,27.893,26.375,19.428,4.267,17.14
"1926-09",1.199,-0.12,1.548,16.237,27.533,22.721,25.458,27.539,27.404,21.995,27.18,25.111,NA,14.717,18.146,8.383,10.681,17.621,23.711,24.046,29.777,26.33,24.682,34.387,25.402,16.322,22.755,23.595,-1.317,NA,NA,10.184,29.264,NA,NA,24.445,41.091,27.298,27.438,26.375,20.05,20.632,12.562,13.716,-6.885,-2.854,-5.039,23.07,25.779,17.469,21.582,25.307,15.615,25.605,27.572,26.414,19.431,4.296,16.953
"1926-10",-2.756,-4.181,-2.032,14.999,25.962,19.137,23.988,27.131,27.205,21.98,27.232,25.654,NA,14.84,18.939,9.145,6.769,14.916,15.993,20.693,28.383,26.285,25.695,31.641,26.319,16.532,23.329,24.383,-10.633,NA,NA,5.118,24.461,NA,NA,21.342,35.761,27.741,27.353,27.185,20.703,21.588,12.812,14.359,-5.709,-2.881,-13.616,22.156,25.633,17.838,20.636,25.849,16.042,25.946,27.597,26.606,19.811,4.602,16.533
"1926-11",-5.365,-11.797,-8.274,14.687,22.835,15.578,23.031,26.46,26.294,22.558,26.358,26.317,NA,16.033,20.258,10.488,4.905,11.224,8.729,16.834,25.331,27.134,26.235,28.45,27.069,17.488,23.628,25.051,-17.869,NA,NA,-1.097,18.121,NA,NA,16.794,28.822,26.841,27.293,27.69,21.393,22.724,13.681,15.03,-2.786,-0.323,-18.638,20.966,25.637,18.655,19.141,26.144,16.826,26.023,27.26,26.801,20.621,5.346,16.305
"1926-12",-9.475,-12.002,-11.932,11.965,21.479,13.33,21.546,26.155,25.562,23.768,25.874,26.039,NA,17.679,22.684,11.801,1.783,9.442,3.315,14.115,22.291,27.659,26.741,26.664,27.543,18.392,24.216,25.703,-21.947,NA,NA,-4.369,13.067,NA,NA,13.204,22.686,25.436,26.741,27.632,22.179,23.815,14.799,16.172,0.369,1.708,-24.739,19.622,25.809,19.665,17.911,26.335,18.208,25.487,26.335,26.596,21.798,6.378,16.264
"1927-01",-10.224,-17.258,-17.887,11.46,19.054,10.889,20.152,25.635,24.569,24.866,25.647,25.879,NA,18.664,23.296,12.839,0.675,7.405,-4.767,12.765,21.927,27.889,27.14,26.203,27.07,19.879,25.353,26.397,-22.686,NA,NA,-5.469,8.777,NA,NA,10.586,22.131,24.449,26.624,27.618,24.153,24.595,16.398,17.551,2.457,3.996,-24.071,18.815,25.969,20.698,16.709,26.386,19.462,24.688,25.462,26.467,23.164,7.546,16.535
"1927-02",-14.26,-19.056,-22.72,10.918,19.413,11.048,20.38,25.835,24.707,25.631,26.08,26.175,NA,19.289,23.917,12.917,-0.043,7.552,0.518,13.363,23.059,27.979,28.039,26.588,27.18,20.242,25.132,25.857,-27.727,NA,NA,-6.769,10.923,NA,NA,9.589,24.995,25.13,26.138,27.422,24.978,24.68,16.553,18.171,2.882,4.017,-30.949,18.33,26.396,21.441,16.503,26.835,20.094,24.746,26.017,26.727,23.427,8.094,16.531
"1927-03",-12.467,-15.863,-20.854,11.344,20.43,11.864,20.777,26.463,24.954,26.044,26.022,26.451,NA,19.633,23.689,12.374,0.349,8.07,5.664,14.154,25.22,27.817,28.248,26.938,26.987,20.747,25.071,25.947,-21.335,NA,NA,-5.456,15.225,NA,NA,12.96,30.423,26.16,26.509,27.218,24.356,24.248,16.624,17.906,1.03,2.388,-25.469,18.561,26.63,21.256,16.384,27.179,20.189,25.918,27.041,27.185,23.429,7.813,16.799
"1927-04",-9.342,-14.094,-14.304,11.456,22.199,14.311,21.413,27.394,25.733,25.138,26.726,26.368,NA,18.55,22.108,11.077,2.436,10.559,11.593,14.716,26.94,27.172,28.231,30.324,27.235,20.545,24.457,25.407,-18.27,NA,NA,-3.174,19.796,NA,NA,15.797,35.021,28.203,26.888,27.337,23.895,23.578,15.555,17.717,-1.978,0.231,-21.475,18.976,26.87,20.622,16.979,27.144,19.577,27.467,28.642,27.938,22.773,7.059,16.852
"1927-05",-3.076,-5.983,-7.471,12.694,24.533,16.709,22.776,27.369,26.326,23.664,27.116,26.028,NA,17.109,20.309,9.235,4.382,12.962,21.064,17.47,27.73,27.14,28.16,33.689,27.012,19.355,23.014,24.274,-7.957,NA,NA,1.794,26.589,NA,NA,19.292,38.744,29.425,27.455,26.724,22.928,21.593,14.574,16.117,-4.15,-2.043,-11.66,19.798,26.774,19.557,17.978,27.1,18.595,28.179,29.777,27.805,21.757,6.071,17.001
"1927-06",1.778,2.641,0.573,13.624,26.881,20.292,24.073,27.389,27.194,22.431,27.028,25.667,NA,15.791,18.951,8.532,8.212,16.097,27.095,21.998,29.234,27.278,27.67,33.79,25.976,17.87,22.044,23.301,-0.413,NA,NA,7.156,31.395,NA,NA,21.675,43.322,29.41,27.605,25.746,21.766,19.453,13.251,14.267,-6.511,-3.552,-2.066,20.907,26.694,18.682,19.377,26.603,17.454,27.556,29.387,27.205,20.572,5.217,17.165
"1927-07",4.123,5.861,4.794,15.398,28.197,22.737,25.166,27.593,27.401,22.475,26.853,25.115,NA,15.453,18.796,7.528,10.589,18.459,29.964,25.92,31.067,26.716,25.554,31.605,25.112,16.782,21.173,22.649,1.557,NA,NA,10.24,33.058,NA,NA,23.96,44.698,27.375,27.312,25.358,20.804,17.862,12.521,12.797,-8.26,-4.104,0.252,22.11,26.338,17.844,20.793,25.921,16.535,25.786,27.891,26.582,19.592,4.59,17.154
"1927-08",4.626,4.835,4.957,16.179,28.086,23.351,25.839,27.583,27.45,22.433,27.187,25.125,NA,15.123,18.647,6.838,11.82,19.963,29.149,26.752,29.745,26.557,24.001,32.793,25.069,15.973,21.244,22.716,0.967,NA,NA,11.775,32.924,NA,NA,25.204,43.235,27.073,27.062,24.881,20.588,17.799,12.367,12.576,-8.008,-4.21,-0.958,23.01,26.158,17.37,21.759,25.441,15.812,25.587,27.547,26.43,19.304,4.251,17.126
"1927-09",1.461,3.023,2.2,16.221,27.488,22.176,25.675,27.702,27.47,22.316,27.429,25.347,NA,14.822,18.903,7.731,10.013,17.928,21.908,23.634,30.337,26.575,24.156,34.245,25.442,16.157,22.309,23.194,-2.932,NA,NA,10.592,29.352,NA,NA,23.766,41.692,27.299,27.161,25.518,20.511,18.832,12.851,12.938,-8.201,-4.464,-6.852,23.187,25.957,17.255,21.769,25.442,15.743,25.614,27.685,26.583,19.364,4.237,16.906
"1927-10",-4.099,-2.264,-3.81,15.851,25.182,18.933,23.965,27.232,27.238,22.213,27.145,25.789,NA,15.011,19.345,9.21,6.884,15.369,13.467,19.995,28.375,26.49,25.664,32.418,26.265,16.673,23.504,24.353,-11.076,NA,NA,3.891,22.512,NA,NA,21.179,36.334,28.034,27.382,26.986,21.231,21.041,13.076,13.847,-6.377,-4.429,-14.7,22.256,25.829,17.783,20.729,26.012,15.925,26.474,27.921,26.943,19.919,4.661,16.551
"1927-11",-10.239,-12.409,-11.175,14.187,22.131,15.609,22.255,26.779,26.44,22.664,26.58,26.286,NA,16.214,20.257,10.175,3.729,12.002,8.624,17.042,25.183,27.333,26.711,28.945,27.147,17.57,23.642,24.943,-20.584,NA,NA,-0.955,18.09,NA,NA,16.354,29.238,27.795,27.108,27.704,21.631,22.55,13.617,14.812,-2.758,-0.729,-25.575,21.051,25.757,18.704,19.184,26.44,16.817,26.909,27.46,27.132,20.618,5.296,16.177
"1927-12",-13.092,-16.153,-15.226,11.514,20.293,12.194,20.576,26.435,25.723,23.148,25.961,26.173,NA,17.342,22.662,11.744,1.779,10.68,5.358,15.166,22.688,27.875,26.908,27.246,27.517,18.423,24.678,25.86,-24.934,NA,NA,-4.579,14.466,NA,NA,14.044,23.755,25.99,26.936,27.785,22.74,23.587,14.678,16.174,0.511,1.692,-28.96,19.75,25.936,19.747,17.738,26.447,18.057,26.125,26.134,26.923,21.741,6.445,16.191
"1928-01",-11.234,-20.974,-18.885,10.6,18.938,11.25,20.078,25.846,24.844,24.163,25.734,25.886,NA,18.488,22.641,13.364,1.878,9.319,1.237,14.003,21.218,27.985,27.377,26.601,26.99,18.921,25.004,26.144,-26.578,NA,NA,-7.474,11.155,NA,NA,11.607,21.543,25.198,26.544,27.819,23.335,25.09,16.222,17.515,2.769,3.496,-25.826,18.822,26.199,20.926,16.833,26.591,19.177,25.282,25.394,26.736,22.792,7.749,16.519
"1928-02",-12.318,-20.186,-21.265,10.154,19.012,10.593,20.255,25.906,24.472,24.843,25.674,26.039,NA,19.712,24.189,13.588,1.175,8.911,1.909,13.507,22.157,28.156,28.039,27.919,27.393,20.575,25.279,26.23,-28.36,NA,NA,-8.633,11.937,NA,NA,10.968,24.295,25.497,26.076,27.216,24.317,25.45,16.684,18.185,3.058,3.844,-27.171,18.255,26.297,21.543,16.461,26.948,20.164,25.473,25.95,27.164,23.545,8.278,16.673
"1928-03",-11.612,-14.656,-19.005,10.595,19.014,10.775,20.174,26.327,24.451,25.342,26.164,26.067,NA,19.671,23.611,12.628,1.238,9.746,5.486,14.197,24.658,27.685,28.075,27.796,27.375,20.092,25.436,26.739,-23.998,NA,NA,-5.732,14.715,NA,NA,12.859,30.141,26.459,26.412,27.044,24.27,24.593,16.416,17.536,1.382,1.886,-27.23,18.453,26.524,21.535,16.397,27.083,20.323,26.406,27.283,27.606,23.52,8.002,16.766
"1928-04",-10.368,-11.424,-15.523,10.476,20.89,13.934,21.159,27.146,25.352,24.528,26.665,26.259,NA,18.37,22.198,11.308,2.966,10.706,12.487,15.08,27.161,26.718,28.407,30.333,27.446,19.673,24.9,26.456,-21.368,NA,NA,-2.026,20.39,NA,NA,16.652,35.546,28.506,27.114,27.528,24.002,23.2,16.007,16.679,-1.42,0.369,-23.639,18.968,26.766,20.809,16.911,26.944,19.611,27.912,29.048,28.281,22.885,7.139,16.84
"1928-05",-3.96,-6.064,-8.034,11.808,23.12,16.837,22.548,27.343,25.964,23.254,27.012,25.965,NA,17.352,20.025,9.066,5.876,13.038,20.897,18.342,27.773,26.792,28.285,33.95,26.797,18.814,23.14,24.717,-6.665,NA,NA,1.962,26.319,NA,NA,19.174,39.338,29.503,27.586,26.927,22.281,21.559,14.716,15.171,-4.157,-1.972,-10.572,19.862,26.696,19.88,17.834,26.847,18.344,28.463,29.253,27.71,21.542,6.011,17.031
"1928-06",1.908,3.864,0.952,13.875,25.92,20.252,23.667,27.039,26.349,22.082,26.32,25.738,NA,16.019,17.943,8.523,8.747,16.497,29.274,22.197,29.836,27.075,28.033,35.746,25.985,18.06,22.349,23.606,0.508,NA,NA,6.833,33.103,NA,NA,21.557,43.895,29.25,27.473,25.854,21.255,19.194,13.833,14.231,-6.684,-2.878,-0.208,21.017,26.438,18.88,19.187,26.229,17.016,27.047,28.378,26.913,20.517,5.314,17.166
"1928-07",3.716,6.303,4.666,15.217,27.593,22.496,24.732,27.212,26.869,21.589,26.362,24.908,NA,15.479,17.489,8.142,11.215,20.02,32.736,26.225,29.754,26.398,26.454,33.551,25.166,17.311,21.758,22.962,1.52,NA,NA,11.254,35.412,NA,NA,23.665,44.281,27.536,27.138,25.767,20.233,19.129,13.29,13.393,-9.021,-3.157,0.319,22.212,25.99,18.008,20.78,25.561,16.109,25.816,27.332,26.216,19.596,4.625,17.135
"1928-08",4.068,5.755,5.246,16.102,28.022,23.754,25.51,27.429,27.154,21.447,26.62,24.659,NA,14.979,17.865,7.411,11.087,19.677,29.756,27.376,29.984,26.351,25.141,33.188,24.859,16.598,21.728,22.764,0.923,NA,NA,12.798,33.787,NA,NA,25.247,43.5,27.07,27.08,25.603,20.028,19.245,12.785,13.304,-7.763,-4.561,-0.5,23.028,25.718,17.519,21.777,25.25,15.694,25.488,27.305,26.125,19.242,4.294,17.117
"1928-09",0.238,1.451,0.479,16.458,27.149,22.211,24.935,27.381,27.119,21.575,26.825,24.919,NA,14.479,18.545,7.921,9.331,18.331,23.845,24.058,30.743,25.919,24.724,34.141,24.966,16.614,22.028,23.031,-1.911,NA,NA,11.205,30.209,NA,NA,24.223,41.574,27.242,27.161,26.503,20.051,20.479,12.849,13.563,-8.5,-4.637,-6.445,23.193,25.624,17.489,21.883,25.153,15.562,25.447,27.315,26.208,19.216,4.159,16.865
"1928-10",-5.49,-6.033,-4.978,15.344,26.488,19.687,24.231,27.135,26.712,21.759,26.852,25.441,NA,14.474,18.126,8.741,6.943,15.068,15.807,21.221,28.858,26.202,25.74,31.482,26.075,16.737,22.725,23.785,-11.447,NA,NA,4.533,23.777,NA,NA,21.365,35.917,27.665,27.08,26.988,20.436,21.289,13.198,14.055,-6.493,-2.684,-16.473,22.435,25.414,17.938,20.863,25.726,15.746,26.033,27.42,26.526,19.681,4.572,16.457
"1928-11",-9.809,-10.446,-9.212,13.203,24.346,16.625,22.791,27.151,26.258,22.484,26.629,26.147,NA,15.829,20.111,9.881,3.611,12.393,10.065,18.174,25.791,27.176,26.76,28.174,26.645,17.955,23.386,24.138,-19.596,NA,NA,-2.71,18.147,NA,NA,16.495,29.005,27.243,26.993,27.74,21.201,22.891,13.64,15.671,-2.838,-0.158,-22.46,21.121,25.453,18.592,19.638,26.187,16.61,26.488,27.053,26.832,20.341,5.266,16.216
"1928-12",-11.368,-18.21,-16.938,11.169,22.355,13.385,21.356,26.47,25.647,23.267,25.954,25.98,NA,16.943,21.378,11.005,1.217,9.543,6.548,14.372,22.272,27.686,27.269,26.87,27.124,18.974,24.859,25.402,-24.078,NA,NA,-3.274,15.687,NA,NA,14.17,23.514,25.728,26.505,28.075,22.308,24.61,14.818,17.234,0.427,1.972,-24.39,19.689,25.541,19.558,18.15,26.538,17.674,25.699,25.815,26.735,21.602,6.401,16.217
"1929-01",-13.03,-18.545,-21.286,10.176,20.93,12.161,20.816,26.02,24.863,24.313,25.553,26.359,NA,18.128,23.284,11.981,0.522,8.305,4.258,13.757,21.89,27.678,27.426,26.165,27.016,19.932,25.185,26.05,-24.944,NA,NA,-6.827,12.566,NA,NA,11.479,22.674,24.755,25.874,27.213,23.485,25.371,16.433,18.517,2.771,3.967,-26.181,18.768,25.785,20.584,17.075,26.539,18.992,25.059,25.209,26.46,22.917,7.494,16.363
"1929-02",-14.213,-21.163,-19.941,10.182,20.459,11.271,20.398,26.141,24.537,25.271,25.446,26.065,NA,18.668,23.34,12.387,0.28,8.939,6.308,13.613,22.545,27.859,27.715,27.345,27.311,20.837,25.613,26.175,-25.83,NA,NA,-4.631,14.038,NA,NA,11.56,24.604,25.169,25.85,26.893,23.853,24.767,17.16,18.916,2.85,3.963,-28.459,18.41,26.124,21.053,16.61,26.748,19.914,24.982,25.468,26.731,23.586,8.08,16.565
"1929-03",-12.961,-18.935,-19.535,10.163,20.517,11.484,20.933,26.399,24.572,24.809,26.11,26.131,NA,18.62,22.372,12.122,0.871,9.869,5.635,14.019,24.086,27.735,28.072,28.82,27.898,20.93,25.108,26.327,-25.379,NA,NA,-3.025,16.016,NA,NA,13.612,29.52,26.585,26.044,27.084,24.388,24.149,16.976,18.422,0.466,2.299,-27.381,18.437,26.272,21.08,16.578,27.036,19.99,25.93,26.714,27.245,23.411,7.707,16.617
"1929-04",-9.477,-11.242,-11.261,10.699,21.239,13.419,20.848,26.763,25.192,23.874,26.773,26.208,NA,18.137,21.45,11.256,1.806,10.545,14.182,15.931,27.073,27.598,28.657,29.467,26.992,20.067,24.817,26.121,-17.971,NA,NA,-1.86,21.075,NA,NA,16.134,35.396,27.8,27.046,27.559,23.752,23.059,16.3,16.787,-2.709,0.357,-21.635,18.776,26.46,20.508,17.105,27.393,19.487,27.563,28.441,27.88,23.112,6.877,16.842
"1929-05",-2.159,-2.692,-4.563,11.836,24.048,16.922,22.209,27.286,26.276,23.272,27.051,26.08,NA,17.122,20.242,9.332,5.283,13.292,20.278,18.32,28.304,26.64,27.645,32.5,27.05,18.614,23.422,25.465,-8.245,NA,NA,2.293,26.852,NA,NA,18.99,39.31,29.139,27.514,26.984,23.152,21.492,15.476,15.06,-5.221,-1.4,-9.795,19.601,26.635,19.57,18.092,26.905,18.448,28.481,29.101,27.756,21.892,5.886,17.029
"1929-06",2.157,3.874,2.326,13.107,26.86,20.435,24.253,27.832,27.266,22.286,27.101,25.531,NA,15.61,17.952,8.062,8.266,16.446,27.746,21.595,30.232,26.573,26.765,35.265,26.4,17.524,22.35,24.026,0.383,NA,NA,7.508,31.563,NA,NA,21.488,43.939,29.286,27.363,26.099,20.978,19.946,14.039,14.044,-7.928,-2.218,-0.376,20.939,26.449,18.679,19.426,26.344,17.102,27.469,28.685,27.276,20.542,5.082,17.149
"1929-07",4.328,6.485,5.056,14.599,27.889,22.543,24.897,27.416,27.509,21.565,26.782,25.132,NA,15.169,18.131,7.146,10.571,19.749,30.371,25.699,30.442,26.438,25.974,34.11,25.464,16.97,22.058,23.478,1.84,NA,NA,11.202,34.43,NA,NA,23.875,44.801,27.808,27.05,25.389,20.385,18.844,13.129,13.037,-8.261,-3.895,0.294,22.056,26.076,17.916,20.94,25.607,16.288,26.276,27.799,26.661,19.795,4.4,17.127
"1929-08",4.399,6.696,5.454,15.817,28.115,23.489,25.578,27.733,27.696,21.414,27.316,25.019,NA,14.539,17.185,6.719,11.589,19.607,30.009,26.423,29.301,26.45,24.638,31.473,25.267,16.879,22.376,23.456,0.779,NA,NA,12.621,33.281,NA,NA,25.003,42.812,27.336,26.872,25.39,20.05,19.256,12.99,12.865,-9.468,-3.897,-0.653,22.926,25.771,17.551,21.813,25.363,15.493,26.049,27.411,26.564,19.43,4.089,17.1
"1929-09",0.933,3.155,3.031,15.903,28.129,21.821,25.906,27.508,27.521,21.583,27.298,25.098,NA,14.235,17.992,7.13,9.419,18.172,23.546,23.893,30.409,26.315,25.109,33.84,25.46,16.61,22.796,23.491,-1.745,NA,NA,11.103,29.988,NA,NA,24.156,41.678,27.541,27.029,25.926,20.078,20.205,13.17,13.163,-7.898,-3.943,-6.369,23.104,25.588,17.481,21.586,25.38,15.385,25.964,27.15,26.432,19.405,4.117,16.893
"1929-10",-3.941,-3.566,-4.441,14.813,26.491,19.98,24.751,27.154,27.142,22.01,27.171,25.737,NA,14.777,18.632,8.886,6.768,14.177,14.944,21.044,27.476,26.324,25.816,31.983,26.126,17.016,23.329,24.22,-9.875,NA,NA,5.43,23.31,NA,NA,21.704,34.744,27.951,27.143,26.901,20.01,21.077,13.496,13.938,-6.93,-1.365,-13.915,22.297,25.589,17.802,20.654,25.789,15.668,26.4,27.46,26.6,19.698,4.602,16.558
"1929-11",-7.853,-8.783,-8.368,13.13,25.322,16.375,23.198,26.504,26.503,22.427,26.379,26.523,NA,15.848,19.83,10.161,2.941,10.6,7.051,17.261,24.692,26.887,26.689,28.537,27.048,18.052,24.328,25.333,-18.825,NA,NA,-0.944,16.891,NA,NA,17.108,28.19,27.513,27.153,27.396,21.242,22.909,14.224,15.187,-2.892,0.059,-22.197,20.949,25.587,18.623,19.11,26.173,16.597,26.831,27.446,26.788,20.457,5.302,16.232
"1929-12",-12.493,-16.074,-15.157,11.821,21.146,13.243,21.116,26.276,25.627,23.558,25.727,26.043,NA,17.189,22.173,11.644,1.133,8.706,4.387,13.602,21.617,27.499,26.909,26.799,27.256,19.151,24.876,25.968,-24.54,NA,NA,-4.253,12.682,NA,NA,12.108,22.295,25.441,26.715,27.601,22.707,23.947,15.301,16.108,0.558,2.184,-27.559,19.744,25.78,19.738,17.93,26.249,17.915,25.805,26.372,26.601,21.659,6.352,16.188
"1930-01",-13.159,-19.806,-22.812,10.698,19.773,11.824,19.657,25.869,25.055,24.049,25.59,26.068,NA,18.266,22.863,12.869,2.251,7.966,0.295,12.477,21.562,27.587,27.275,26.591,27.216,20.277,25.551,26.612,-23.064,NA,NA,-7.159,9.681,NA,NA,9.783,22.22,24.498,26.175,27.654,24.492,25.588,16.782,17.447,2.753,4.226,-27.181,18.722,25.868,20.864,17.203,26.407,19.194,25.11,24.94,26.43,23.029,7.603,16.454
"1930-02",-14.064,-18.935,-24.464,10.251,19.482,11.251,19.766,25.693,24.296,24.891,25.591,26.121,NA,19.136,23.095,13.462,0.883,7.835,2.692,12.063,21.654,28.014,28.026,27.43,27.365,21.343,25.759,26.561,-27.094,NA,NA,-7.181,12.655,NA,NA,11.133,24.345,25.024,26.086,27.352,24.77,25.929,16.866,18.097,3.007,4.355,-28.383,18.295,26.059,21.339,16.544,26.886,19.922,25.12,25.408,26.83,23.434,8.198,16.567
"1930-03",-15.137,-20.238,-22.077,10.496,20.069,12.122,20.297,26.313,24.514,25.401,25.751,26.161,NA,19.135,23.313,12.506,1.35,8.934,4.066,13.385,24.733,27.353,28.115,28.765,27.726,20.796,25.427,26.505,-24.106,NA,NA,-3.644,13.613,NA,NA,12.209,29.566,26.309,26.619,27.699,24.852,24.363,16.998,17.887,1.006,2.07,-29.963,18.367,26.277,21.187,16.497,26.934,20.164,26.081,26.846,27.312,23.621,7.831,16.652
"1930-04",-9.548,-13.913,-13.711,10.435,21.424,13.804,21.309,27.247,25.255,24.941,26.108,26.192,NA,18.531,21.647,10.306,2.083,10.491,12.22,15.063,26.168,27.519,28.508,30.51,27.525,20.708,24.774,26.014,-19.227,NA,NA,-1.785,19.686,NA,NA,15.974,34.202,28.282,27.021,27.839,23.744,23.163,16.141,17.661,-2.49,1.374,-22.301,19.001,26.584,20.603,17.041,27.064,19.412,27.353,28.772,27.771,22.847,6.947,16.819
"1930-05",-2.566,-3.781,-6.366,11.568,23.829,16.651,22.371,27.736,25.989,23.324,26.56,25.78,NA,17.223,19.409,9.634,4.134,13.47,22.32,18.603,28.232,26.451,27.972,32.922,26.674,19.236,23.166,24.433,-9.724,NA,NA,2.754,26.327,NA,NA,18.541,38.772,29.02,27.288,26.838,22.361,20.949,14.745,16.303,-5.163,-1.118,-11.758,19.807,26.522,19.694,17.937,26.718,18.238,28.014,29.403,27.568,21.663,6.013,16.946
"1930-06",2.392,3.824,1.343,13.532,26.191,20.01,23.529,26.993,26.407,22.221,26.295,25.304,NA,16.504,18.79,8.373,7.407,16.016,27.425,22.819,30.529,26.81,27.036,35.724,26.213,18.249,22.666,23.929,-0.445,NA,NA,8.013,31.48,NA,NA,21.09,44.002,28.72,27.267,25.298,21.809,19.293,14.6,14.121,-6.647,-2.846,-1.041,20.974,26.294,18.674,19.507,26.317,17.04,26.811,28.717,27.124,20.736,5.148,17.176
"1930-07",4.386,5.379,5.05,14.671,27.246,22.522,24.504,27.326,27.028,21.169,26.652,25.116,NA,15.026,17.492,7.258,10.548,19.455,31.495,26.477,30.073,26.454,25.928,33.41,25.616,17.505,22.287,23.256,1.98,NA,NA,11.529,34.212,NA,NA,23.365,44.229,27.707,26.966,25.064,20.783,19.116,13.896,13.755,-9.231,-2.528,0.171,22.094,25.864,17.888,21.158,25.813,16.021,26.087,28.095,26.673,19.848,4.452,17.153
"1930-08",4.554,5.521,5.282,15.963,28.59,23.34,25.465,27.778,27.512,20.715,27.261,24.806,NA,14.357,17.293,6.451,11.132,19.882,28.598,27.213,30.161,26.391,24.702,33.345,25.439,16.937,22.169,23.07,0.687,NA,NA,12.968,33.136,NA,NA,24.978,43.522,27.274,26.805,24.997,20.215,18.872,13.43,13.212,-7.649,-3.28,-0.784,22.93,25.419,17.456,21.994,25.409,15.312,25.752,27.66,26.48,19.557,4.179,17.107
"1930-09",1.824,1.868,1.647,16.517,28.423,22.427,24.907,27.253,27.448,21.026,27.19,25.427,NA,14.284,17.685,7.57,9.81,17.491,23.341,24.558,29.575,26.26,24.983,33.911,25.611,16.57,22.307,23.301,-2.747,NA,NA,10.771,29.66,NA,NA,24.13,40.843,27.312,27.136,25.765,19.916,19.742,13.129,13.99,-7.799,-3.119,-6.04,23.05,25.293,17.513,21.855,25.55,15.24,25.646,27.465,26.422,19.362,4.477,16.913
"1930-10",-2.497,-6.516,-5.818,15.489,26.919,19.666,24.24,26.826,26.791,21.582,27.165,26.04,NA,14.679,18.887,8.881,6.141,13.474,14.215,20.556,28.537,26.44,25.365,32.108,26.145,16.919,23.381,24.282,-10.848,NA,NA,6.397,23.434,NA,NA,21.129,37.067,27.743,27.201,26.856,20.575,20.933,13.775,14.293,-6.18,-1.676,-15.422,22.312,25.214,17.718,20.744,25.953,15.729,26.047,27.566,26.527,19.898,4.747,16.497
"1930-11",-9.842,-13.485,-11.653,13.286,24.864,16.721,22.731,26.179,26.142,22.313,26.793,26.507,NA,15.572,19.949,9.959,4.043,11.38,6.97,17.55,25.101,26.988,26.002,28.576,26.402,17.577,23.97,25.104,-19.472,NA,NA,0.657,16.514,NA,NA,16.736,28.693,27.301,27.077,27.756,20.744,23.3,14.296,15.7,-2.451,0.367,-24.979,20.906,25.237,18.575,19.242,26.034,16.747,26.352,27.013,26.631,20.707,5.429,16.145
"1930-12",-9.463,-14.213,-11.704,11.248,22.456,13.533,21.003,25.853,25.171,23.276,26.05,26.234,NA,16.65,21.602,11.02,0.044,8.547,3.285,15.016,22.092,27.789,26.444,26.632,26.849,18.119,25.09,26.462,-23.977,NA,NA,-4.343,12.884,NA,NA,11.632,21.804,25.605,26.517,27.097,21.981,23.932,15.557,16.76,0.967,2.375,-25.461,19.601,25.362,19.666,17.913,26.131,17.956,25.727,26.116,26.623,22.121,6.587,16.188
"1931-01",-10.37,-18.078,-15.863,9.778,20.279,11.882,19.684,25.737,24.594,24.46,25.597,25.901,NA,18.342,23.519,12.558,0.103,6.886,0.346,13.957,21.799,27.496,26.777,26.306,26.334,19.653,25.414,26.501,-25.597,NA,NA,-5.63,11.152,NA,NA,10.916,21.32,24.333,25.883,26.991,22.984,25.179,16.851,17.69,3.275,4.447,-28.532,18.649,25.597,20.724,17.134,26.039,19.388,24.732,25.665,26.38,23.14,7.929,16.429
"1931-02",-11.28,-18.537,-18.544,10.758,18.818,10.127,19.959,25.245,23.853,25.137,25.861,26.204,NA,19.106,23.645,12.895,-0.649,6.766,-0.833,12.844,23.828,27.54,27.202,26.715,26.958,20.847,25.578,26.36,-27.345,NA,NA,-6.972,12.308,NA,NA,10.209,26.084,25.238,25.799,26.496,23.381,25.056,17.675,18.003,3.355,4.345,-31.52,18.254,26.013,21.396,16.452,26.453,20.124,24.901,25.8,26.816,23.623,8.452,16.548
"1931-03",-11.807,-18.704,-20.498,10.539,20.135,12.373,20.635,25.931,24.265,25.957,25.912,26.004,NA,19.19,22.928,12.662,0.418,7.908,-1.437,12.618,24.776,27.8,27.846,28.556,27.314,20.481,25.224,26.076,-25.653,NA,NA,-2.867,13.168,NA,NA,12.026,29.191,26.573,26.097,27.073,24.335,24.831,17.03,17.887,1.2,2.871,-29.11,18.331,26.343,21.407,16.54,26.828,20.19,25.926,26.651,27.388,23.346,8.064,16.634
"1931-04",-8.253,-9.899,-11.629,10.474,22.388,14.4,21.513,27.16,25.355,24.787,25.809,26.337,NA,18.108,21.238,10.962,1.598,10.839,13.07,15.05,27.098,27.289,28.013,31.577,27.522,19.458,24.592,25.793,-17.951,NA,NA,-2.255,20.666,NA,NA,15.512,34.987,27.869,26.707,26.991,24.369,22.985,16.141,16.612,-0.923,0.297,-20.777,18.899,26.511,20.734,17.153,26.921,19.415,27.253,28.221,27.654,22.818,7.216,16.825
"1931-05",-3.626,-3.505,-4.516,11.206,25.008,17.059,21.803,27.01,26.264,23.657,26.258,25.602,NA,17.125,20.131,9.236,4.521,14.069,19.998,18.402,28.701,26.617,27.064,33.707,27.13,18.818,23.364,24.433,-8.722,NA,NA,2.306,24.998,NA,NA,18.971,39.635,28.787,27.297,26.789,22.935,21.485,15.294,15.48,-4.462,-1.127,-12.724,19.594,26.633,19.671,18.128,26.561,18.202,28.133,29.221,27.663,21.762,6.263,16.976
"1931-06",2.011,3.339,1.683,12.832,27.21,20.205,24.038,27.792,26.908,23.029,26.163,25.649,NA,15.929,18.211,7.449,7.614,16.953,26.178,22.976,30.811,26.919,26.129,35.728,26.14,17.596,22.259,23.633,0.11,NA,NA,7.571,30.497,NA,NA,21.428,43.869,28.566,27.464,25.969,21.695,20.219,14.182,14.359,-6.126,-2.36,-1.14,20.964,26.467,18.604,19.563,25.996,16.997,26.879,28.949,27.252,20.735,5.253,17.167
"1931-07",4.259,6.551,5.797,14.166,28.347,22.81,24.9,27.594,27.235,22.248,26.628,25.11,NA,15.038,17.663,6.863,10.542,18.972,30.202,26.27,29.749,26.435,24.196,32.104,25.182,17.071,21.657,22.691,1.289,NA,NA,11.654,33.839,NA,NA,23.284,43.716,27.664,27.215,25.766,20.758,19.275,13.222,13.306,-6.975,-2.581,0.129,22.097,26.237,17.905,20.926,25.117,15.867,25.686,28.267,26.478,19.782,4.646,17.154
"1931-08",4.459,5.529,6.267,15.458,28.877,23.414,25.822,27.736,27.474,21.902,26.743,24.746,NA,14.497,17.421,6.712,10.879,20.136,29.285,27.092,29.807,25.869,23.338,31.51,24.969,16.5,21.847,22.806,0.803,NA,NA,13.237,34.383,NA,NA,24.844,43.448,27.075,27.219,25.849,20.247,19.679,12.68,13.026,-7.682,-4.729,-0.624,23.033,25.897,17.58,21.697,24.648,15.357,25.485,27.881,26.257,19.536,4.344,17.105
"1931-09",2.355,1.624,3.232,15.662,28.487,22.65,25.398,27.273,27.316,21.814,27.141,24.821,NA,14.419,18.213,7.902,8.135,17.395,24.267,24.721,30.143,25.882,23.669,34.48,25.238,16.495,22.367,23.152,-2.113,NA,NA,11.247,31.14,NA,NA,24.072,41.578,27.43,27.404,26.574,20.124,20.404,13.117,13.236,-7.629,-2.256,-6.234,23.037,25.621,17.597,21.793,24.79,15.268,25.511,27.87,26.302,19.355,4.309,16.906
"1931-10",-4.982,-7.002,-5.768,14.479,26.752,19.512,24.106,26.684,26.822,21.857,27.084,25.647,NA,14.643,18.607,8.608,6.058,14.762,14.47,20.926,28.356,26.459,24.853,31.405,26.075,16.985,23.178,24.135,-11.907,NA,NA,6.055,23.56,NA,NA,21.032,34.847,27.636,27.303,27.554,20.418,21.803,13.234,14.091,-5.289,-1.314,-17.616,22.172,25.487,17.972,20.962,25.57,15.601,25.889,28.032,26.486,19.678,4.741,16.461
"1931-11",-10.731,-11.955,-11.76,12.453,24.289,16.54,22.57,26.633,26.138,22.464,26.394,25.995,NA,15.771,19.675,10.045,2.235,11.129,10.248,17.056,25.063,27.051,26.036,28.731,26.992,18.476,23.901,24.739,-19.18,NA,NA,-1.902,18.596,NA,NA,16.535,28.785,27.035,27.105,27.83,21.372,23.024,13.899,14.944,-2.08,0.249,-23.599,21.068,25.484,18.792,19.246,25.845,16.519,26.277,26.954,26.633,20.491,5.452,16.191
"1931-12",-11.953,-14.736,-15.368,10.677,21.966,14.364,20.491,26.436,25.587,23.531,25.524,26.069,NA,17.117,21.612,11.238,0.963,10.16,5.281,14.357,22.155,27.609,26.532,26.906,26.822,18.886,24.653,25.74,-23.547,NA,NA,-3.735,13.534,NA,NA,12.926,23.066,25.794,26.512,27.457,22.314,24.635,15.18,16.481,0.934,2.27,-25.857,19.765,25.711,19.857,18.104,26.056,17.738,25.817,25.85,26.433,21.701,6.581,16.196
"1932-01",-13.013,-16.395,-19.247,9.974,18.478,10.494,19.053,25.732,24.313,24.733,25.32,26.035,NA,18.782,23.253,12.85,-1.135,6.459,0.641,13.712,22.21,27.859,27.131,26.458,27.239,20.17,25.227,25.939,-26.126,NA,NA,-6.802,11.786,NA,NA,12.036,22.348,25.055,26.172,27.345,23.392,25.313,16.03,17.964,3.35,3.994,-27.714,18.718,25.89,20.759,16.915,26.389,19.004,25.29,25.536,26.511,22.99,7.857,16.433
"1932-02",-14.99,-19.792,-26.265,10.07,18.196,9.521,19.087,25.546,24.041,25.252,25.671,25.65,NA,19.155,23.994,12.767,1.119,6.21,-3.655,10.573,23.277,27.559,27.528,27.219,27.388,20.964,25.878,26.192,-26.091,NA,NA,-4.518,11.219,NA,NA,12.064,26.423,25.81,26.058,26.936,23.995,24.389,17.25,18.273,3.52,4.13,-30.092,18.272,26.265,21.4,16.4,26.529,19.921,25.342,25.903,26.928,23.638,8.447,16.577
"1932-03",-15.827,-15.868,-21.134,8.994,21.13,12.208,20.113,26.383,24.562,25.069,25.59,25.91,NA,18.865,23.711,12.269,0.876,8.149,3.314,12.31,24.099,27.266,28.035,30.427,27.608,20.911,25.089,26.082,-22.239,NA,NA,-6.009,13.569,NA,NA,14.046,28.28,26.571,26.928,27.697,24.375,24.495,16.907,17.817,1.236,2.677,-26.569,18.442,26.417,21.415,16.285,26.787,20.145,26.26,27.222,27.605,23.646,8.025,16.779
"1932-04",-10.291,-8.28,-11.865,9.693,23.134,13.884,20.513,27.186,25.323,25.152,26.252,26.329,NA,18.12,21.332,10.139,0.877,10.485,13.342,14.978,25.295,27.152,28.214,31.65,27.905,20.133,24.793,25.766,-17.815,NA,NA,-2.643,20.566,NA,NA,16.679,32.967,28.243,27.529,27.845,23.821,22.94,16.353,16.263,-1.624,1.445,-22.124,18.897,26.867,20.65,16.782,26.91,19.426,27.722,28.936,28.17,23.026,7.246,16.896
"1932-05",-2.942,-3.665,-6.413,11.757,24.063,16.63,21.873,27.648,25.77,24.427,26.275,25.794,NA,17.518,20.785,8.445,5.094,13.145,19.156,17.012,28.153,26.241,27.536,32.534,27.862,18.699,23.217,24.846,-7.268,NA,NA,2.441,24.504,NA,NA,19.746,38.143,29.636,27.949,27.469,22.889,21.622,15.158,15.52,-2.968,-1.23,-9.276,19.957,26.915,19.749,17.744,26.454,18.298,28.422,29.963,28.116,21.819,6.166,17.124
"1932-06",2.381,3.592,1.646,12.897,26.242,19.698,23.554,27.369,26.585,23.083,26.27,25.446,NA,16.569,18.737,8.03,7.432,16.138,27.737,21.787,30.167,26.968,27.407,34.41,26.721,17.884,22.628,24.028,-0.058,NA,NA,7.257,31.092,NA,NA,21.735,43.675,29.701,27.726,26.096,21.326,19.486,13.908,13.917,-5.332,-3.032,-1.04,20.891,26.73,18.853,19.273,26.049,17.073,27.646,29.525,27.404,20.71,5.385,17.235
"1932-07",4.117,5.918,4.738,14.552,27.703,22.635,24.645,27.487,27.053,22.437,26.608,25.093,NA,15.252,17.216,6.802,10.348,18.859,30.401,25.779,30.851,26.611,25.75,32.523,25.488,17.171,21.858,22.93,1.05,NA,NA,11.352,33.519,NA,NA,23.509,44.609,27.864,27.513,25.54,20.37,18.932,13.116,13.42,-6.68,-3.375,0.146,22.154,26.452,18.108,20.883,25.556,16.075,26.05,28.167,26.532,19.706,4.775,17.239
"1932-08",4.317,4.238,5.307,15.583,28.383,23.219,25.62,27.669,27.269,22.084,26.654,24.742,NA,14.631,17.692,7.153,10.777,18.913,29.179,26.621,30.853,26.374,24.612,33.973,24.906,16.84,22.035,22.766,1.046,NA,NA,11.911,33.828,NA,NA,25.078,44.015,27.271,27.364,25.694,20.108,19.467,12.812,13.228,-7.144,-5.06,-1.13,23.093,26.119,17.734,21.92,25.133,15.557,25.175,27.985,26.236,19.4,4.487,17.216
"1932-09",1.05,-0.157,0.971,15.908,28.1,22.599,24.944,27.52,27.271,21.707,27.059,24.901,NA,14.386,18.425,7.658,8.436,17.481,23.928,24.109,31.058,26.158,24.339,34.448,25.097,16.659,22.769,23.436,-1.879,NA,NA,10.492,30.785,NA,NA,23.963,42.301,27.274,27.314,26.326,20.372,20.547,12.994,13.588,-7.814,-4.576,-7.939,23.242,25.803,17.659,22.029,25.071,15.468,25.374,27.82,26.352,19.566,4.296,16.942
"1932-10",-3.958,-4.913,-3.911,14.558,27.092,19.673,24.512,27.193,27.01,21.962,26.784,25.54,NA,14.565,19.257,8.132,4.709,14.723,15.522,20.477,28.708,26.236,25.246,31.292,25.839,17.193,22.974,23.801,-8.464,NA,NA,5.952,23.819,NA,NA,21.44,36.009,27.603,27.226,27.004,20.64,21.051,13.403,13.962,-5.975,-3.763,-14.51,22.517,25.703,17.926,20.867,25.568,15.721,25.919,27.768,26.553,19.832,4.646,16.552
"1932-11",-9.285,-11.386,-9.923,13.357,23.577,16.694,23.011,26.749,26.391,22.52,26.462,25.963,NA,15.502,20.647,9.293,2.822,11.311,8.523,16.962,24.662,27.159,26.18,28.343,26.87,17.843,23.838,24.781,-15.951,NA,NA,0.183,17.263,NA,NA,16.341,28.443,27.169,27.044,27.464,22.053,22.726,14.097,15.466,-2.141,-0.512,-22.769,21.269,25.607,18.533,19.365,25.944,16.7,26.401,26.849,26.819,20.634,5.356,16.266
"1932-12",-11.296,-15.697,-14.844,12.587,21.23,13.195,21.951,26.013,25.411,23.425,25.947,25.977,NA,16.898,21.663,10.75,1.851,8.952,5.149,14.686,21.925,27.526,26.641,27.014,27.027,18.918,24.88,25.818,-20.071,NA,NA,-3.152,13.783,NA,NA,11.817,23.19,25.517,26.485,28.231,22.899,24.347,15.25,17.149,0.621,1.756,-26.827,19.88,25.69,19.624,18.051,26.11,17.875,25.652,25.888,26.546,21.706,6.472,16.21
"1933-01",-14.314,-19.4,-21.581,11.03,20.138,11.671,21.103,25.764,24.703,24.184,25.671,25.942,NA,18.31,23.005,12.305,-0.067,7.979,-0.619,12.907,21.268,27.553,27.089,26.885,26.827,20.041,25.502,26.49,-23.731,NA,NA,-4.56,10.856,NA,NA,11.243,22.54,24.824,26.06,27.241,23.471,24.39,16.365,17.812,2.782,3.653,-27.864,18.895,25.758,20.691,17.059,26.358,19.115,25.312,25.291,26.659,23.109,7.525,16.38
"1933-02",-13.4,-22.5,-22.135,10.609,19.781,10.535,20.406,25.655,24.338,25.04,25.764,25.74,NA,19.226,23.489,12.76,-0.425,6.562,-2.08,12.996,23.692,27.609,27.431,27.363,27.597,20.499,25.826,26.725,-25.239,NA,NA,-4.967,11.335,NA,NA,12.289,27.305,25.588,26.183,27.252,24.651,24.51,17.212,18.443,2.716,3.978,-30.397,18.435,25.963,21.256,16.471,26.622,19.852,25.345,25.782,26.836,23.721,8.068,16.531
"1933-03",-14.557,-20.26,-20.464,10.044,20.659,11.459,20.781,26.405,24.915,25.147,26.275,25.988,NA,18.854,22.399,12.353,0.973,8.736,1.629,13.294,24.246,27.578,28.057,29.424,27.457,20.551,25.135,26.453,-28.964,NA,NA,-4.459,14.732,NA,NA,14.014,30.042,26.835,26.225,27.173,24.317,24.791,16.702,18.433,0.927,1.667,-32.337,18.487,26.289,21.323,16.538,26.99,20.115,26.376,26.988,27.418,23.404,7.741,16.527
"1933-04",-11.031,-12.894,-18.232,10.389,22.212,13.861,21.377,27.166,25.541,23.943,26.208,26.055,NA,18.32,20.801,10.987,1.868,11.033,11.033,15.395,26.425,27.047,28.046,31.214,27.445,20.312,24.418,25.653,-19.509,NA,NA,-1.489,19.023,NA,NA,16.74,33.557,27.932,27.059,27.285,24.737,23.428,16.033,17.514,-2.094,0.099,-23.987,19.132,26.469,20.7,16.883,27.032,19.302,27.751,28.317,27.966,22.796,7.061,16.767
"1933-05",-5.028,-5.985,-7.815,11.638,24.111,16.703,22.788,27.396,26.097,22.95,26.53,25.852,NA,17.428,20.189,9.27,6.622,13.618,18.376,17.925,28.279,26.655,27.535,32.695,27.641,18.772,23.259,25.038,-8.321,NA,NA,2.452,25.422,NA,NA,19.85,39.515,29.734,27.492,26.857,23.632,21.743,15.223,16.026,-5.144,-1.399,-12.153,20.01,26.587,19.697,17.787,26.509,18.235,28.772,29.475,27.979,21.835,5.983,17.002
"1933-06",1.657,2.801,1.322,13.045,26.407,20.321,24.229,27.337,26.733,22.048,26.38,25.257,NA,15.768,18.181,7.622,8.014,16.546,28.611,21.63,30.175,26.844,27.083,35.351,26.244,17.55,22.211,23.721,-0.545,NA,NA,7.759,31.249,NA,NA,21.897,43.095,28.69,27.49,26.015,22.791,20.368,14.471,14.628,-7.119,-3.264,-1.097,20.992,26.415,18.713,19.288,26.091,17.167,27.137,28.557,27.147,20.636,5.211,17.144
"1933-07",3.255,5.431,4.988,14.483,27.714,22.788,24.878,27.396,27.181,21.27,26.54,24.828,NA,15.183,17.416,7.599,10.998,19.424,32.821,25.374,28.904,26.537,25.692,30.448,25.02,16.696,21.704,22.819,1.949,NA,NA,11.456,34.813,NA,NA,24.08,43.328,27.763,27.203,25.759,21.455,19.164,13.335,13.708,-7.152,-5.108,0.19,22.034,26.028,18.087,20.754,25.387,16.07,25.788,28.112,26.479,19.706,4.616,17.12
"1933-08",3.245,4.825,5.107,15.752,27.913,23.248,25.233,27.486,27.41,21.223,27.051,24.481,NA,14.588,17.411,6.724,10.989,19.314,28.462,26.786,29.453,26.238,24.248,31.701,24.435,16.677,22.011,22.683,0.898,NA,NA,12.66,33.163,NA,NA,24.995,43.035,27.303,27.301,25.772,20.658,19.051,12.643,12.958,-7.811,-3.683,-0.805,22.967,25.796,17.617,21.641,25.085,15.406,25.34,27.993,26.117,19.274,4.425,17.119
"1933-09",0.031,-0.046,1.175,16.05,27.787,22.394,25.375,27.278,27.2,21.248,26.987,24.823,NA,14.432,17.845,7.88,9.328,17.403,21.872,23.214,30.23,26.157,24.682,33.401,24.429,16.626,22.399,22.923,-1.832,NA,NA,10.491,28.598,NA,NA,24.11,41.227,27.292,27.275,26.356,20.472,19.965,12.946,13.145,-6.867,-3.881,-8.61,23.158,25.55,17.564,21.645,25.235,15.379,25.239,28.07,26.155,19.303,4.453,16.861
"1933-10",-5.317,-6.873,-5.042,14.706,26.975,20.123,24.565,27.133,26.963,21.522,27.083,25.659,NA,14.676,18.988,8.717,6.49,14.539,15.716,20.477,28.962,26.246,25.782,31.001,25.215,16.919,23.272,23.946,-9.494,NA,NA,6.753,23.745,NA,NA,21.195,36.096,27.646,27.35,27.39,21.04,21.287,13.524,13.684,-5.576,-2.437,-18.479,22.372,25.453,17.927,20.563,25.751,15.863,25.566,27.568,26.203,19.87,4.713,16.455
"1933-11",-10.619,-13.202,-12.727,12.798,24.225,16.634,22.546,26.934,26.391,22.202,25.871,26.055,NA,15.495,20.416,10.022,4.181,11.434,6.977,16.863,26.071,26.91,26.809,28.121,26.476,17.483,23.574,24.604,-18.418,NA,NA,0.364,16.924,NA,NA,16.187,28.883,27.199,26.909,27.75,21.77,23.201,14.094,15.154,-1.959,-0.299,-23.659,21.235,25.551,18.683,19.117,26.088,16.705,26.13,27.224,26.483,20.635,5.458,16.202
"1933-12",-12.281,-15.267,-17.852,11.435,21.828,13.638,20.669,26.4,25.359,23.426,25.244,25.758,NA,16.995,22.381,11.958,1.597,8.94,1.542,13.322,23.424,27.572,27.214,26.089,26.691,18.556,24.746,25.814,-24.082,NA,NA,-3.866,14.473,NA,NA,13.369,25.147,26.155,26.459,27.152,22.262,24.121,15.179,16.258,0.917,2.004,-27.02,19.814,25.682,19.658,17.849,26.289,18.043,25.739,26.311,26.612,21.866,6.723,16.191
"1934-01",-14.494,-21.704,-22.755,10.388,20.471,12.259,20.452,25.609,24.168,24.048,25.253,26.257,NA,18.139,22.988,13.612,0.429,8.044,2.502,12.63,21.352,27.833,27.337,25.475,26.43,19.905,25.049,26.156,-26.553,NA,NA,-4.107,12.239,NA,NA,11.226,21.073,25,26.06,27.309,23.814,25.223,17.089,17.732,3.437,4.114,-30.665,18.831,25.923,20.792,16.921,26.503,19.264,24.765,25.708,26.397,23.015,7.984,16.337
"1934-02",-14.955,-16.554,-24.369,10.858,20.095,10.834,20.353,25.819,24.413,24.6,25.802,26.348,NA,18.735,24.201,13.796,-0.259,6.888,4.131,12.601,23.502,27.692,27.957,26.459,26.68,21.046,26.119,26.646,-25.698,NA,NA,-5.974,13.731,NA,NA,10.827,26.512,25.57,25.625,26.775,24.963,25.226,17.401,18.493,3.258,4.51,-28.443,18.469,26.122,21.277,16.488,26.749,20.447,25.039,25.698,26.697,23.669,8.511,16.627
"1934-03",-14.685,-13.512,-23.116,10.827,20.305,10.937,20.519,26.493,24.616,24.723,25.798,26.19,NA,18.629,23.383,12.73,1.317,8.181,4.561,12.75,24.659,27.812,28.199,28.573,27.19,21.222,25.511,26.365,-22.509,NA,NA,-4.634,14.331,NA,NA,13.031,29.182,26.647,26.098,26.885,24.821,24.337,17.433,18.18,0.913,3.134,-27.023,18.637,26.313,21.251,16.342,27.041,20.436,26.284,26.759,27.311,23.594,8.126,16.745
"1934-04",-12.196,-12.186,-17.102,11.018,22.03,13.3,21.528,27.253,25.305,24.248,26.154,26.403,NA,17.606,21.873,11.001,3.282,10.534,14.2,15.267,26.407,27.187,28.059,29.482,27.15,19.67,24.795,26.31,-16.33,NA,NA,-1.035,19.423,NA,NA,16.64,33.581,27.988,27.014,27.416,24.66,22.703,16.826,17.19,-1.356,0.59,-21.539,19.132,26.646,20.666,16.774,27.025,19.622,27.49,28.377,27.834,23.116,7.226,16.882
"1934-05",-5.518,-2.936,-6.843,11.899,23.867,16.813,22.124,27.51,25.94,23.066,26.836,25.919,NA,16.699,20.419,9.482,5.907,13.673,21.526,18.263,27.94,26.863,27.535,32.785,26.708,18.544,23.44,25.124,-7.064,NA,NA,3.217,26.752,NA,NA,19.525,39.328,29.292,27.521,26.621,23.752,21.263,15.732,15.856,-4.846,-1.812,-12.267,19.874,26.706,19.623,17.727,26.83,18.484,28.381,29.293,27.876,21.92,6.087,17.019
"1934-06",1.473,3.789,0.812,13.322,26.364,20.254,23.563,27.171,26.653,22.41,26.715,25.53,NA,15.809,18.853,7.886,8.15,17.09,27.189,23.444,29.408,26.912,26.914,33.638,26.157,17.625,22.526,23.67,0.26,NA,NA,7.91,31.961,NA,NA,21.674,44.162,29.404,27.375,25.92,22.166,19.566,14.189,14.883,-6.647,-3.148,-0.914,20.911,26.619,18.759,19.236,26.279,17.209,27.602,28.742,27.425,20.742,5.28,17.197
"1934-07",3.358,5.723,4.328,14.85,27.458,22.747,24.836,27.514,27.202,21.934,26.583,24.874,NA,14.914,17.758,6.642,10.374,19.179,32.066,26.748,30.355,26.612,25.31,33.706,25.314,16.531,21.606,23.193,1.535,NA,NA,10.758,34.545,NA,NA,23.454,44.881,28.535,27.1,25.29,21.23,18.462,12.986,13.331,-7.54,-3.992,0.181,22.223,26.426,17.965,20.654,25.323,16.17,26.553,28.565,26.993,19.938,4.558,17.159
"1934-08",3.756,5.643,4.96,16.167,28.338,23.401,25.66,27.515,27.272,21.731,26.745,24.295,NA,14.582,18.483,6.941,11.225,19.602,29.809,27.167,30.335,26.305,24.386,32.748,25.039,16.316,21.486,22.593,1.056,NA,NA,12.573,33.534,NA,NA,25.184,43.621,27.561,27.089,25.287,20.466,18.806,12.762,12.533,-9.034,-4.611,-0.386,23.076,26.184,17.59,21.558,24.739,15.73,25.816,27.809,26.53,19.391,4.36,17.147
"1934-09",0.84,1.036,1.153,16.566,27.835,22.414,25.328,27.548,27.294,21.925,26.81,24.574,NA,14.179,17.909,7.193,9.307,17.349,21.746,24.707,29.346,26.337,24.611,33.693,25.224,15.986,22.534,23.162,-0.919,NA,NA,10.949,29.337,NA,NA,24.16,41.367,27.94,27.088,25.862,20.343,20.06,13.286,13.176,-6.597,-4.986,-5.546,23.188,25.94,17.553,21.497,24.991,15.438,25.808,28.195,26.69,19.631,4.334,16.967
"1934-10",-5.057,-7.425,-6.129,15.848,25.488,18.72,24.452,26.869,26.834,21.868,26.739,25.102,NA,14.407,18.926,8.154,6.036,13.83,16.883,20.218,28.872,26.336,25.465,31.378,26.276,16.975,23.57,24.124,-8.241,NA,NA,5.586,24.733,NA,NA,21.205,36.039,28.004,27.081,27.03,21.033,21.814,13.67,14.276,-5.442,-3.398,-15.365,22.469,25.889,17.773,20.467,25.352,15.645,26.218,28.074,26.935,20.199,4.759,16.563
"1934-11",-9.783,-11.093,-10.724,14.04,24.33,16.862,22.852,26.746,26.254,22.583,26.321,25.619,NA,15.723,19.84,9.961,2.881,11.368,9.895,16.706,25.177,27.091,26.252,28.784,27.491,17.146,23.995,25.289,-15.637,NA,NA,-0.395,19.058,NA,NA,16.263,28.32,27.099,26.923,27.618,21.784,23.252,13.97,15.521,-1.606,-0.878,-22.14,21.189,25.958,18.714,19.028,25.827,16.567,26.336,27.256,27.009,20.97,5.439,16.273
"1934-12",-12.266,-19.785,-18.662,12.482,21.856,13.43,21.59,26.135,25.338,23.617,25.564,25.993,NA,17.322,21.746,11.199,2.677,9.122,1.559,12.863,21.848,27.652,26.565,26.79,27.583,18.641,24.759,25.718,-21.513,NA,NA,-2.193,11.939,NA,NA,13.805,22.435,25.354,26.637,27.738,22.766,24.247,15.175,16.772,1.103,1.952,-24.591,19.889,26.002,19.799,17.875,26.095,17.664,25.513,26.092,26.799,22.085,6.659,16.32
"1935-01",-16.567,-19.57,-24.75,11.984,20.449,11.239,20.811,25.588,24.456,24.669,25.428,25.993,NA,18.698,23.662,11.741,1.499,9.334,1.33,13.165,20.069,27.552,27.084,25.854,27.021,20.149,25.137,26.014,-23.84,NA,NA,-6.499,9.005,NA,NA,11.868,18.327,23.729,26.691,28.66,23.793,25.374,16.307,18.368,3.45,4.251,-29.416,18.976,26.191,20.927,16.798,26.272,18.925,24.217,25.655,26.764,23.06,8.214,16.497
"1935-02",-14.317,-21.089,-24.792,11.527,20.368,12.417,21.004,25.625,24.341,25.48,25.421,26.253,NA,19.182,23.882,12.77,0.947,7.414,2.875,11.922,22.228,27.782,27.917,26.991,26.799,20.992,25.028,25.583,-24.918,NA,NA,-5.596,11.413,NA,NA,10.712,24.078,24.933,26.265,27.658,24,25.306,17.128,19.069,3.686,4.271,-27.038,18.394,26.647,21.565,16.74,26.669,19.777,24.595,25.918,26.989,23.251,8.695,16.746
"1935-03",-11.894,-18.122,-21.77,11.955,21.012,13.112,20.81,26.11,24.569,25.848,25.628,26.261,NA,19.432,22.939,11.697,1.183,7.407,2.329,12.255,24.105,27.382,28.12,28.006,27.891,20.776,25.249,26.188,-24.704,NA,NA,-5.842,12.469,NA,NA,12.907,27.533,25.869,26.818,27.442,24.219,24.131,17.196,18.467,1.146,1.712,-25.243,18.501,26.768,21.532,16.436,27.003,19.917,25.618,27.232,27.783,23.53,8.201,16.866
"1935-04",-10.919,-14.069,-16.852,12.19,22.575,15.136,21.955,27.227,25.316,25.265,26.302,26.168,NA,18.586,21.807,10.426,2.915,10.014,12.329,14.137,26.639,26.851,28.337,31.86,27.603,19.867,24.774,26.08,-18.182,NA,NA,-1.582,18.858,NA,NA,16.609,33.904,27.982,27.695,27.988,23.48,23.022,16.326,17.528,-1.476,0.06,-22.783,19.224,27.028,20.862,17.002,27.132,19.372,27.138,29.06,28.254,23.106,7.215,16.975
"1935-05",-3.581,-4.343,-6.335,12.659,25.054,17.579,22.743,27.911,26.324,24.212,26.867,25.886,NA,17.315,19.581,7.484,6.476,13.384,20.225,17.81,28.265,26.724,27.744,34.242,27.544,18.249,22.952,24.99,-8.165,NA,NA,3.109,25.176,NA,NA,19.032,39.266,29.609,27.784,27.114,22.196,21.73,15.239,16.292,-4.073,-1.225,-11.262,19.988,27.007,19.739,17.81,26.715,18.096,28.245,29.481,28.022,21.951,6.176,17.109
"1935-06",1.945,3.54,1.033,14.355,26.652,20.491,23.663,27.661,26.863,23.238,26.778,25.49,NA,16.564,18.314,7.244,7.36,15.597,29.123,22.492,30.66,26.878,27.346,36.365,26.641,17.585,22.221,23.812,0.082,NA,NA,7.353,32.966,NA,NA,21.527,44.638,29.207,27.668,26.373,21.139,19.637,13.693,14.155,-6.181,-3.284,-0.672,21.102,26.867,18.919,19.37,26.131,16.804,27.182,28.825,27.222,20.712,5.339,17.25
"1935-07",3.721,6.021,4.075,16.016,27.975,22.579,24.857,27.586,27.319,22.508,26.643,24.82,NA,15.353,17.596,7.386,9.52,18.643,32.635,26.715,30.758,26.493,24.247,35.326,25.942,16.178,21.509,23.273,1.917,NA,NA,10.901,35.948,NA,NA,23.283,45.288,27.897,27.276,25.503,21.021,18.889,13.133,13.64,-6.961,-6.854,0.307,22.251,26.565,17.966,20.634,25.16,16.004,26.56,28.12,26.95,20.132,4.655,17.206
"1935-08",3.78,5.365,4.57,16.739,28.429,23.817,25.659,27.819,27.629,21.854,26.809,24.539,NA,14.535,17.412,6.573,10.613,19.424,29.649,26.478,30.153,25.956,23.152,33.541,25.828,15.846,21.904,23.236,1.216,NA,NA,12.389,34.387,NA,NA,24.968,43.384,27.353,27.212,25.547,20.254,19.699,12.724,13.325,-7.244,-5.299,-0.77,23.217,26.262,17.679,21.582,24.562,15.573,25.832,27.702,26.545,19.604,4.508,17.203
"1935-09",1.351,1.414,1.488,17.002,28.291,22.414,25.824,27.578,27.314,21.789,26.927,24.695,NA,14.374,17.419,7.548,9.278,17.122,22.948,23.676,30.665,25.706,24.003,34.506,25.81,16.051,22.469,23.353,-1.625,NA,NA,11.218,30.132,NA,NA,24.164,41.293,27.622,27.394,26.317,19.971,20.979,12.921,13.605,-6.583,-4.362,-6.339,23.441,26.021,17.737,21.574,24.815,15.143,25.846,28.188,26.523,19.522,4.48,17.021
"1935-10",-3.667,-5.679,-4.303,16.434,25.941,19.828,24.918,27.088,26.863,22.166,26.68,25.285,NA,14.853,19.074,8.101,7.014,13.245,15.991,20.301,28.398,25.905,25.147,31.708,26.418,16.06,23.237,24.433,-10.176,NA,NA,6.078,24.455,NA,NA,20.78,35.816,28.178,27.551,27.492,20.248,22.349,13.148,14.376,-4.6,-4.076,-15.828,22.54,25.927,18.077,20.608,25.255,15.741,26.321,28.413,26.751,19.995,4.759,16.613
"1935-11",-6.625,-12.14,-7.808,13.628,23.535,16.073,23.076,26.522,26.345,22.786,26.119,25.899,NA,15.835,20.072,9.987,3.922,10.283,8.401,17.25,25.546,26.481,26.058,28.771,26.71,17.388,23.885,25.172,-16.642,NA,NA,1.43,18.263,NA,NA,15.826,29.671,27.471,27.094,28.027,21.278,23.539,13.956,15.339,-2.691,-1.014,-21.041,21.118,26.008,18.702,19.272,25.66,16.582,26.859,27.212,26.941,20.786,5.444,16.349
"1935-12",-10.59,-17.606,-15.381,11.013,21.57,13.99,21.76,26.373,25.685,23.805,25.4,26.058,NA,17.225,21.725,11.129,0.887,8.25,5,14.945,22.269,27.179,26.231,27.002,27.455,18.603,24.761,25.994,-20.913,NA,NA,-0.994,13.893,NA,NA,12.277,23.242,25.584,26.307,27.687,21.938,24.757,14.743,16.741,0.67,1.619,-27.349,19.833,26.161,19.801,18.129,25.919,17.841,25.879,25.972,26.898,21.808,6.559,16.251
"1936-01",-13.71,-23.376,-25.354,8.629,21.033,13.261,20.406,26.115,24.912,24.512,25.154,26.243,NA,18.514,23.223,12.455,1.916,7.556,0.436,12.614,21.487,27.721,26.825,26.882,27.229,19.684,25.119,26.028,-25.335,NA,NA,-4.782,10.547,NA,NA,12.231,21.291,24.592,26.118,27.284,22.707,24.634,16.139,18.039,3.023,3.809,-29.837,18.929,26.262,20.786,17.012,26.298,19.139,24.973,25.777,26.78,22.69,7.8,16.422
"1936-02",-15.809,-23.059,-27.781,10.015,19.791,12.86,20.387,25.765,24.418,25.138,25.455,26.446,NA,19.094,23.241,12.345,0.75,7.887,0.026,11.878,22.738,27.804,27.392,27.504,27.089,20.328,25.651,26.349,-29.219,NA,NA,-4.691,11.332,NA,NA,11.696,23.979,25.006,25.764,26.945,23.064,25.244,16.555,19.085,3.193,4.207,-28.736,18.473,26.368,21.444,16.695,26.713,20.048,24.983,25.982,27.088,23.383,8.31,16.566
"1936-03",-14.897,-16.032,-24.519,10.469,21.157,12.387,20.81,26.408,24.66,25.457,25.648,26.107,NA,18.807,22.4,11.698,2.139,8.269,4.687,12.458,24.463,27.167,27.988,29.807,27.508,20.456,25.406,26.561,-21.659,NA,NA,-3.162,14.998,NA,NA,13.324,29.1,26.535,26.329,27.214,23.833,24.894,16.386,18.938,0.964,2.872,-25.869,18.597,26.572,21.466,16.438,26.837,20.172,26.282,26.833,27.611,23.44,7.973,16.775
"1936-04",-9.129,-9.174,-12.734,10.478,22.691,15.035,20.948,27.403,25.571,24.734,26.336,26.34,NA,18.286,21.561,11.425,1.668,10.155,13.896,14.802,25.807,26.965,27.883,30.23,27.455,19.91,25.045,26.117,-18.834,NA,NA,-1.979,19.345,NA,NA,16.113,32.639,27.721,27.329,27.907,23.28,23.415,15.596,17.343,-1.732,-0.299,-21.765,19.095,27.029,20.838,17.191,27.084,19.625,27.317,28.838,28.028,23.009,7.063,16.967
"1936-05",-2.521,-3.877,-5.665,11.843,24.38,17.609,22.088,27.378,26.138,23.143,26.395,26.112,NA,17.005,19.411,9.306,3.859,12.379,24.63,17.56,27.886,27.131,27.837,33.425,26.775,18.971,23.451,24.882,-7.673,NA,NA,3.636,27.841,NA,NA,19.866,38.87,29.239,27.635,27.29,22.485,21.844,14.771,15.678,-4.411,-1.646,-11.099,19.856,26.998,19.859,18.008,26.791,18.189,28.393,29.802,28.291,21.966,6.124,17.129
"1936-06",2.109,4.552,1.723,14.067,26.352,20.814,23.939,27.494,27.047,22.636,26.746,25.847,NA,16.435,18.814,8.093,7.381,15.442,28.238,22.447,30.392,26.452,26.624,35.84,26.444,17.935,22.184,23.706,0.001,NA,NA,8.36,31.027,NA,NA,21.621,43.937,28.912,27.545,26.031,21.347,19.95,13.786,13.979,-5.917,-3.459,-0.691,21.137,26.822,18.791,19.409,26.198,17.149,27.26,28.811,27.715,20.735,5.338,17.304
"1936-07",4.175,6.157,4.72,15.378,27.663,23.089,24.924,27.338,27.38,22.435,26.662,25.686,NA,15.654,17.955,7.669,10.48,18.204,32.581,26.688,30.349,26.722,24.78,34.554,26.015,16.975,21.978,23.348,1.726,NA,NA,12.184,35.024,NA,NA,23.98,44.854,27.957,27.108,25.064,20.749,18.66,13.21,12.814,-7.436,-4.039,0.305,22.344,26.658,18.013,20.837,25.596,16.203,26.263,27.896,26.928,19.954,4.794,17.318
"1936-08",4.462,4.934,4.733,16.634,28.572,23.724,25.876,28.084,27.657,22.296,27.022,25.156,NA,15.057,18.37,7.281,11.386,18.816,29.311,25.968,30.19,26.241,23.816,34.365,25.4,16.871,22.435,23.344,0.959,NA,NA,13.67,34.14,NA,NA,25.138,43.979,27.295,26.941,25.129,19.935,19.3,12.998,13.009,-8.819,-3.398,-0.833,23.369,26.504,17.506,21.838,25.083,15.757,25.744,27.478,26.543,19.506,4.342,17.263
"1936-09",1.924,0.396,1.376,17.103,28.306,23.007,25.866,27.554,27.6,22.117,27.212,25.249,NA,14.735,18.458,8.135,9.032,17.707,23.509,23.757,31.347,26.161,24.091,34.864,25.422,16.746,23.051,23.753,-1.983,NA,NA,11.17,30.217,NA,NA,23.919,42.088,27.375,27.045,25.802,20.218,20.235,13.299,13.377,-9.107,-3.207,-6.939,23.359,26.354,17.538,21.938,25.17,15.537,25.787,27.106,26.426,19.487,4.424,17.025
"1936-10",-4.718,-5.769,-5.617,14.66,28.051,20.567,24.492,27.677,27.408,22.242,27.218,25.535,NA,14.89,18.762,8.87,5.842,13.811,16.167,20.828,29.243,26.473,25.203,31.336,26.432,17.022,23.532,24.279,-10.524,NA,NA,7.439,23.794,NA,NA,21.227,36.035,27.987,27.334,26.844,20.523,22.072,13.465,14.011,-5.629,-1.454,-17.113,22.48,26.309,17.896,21.045,25.654,15.752,26.473,27.388,26.706,20.127,4.738,16.641
"1936-11",-9.35,-13.745,-12.626,12.874,24.995,16.873,22.793,27.465,26.734,23.158,26.626,26.289,NA,15.982,20.829,9.948,3.614,10.43,6.244,16.233,24.635,27.308,26.362,28.873,27.113,17.99,23.701,24.518,-20.49,NA,NA,2.082,16.056,NA,NA,18.033,27.129,27.141,27.161,27.672,21.342,23.492,13.733,15.206,-1.694,-0.531,-25.705,21.354,26.47,18.782,19.475,26.092,16.789,26.881,26.845,27.009,20.763,5.497,16.363
"1936-12",-11.47,-17.438,-17.566,11.921,22.533,13.462,21.322,26.932,25.936,24.158,26.17,26.303,NA,17.256,22.538,11.457,1.241,9.272,4.823,14.962,22.239,27.657,27.005,26.567,27.422,19.11,25.008,25.895,-23.245,NA,NA,-2.181,13.522,NA,NA,13.775,22.878,25.799,26.694,27.874,22.024,24.305,14.971,15.941,0.912,2.001,-27.762,19.973,26.678,19.822,17.816,26.382,18.301,26.092,26.207,26.826,21.958,6.587,16.35
"1937-01",-10.531,-18.909,-21.294,10.907,20.668,11.513,20.458,26.457,25.259,24.418,26.175,26.5,NA,18.275,23.804,12.699,0.213,7.048,3.359,13.171,21.597,27.878,27.376,26.438,27.064,20.682,25.529,26.429,-25.97,NA,NA,-4.946,11.503,NA,NA,12.398,21.503,25.083,26.416,27.543,23.228,25.365,16.239,17.457,3.154,4.169,-26.863,19.002,26.762,20.884,16.878,26.582,19.526,25.4,25.72,26.954,23.043,7.958,16.655
"1937-02",-12.741,-16.046,-22.313,11.259,19.949,10.693,20.625,26.384,24.887,25.66,26.352,26.353,NA,19.515,23.668,12.974,0.534,7.063,0.453,12.779,22.11,28.032,28.241,26.958,27.546,21.257,25.728,26.38,-26.796,NA,NA,-6.177,11.578,NA,NA,12.233,24.131,25.431,26.528,27.576,23.596,25.7,17.182,17.649,3.315,4.321,-28.374,18.564,27.028,21.528,16.45,27.165,20.328,25.417,26.127,27.391,23.54,8.472,16.857
"1937-03",-12.965,-17.025,-24.085,11.181,20.583,11.592,20.793,26.606,24.942,26.218,26.754,26.589,NA,19.588,23.139,12.144,1.433,7.919,3.537,13.204,24.557,27.807,28.743,28.73,27.649,21.042,25.471,26.413,-25.713,NA,NA,-4.581,13.987,NA,NA,13.913,30.017,26.626,26.965,27.807,23.946,25.086,17.137,17.234,1.263,3.035,-27.701,18.616,27.166,21.456,16.508,27.394,20.409,26.211,27.578,28.122,23.639,8.164,16.933
"1937-04",-9.607,-9.304,-13.959,11.876,21.573,14.52,21.162,27.418,25.698,25.83,27.466,26.635,NA,18.711,21.76,9.856,2.635,9.697,10.276,14.972,26.267,27.665,28.839,30.619,27.903,20.12,24.946,26.279,-17.182,NA,NA,-2.186,18.557,NA,NA,16.825,33.93,28.158,27.88,28.061,23.686,23.334,16.77,16.336,-1.462,1.059,-21.314,19.286,27.38,20.737,16.841,27.522,19.745,27.485,29.352,28.809,23.13,7.253,17.125
"1937-05",-2.287,-1.932,-4.644,12.929,24.431,18.197,22.646,28.457,26.716,24.97,27.052,26.259,NA,17.419,19.72,9.101,4.786,12.96,19.173,17.765,28.784,27.414,28.682,35.044,27.63,19.61,24.101,25.265,-9.523,NA,NA,2.547,26.396,NA,NA,19.729,40.98,29.821,28.198,27.648,23.036,21.535,15.2,15.214,-4.647,-0.103,-11.358,20.193,27.438,19.772,18.033,27.268,18.414,28.746,30.076,28.562,22.121,6.31,17.318
"1937-06",1.806,3.864,1.025,14.794,26.748,21.1,24.115,27.572,27.12,23.57,26.67,26.267,NA,16.615,17.633,8.681,8.317,16.381,27.914,21.758,30.384,27.491,27.459,37.025,27.382,18.466,22.644,24.306,0.185,NA,NA,7.588,32.18,NA,NA,21.934,44.333,29.456,28.111,26.228,21.746,19.793,13.88,13.873,-5.637,-2.539,-0.751,21.151,27.281,18.818,19.446,26.664,17.25,27.767,29.568,28.07,20.891,5.423,17.416
"1937-07",3.81,6.401,4.361,15.717,27.463,23.345,24.949,27.84,27.526,22.754,26.909,25.772,NA,15.551,17.559,7.916,11.255,19.131,32.305,25.639,30.675,26.911,25.114,32.784,26.51,17.053,22.261,23.773,2.04,NA,NA,11.15,34.927,NA,NA,24.545,45.215,28.162,27.653,25.641,20.791,19.373,13.262,13.516,-7.494,-2.732,0.331,22.288,26.916,17.981,20.814,26.004,16.608,26.918,28.494,27.337,20.056,4.769,17.391
"1937-08",3.966,5.644,5.044,16.816,28.111,23.698,26.207,28.324,27.792,22.366,27.265,25.678,NA,14.715,17.891,7.189,12.081,19.19,29.763,26.2,31.007,26.647,24.034,33.245,25.847,16.798,21.963,23.062,1.197,NA,NA,12.51,33.749,NA,NA,25.05,44.369,27.815,27.327,25.608,19.916,19.573,12.559,12.791,-7.731,-3.039,-1.09,23.323,26.573,17.603,21.609,25.571,15.944,26.096,27.948,26.919,19.446,4.375,17.295
"1937-09",1.892,2.155,1.211,16.708,28.414,22.982,25.576,28.122,27.482,22.465,27.301,25.667,NA,14.632,18.213,7.979,10.159,17.402,20.635,24.129,31.041,26.698,24.259,34.851,25.913,16.693,22.447,23.389,-2.96,NA,NA,10.156,27.508,NA,NA,24.495,41.211,27.655,27.143,26.086,20.321,20.117,12.965,13.247,-8.949,-2.965,-4.83,23.529,26.344,17.548,21.724,25.636,15.742,26.004,27.649,26.761,19.422,4.514,17.123
"1937-10",-4.069,-6.346,-5.636,15.449,25.553,19.627,23.739,27.089,26.91,22.799,27.366,26.184,NA,15.024,19.27,8.878,6.991,14.224,14.969,20.461,28.53,26.864,25.968,31.557,26.621,17.503,23.941,24.54,-9.075,NA,NA,6.113,23.072,NA,NA,21.548,36.18,28.576,27.533,27.023,20.984,21.224,13.58,13.627,-5.601,-1.603,-15.849,22.604,26.443,17.775,20.604,26.153,16.049,26.855,28.241,26.792,20.09,4.793,16.756
"1937-11",-8.872,-11.443,-10.594,13.772,23.928,16.705,22.465,27.015,26.351,23.393,26.792,26.488,NA,15.698,20.484,9.989,4.277,11.758,9.251,17.032,25.151,27.921,26.495,28.884,27.432,17.643,24.513,25.839,-20.501,NA,NA,-2.369,16.716,NA,NA,17.067,27.76,27.584,27.554,28.179,21.526,23.019,14.453,14.369,-1.649,-0.429,-23.382,21.304,26.393,18.737,19.353,26.513,16.867,26.714,27.683,27.095,21.061,5.48,16.453
"1937-12",-9.539,-14.753,-16.691,11.016,22.227,14.323,21.237,26.559,25.692,23.946,25.812,26.529,NA,17.221,22.238,11.988,2.687,9.478,3.841,14.324,21.529,28.304,26.929,27.291,27.735,18.814,25.212,26.279,-17.783,NA,NA,-4.303,12.505,NA,NA,12.979,21.521,25.652,27.1,28.07,22.707,24.408,15.449,16.105,0.973,2.071,-21.114,19.949,26.318,19.831,18.09,26.619,18.116,25.969,26.548,27.077,22.065,6.654,16.565
"1938-01",-11.184,-15.355,-20.98,11.811,20.677,10.718,20.452,26.145,25.003,24.786,25.548,26.282,NA,18.388,23.747,12.749,1.306,7.481,-1.795,12.81,21.397,27.935,27.262,27.125,27.624,19.701,25.412,26.646,-22.296,NA,NA,-5.893,8.543,NA,NA,10.434,21.009,24.913,26.478,27.82,23.868,25.015,16.823,17.34,3.347,4.4,-26.515,19.008,26.322,21.018,16.899,26.546,19.611,25.593,25.763,26.843,23.001,7.888,16.635
"1938-02",-13.16,-16.093,-20.137,11.864,20.334,10.469,20.328,26.134,24.583,25.531,26.039,26.489,NA,18.896,23.72,13.44,0.138,7.279,-1.914,12.436,23.084,28.172,27.805,27.419,27.953,20.396,25.981,27.225,-26.745,NA,NA,-5.356,11.409,NA,NA,10.657,25.945,25.987,26.057,27.496,24.801,25.692,17.228,17.914,3.684,4.302,-28.738,18.561,26.539,21.615,16.462,27.122,20.307,25.827,25.774,27.022,23.828,8.534,16.775
"1938-03",-14.92,-14.955,-22.686,11.405,21.06,12.642,20.429,26.718,25.229,25.686,26.273,26.594,NA,19.089,22.978,12.987,1.806,8.825,6.525,13.978,25.095,27.937,28.414,28.886,28.178,20.562,25.937,27.309,-22.193,NA,NA,-4.633,16.786,NA,NA,13.725,30.665,26.829,26.435,27.252,24.53,24.231,16.799,17.62,1.203,3.036,-26.984,18.505,26.794,21.558,16.713,27.381,20.305,26.529,26.923,27.52,23.648,8.215,16.919
"1938-04",-9.132,-10.484,-15.326,11.549,22.48,14.329,21.007,27.428,25.84,24.61,27.011,26.636,NA,18.257,21.672,11.375,3.005,9.671,11.375,14.889,27.116,27.424,28.407,30.046,28.016,20.27,25.185,26.565,-18.555,NA,NA,-2.843,19.345,NA,NA,16.138,35.276,28.333,27.26,27.285,24.401,22.954,16.067,16.274,-0.864,-0.57,-19.083,19.033,26.911,20.805,17.111,27.404,19.518,27.885,28.663,28.264,23.263,7.261,17.065
"1938-05",-3.195,-3.137,-5.473,12.899,24.111,16.802,22.141,27.521,26.695,23.245,27.31,26.414,NA,16.914,19.736,9.65,4.577,13.112,19.767,18.127,28.18,27.046,28.058,31.904,27.099,19.297,24.122,25.253,-7.684,NA,NA,2.374,25.692,NA,NA,19.242,39.619,29.777,27.892,26.749,23.29,21.546,15.586,15.463,-3.98,-1.288,-10.326,19.811,26.864,19.665,18.284,27.075,18.393,28.829,29.882,28.149,22.091,6.272,17.204
"1938-06",2.08,4.934,1.816,14.41,26.919,20.295,24.118,27.907,27.298,21.953,27.228,26.066,NA,15.325,17.726,7.538,7.276,16.379,27.588,23.118,29.163,27.246,26.839,33.706,26.761,17.951,22.64,24.294,0.076,NA,NA,7.045,31.429,NA,NA,21.761,43.341,29.681,27.609,25.611,22.093,19.93,14.763,14.148,-6.404,-1.876,-1.028,21.031,26.716,18.649,19.721,26.691,17.12,28.02,29.585,27.745,20.961,5.421,17.346
"1938-07",4.305,6.419,4.349,15.71,28.252,23.147,25.227,27.59,27.68,21.409,26.772,25.457,NA,14.878,18.043,6.897,9.66,18.08,32.841,26.054,30.434,26.952,25.332,35.027,25.635,17.022,22.406,23.702,1.44,NA,NA,10.903,34.81,NA,NA,23.812,45.122,28.364,27.099,24.917,21.312,19.065,13.604,13.502,-6.841,-3.157,0.178,22.226,26.307,17.797,21.329,25.852,16.181,26.494,28.419,27.111,20.168,4.78,17.314
"1938-08",4.48,6.221,5.305,16.381,28.32,23.966,25.546,27.634,27.769,21.347,27.086,24.98,NA,14.676,17.899,6.896,10.058,19.732,28.653,27.075,29.566,26.521,23.65,32.943,25.3,16.3,22.222,23.361,0.836,NA,NA,12.831,33.2,NA,NA,25.354,43.319,27.55,26.991,25.044,20.752,19.206,13.143,13.468,-8.401,-4.161,-0.756,23.132,25.924,17.435,22.364,25.164,15.665,25.968,27.621,26.814,19.784,4.378,17.247
"1938-09",2.201,2.893,1.599,17.057,28.297,22.92,25.475,27.631,27.79,21.549,27.238,24.963,NA,14.424,18.414,7.855,8.325,16.924,24.073,24.214,29.781,26.295,24.406,34.093,25.502,16.323,22.917,23.806,-1.153,NA,NA,10.393,30.462,NA,NA,24.662,41.968,28.149,27.383,25.676,20.362,20.19,12.973,13.709,-7.893,-3.446,-4.969,23.266,25.715,17.42,22.137,25.207,15.528,26.091,28.173,26.964,19.771,4.375,17.081
"1938-10",-2.902,-4.183,-5.999,16.859,26.511,19.325,24.189,27.032,27.206,21.908,27.183,25.52,NA,14.835,18.621,9.174,5.109,14.041,16.4,20.895,28.39,26.55,25.637,31.958,26.367,17.144,23.521,24.239,-9.3,NA,NA,6.037,24.705,NA,NA,21.183,35.981,28.092,27.304,27.015,21.176,21.665,13.354,14.313,-6.73,-2.329,-16.622,22.476,25.615,17.765,20.947,25.726,15.789,26.314,27.925,27.07,20.185,4.802,16.599
"1938-11",-8.256,-12.941,-12.369,13.507,24.836,17.19,22.709,26.93,26.694,22.593,26.476,26.396,NA,16.201,20.036,10.754,3.147,10.758,12.214,17.552,25.048,27.569,26.375,28.647,27.256,17.697,23.811,24.888,-18.548,NA,NA,1.179,19.847,NA,NA,16.536,28.871,27.67,27.195,27.498,21.695,22.464,13.693,15.119,-3.309,-0.063,-20.636,21.11,25.652,18.601,19.533,26.204,16.784,26.641,27.585,27.291,20.924,5.453,16.374
"1938-12",-10.247,-18.285,-15.953,11.605,21.964,12.7,21.389,26.448,25.784,23.338,25.871,26.044,NA,17.849,21.981,12.442,1.32,8.509,4.368,15.042,23.788,27.969,27.034,26.585,27.372,18.572,25.086,26.346,-21.551,NA,NA,-0.839,15.289,NA,NA,12.483,24.896,25.482,26.307,27.782,22.762,24.296,15.245,16.533,0.616,2.061,-24.595,19.911,25.612,19.692,17.976,26.52,17.993,25.696,25.665,26.878,22.18,6.511,16.319
"1939-01",-13.566,-18.955,-22.307,10.691,20.206,12.027,20.135,25.853,24.965,23.694,25.459,26.028,NA,18.858,23.236,13.497,0.707,7.174,1.141,12.129,21.811,28.18,27.172,25.914,27.105,19.754,25.343,26.595,-24.9,NA,NA,-3.545,12.557,NA,NA,11.342,22.286,24.691,26.02,27.324,23.934,24.828,16.084,17.798,2.762,4.017,-29.456,18.915,25.71,20.808,17.103,26.575,19.467,25.068,25.186,26.722,23.096,7.827,16.455
"1939-02",-11.345,-17.921,-24.82,10.767,19.597,10.374,20.377,26.047,24.636,24.648,25.505,25.881,NA,19.2,22.894,13.313,1.624,6.111,-2.943,11.415,22.602,27.57,27.677,26.995,27.17,20.423,25.367,26.58,-23.044,NA,NA,-3.689,10.998,NA,NA,11.707,24.841,25.415,25.925,27.43,24.408,25.472,16.744,18.891,3.102,4.017,-23.011,18.593,26.115,21.415,16.509,26.735,19.999,25.191,25.294,27.042,23.483,8.388,16.774
"1939-03",-13.315,-19.048,-21.739,10.792,20.65,12.912,20.782,26.413,24.693,24.697,25.827,26.274,NA,19.093,23.169,12.261,1.071,7.32,-2.24,12.988,24.317,27.599,28.385,28.787,27.745,21.23,25.815,26.381,-22.742,NA,NA,-3.852,12.469,NA,NA,13.467,29.737,26.918,26.375,27.822,25.635,24.251,16.28,18.001,0.501,2.47,-26.186,18.594,26.238,21.356,16.447,27.107,20.161,26.408,26.722,27.535,23.62,8.09,16.823
"1939-04",-9.837,-11.546,-13.89,11.079,21.422,14.308,21.202,27.062,25.296,24.14,26.56,26.098,NA,17.988,20.819,10.81,3.138,10.298,9.574,14.51,26.524,26.761,28.215,31.735,27.324,20.034,24.662,25.969,-21.128,NA,NA,-1.74,18.171,NA,NA,15.364,34.315,27.953,26.976,27.505,24.705,22.942,15.931,17.307,-2.45,0.352,-24.343,19.084,26.443,20.745,17.179,27.173,19.351,27.87,28.517,28.065,23.153,7.202,16.861
"1939-05",-1.893,-0.456,-4.501,12.142,23.168,17.165,22.385,27.324,26.073,22.597,26.906,25.811,NA,17.244,19.6,10.093,5.619,13.454,18.776,17.622,27.978,25.917,27.861,33.406,26.789,18.851,23.086,24.758,-8.606,NA,NA,3.192,25.019,NA,NA,19.084,38.544,29.022,27.614,26.631,24.088,20.755,14.617,15.481,-5.756,-1.339,-9.341,19.818,26.237,19.776,18.03,26.747,18.28,28.742,29.369,28.039,21.938,6.035,17.098
"1939-06",2.394,4.06,2.116,13.725,26.454,20.549,23.729,27.162,26.963,21.855,26.608,25.577,NA,16.206,18.117,8.443,7.531,15.679,27.857,21.961,30.156,26.544,27.209,34.524,26.261,17.622,22.645,24.299,0.331,NA,NA,7.423,30.649,NA,NA,21.718,44.121,28.745,27.627,25.946,22.329,19.504,14.105,13.85,-7.315,-3.421,-1.397,20.864,26.139,18.768,19.482,26.329,17.075,27.278,28.663,27.513,21.013,5.27,17.202
"1939-07",4.249,5.996,4.652,15.377,27.9,23.017,25.161,27.212,27.143,21.292,26.36,25.02,NA,15.462,17.745,8.083,10.175,18.751,29.481,25.921,30.233,26.408,26.061,33.148,25.538,16.743,21.624,23.416,1.719,NA,NA,11.658,33.39,NA,NA,24.174,44.695,28.155,27.395,25.567,21.114,19.272,13.192,13.608,-9.227,-3.091,0.219,22.015,25.701,17.966,20.919,25.761,16.013,26.332,28.4,27.021,19.958,4.642,17.168
"1939-08",5.081,5.224,4.73,15.643,27.558,23.53,25.237,26.863,27.171,20.639,26.954,24.868,NA,14.531,18.408,7.741,11.008,19.1,28.579,27.058,29.63,26.476,24.323,32.508,25.155,16.319,22.178,23.356,1.012,NA,NA,12.816,33.582,NA,NA,25.44,43.284,27.757,27.583,25.983,20.404,19.255,12.612,13.107,-8.9,-5.833,-0.759,22.758,25.19,17.682,21.929,25.317,15.713,25.797,28.115,26.497,19.579,4.282,17.12
"1939-09",2.601,2.376,1.679,16.341,27.759,22.143,25.552,26.98,27.112,21.091,26.912,25.014,NA,14.471,18.47,7.979,9.831,17.055,22.075,23.827,30.385,26.229,24.056,34.165,25.319,16.245,22.524,23.497,-2.044,NA,NA,11.02,29.38,NA,NA,24.113,41.043,27.778,27.314,26.687,20.706,20.081,12.997,13.843,-9.372,-2.856,-6.595,22.873,25.106,17.547,21.962,25.246,15.378,25.791,28.487,26.574,19.608,4.312,16.875
"1939-10",-3.142,-3.225,-5.076,15.746,26.03,19.164,24.421,26.498,26.585,21.846,27.006,25.639,NA,14.982,19.447,9.377,5.811,14.584,15.381,20.99,28.385,26.126,25.463,31.369,26.167,17.12,23.422,24.448,-11.064,NA,NA,5.7,23.517,NA,NA,20.991,35.829,27.589,27.27,27.221,20.833,21.171,13.121,14.308,-6.81,-2.362,-17.444,22.24,25.06,17.924,20.645,25.62,15.919,26.108,27.565,26.688,19.838,4.575,16.45
"1939-11",-9.166,-13.346,-12.651,14.256,22.789,15.028,23.024,26.205,25.978,22.705,26.314,26.197,NA,15.953,20.673,10.277,3.783,10.983,5.295,16.929,24.803,26.629,26.066,28.298,26.822,17.452,23.96,25.315,-20.486,NA,NA,0.442,17.112,NA,NA,16.337,28.855,27.078,26.715,27.032,21.321,22.416,13.994,15.156,-3.485,0.006,-25.497,21.134,25.142,18.785,19.197,25.899,16.828,26.329,27.156,26.665,20.478,5.337,16.118
"1939-12",-11.421,-17.915,-16.531,12.297,21.289,13.56,21.737,25.384,24.872,23.681,25.502,25.904,NA,16.977,21.878,11.348,1.341,8.731,0.224,13.36,21.29,27.332,26.553,26.912,26.925,18.041,24.244,25.885,-22.797,NA,NA,-2.676,11.531,NA,NA,12.946,21.499,25.644,26.572,27.79,23.242,23.977,15.33,16.917,0.239,2.195,-25.141,19.899,25.327,19.712,17.694,26.064,17.968,25.7,26.061,26.583,21.85,6.512,16.197
"1940-01",-12.063,-15.184,-22.346,12.061,19.983,11.397,20.776,25.253,24.298,24.243,25.297,26.103,NA,18.341,23.595,12.795,0.637,7.333,1.501,12.243,20.737,27.461,26.989,25.955,26.419,19.742,25.083,25.797,-25.207,NA,NA,-7.018,11.803,NA,NA,10.204,21.816,24.754,25.978,27.38,24.207,24.79,16.8,17.589,2.512,4.041,-24.186,18.894,25.613,20.719,16.908,26.44,19.32,24.918,25.476,26.435,22.717,7.83,16.444
"1940-02",-16.373,-20.583,-26.54,11.293,20.823,12.51,20.586,25.563,24.299,24.94,25.135,25.852,NA,19.1,24.072,13.423,2.061,8.123,0.425,11.115,21.505,27.61,27.622,26.787,26.426,20.656,24.981,25.749,-27.868,NA,NA,-6.245,11.964,NA,NA,11.294,24.629,25.653,25.87,27.22,25.025,24.951,17.309,18.557,2.745,4.466,-31.065,18.352,25.872,21.376,16.569,26.603,20.223,25.097,25.664,26.77,22.983,8.35,16.497
"1940-03",-13.348,-17.916,-22.168,10.936,21.034,12.531,20.732,26.331,24.541,25.062,25.508,26.033,NA,18.893,23.14,12.812,1.137,9.303,4.794,13.865,24.062,27.839,28.254,28.828,27.234,20.416,25.096,26.097,-20.435,NA,NA,-4.834,14.85,NA,NA,12.442,29.394,26.67,26.288,27.294,25.192,24.089,17.67,18.32,0.462,2.758,-24.43,18.469,26.102,21.252,16.512,27.011,20.391,26.214,27.095,27.399,23.205,7.974,16.776
"1940-04",-8.852,-11.813,-15.124,11.12,23.278,14.999,21.459,27.132,25.186,24.931,26.019,26.004,NA,17.993,21.015,10.99,2.109,10.274,11.814,15.264,26.074,26.538,27.994,32.105,27.189,19.86,24.428,25.681,-17.043,NA,NA,-0.61,18.352,NA,NA,16.125,33.208,27.872,26.98,27.43,24.544,22.766,16.96,17.094,-2.78,1.261,-21.504,18.996,26.346,20.692,17.024,26.865,19.318,27.651,28.278,27.775,22.875,7.156,16.862
"1940-05",-3.59,-2.655,-8.099,12.301,25.243,17.158,22.802,27.522,25.959,23.738,26.25,25.738,NA,17.127,19.396,9.143,4.706,12.604,19.373,18.423,28.633,26.822,27.406,34.382,26.845,18.52,23.289,24.768,-6.111,NA,NA,3.58,26.183,NA,NA,19.252,40.628,29.131,27.301,26.749,23.389,21.268,16.095,15.674,-5.456,-0.008,-8.947,19.86,26.476,19.659,17.862,26.543,17.957,27.99,28.947,27.604,21.723,6.038,17.025
"1940-06",2.041,4.452,1.135,13.963,26.37,20.145,23.239,27.112,26.369,22.385,26.199,25.523,NA,15.762,17.615,8.13,7.664,16.094,25.41,22.478,30.507,26.697,26.678,35.778,25.922,17.498,21.966,23.711,0.23,NA,NA,8.273,30.717,NA,NA,21.409,43.7,28.849,27.328,25.799,21.546,19.44,14.261,14.435,-7.645,-1.411,-0.736,20.954,26.215,18.767,19.247,25.936,16.898,26.802,28.409,27.014,20.485,5.256,17.114
"1940-07",4.623,6.003,4.556,15.278,27.267,22.759,24.024,26.932,26.758,21.682,26.263,24.899,NA,14.88,16.852,7.594,10.02,19.073,29.866,26.119,30.355,26.333,24.746,33.308,25.248,16.98,21.643,22.786,2.143,NA,NA,11.908,33.255,NA,NA,23.314,44.503,27.813,26.959,25.418,20.956,18.363,13.231,13.792,-9.827,-2.145,0.274,22.083,25.885,18.132,20.817,25.137,15.882,25.808,27.957,26.493,19.731,4.576,17.117
"1940-08",4.231,5.376,4.9,16.212,27.761,23.394,24.361,27.022,26.96,21.293,26.742,24.543,NA,14.435,17.582,6.904,12.018,19.732,28.573,26.882,29.346,25.786,23.267,31.715,24.774,16.317,21.108,22.256,0.509,NA,NA,13.911,33.079,NA,NA,24.43,42.556,27.208,27.033,25.535,20.414,18.958,13.104,13.14,-10.096,-2.787,-1.022,22.845,25.515,17.631,21.844,24.518,15.422,25.298,27.638,26.261,19.178,4.124,17.022
"1940-09",1.717,1.559,0.999,16.172,27.518,22.657,24.804,26.919,27.005,21.368,26.864,24.767,NA,14.227,18.776,7.258,10.546,18.063,23.417,24.558,29.731,25.567,23.538,33.161,25.054,16.624,22.253,22.936,-1.73,NA,NA,11.266,29.812,NA,NA,24.132,41.591,27.507,27.419,26.489,20.133,19.779,13.155,13.018,-7.55,-3.32,-4.972,23.064,25.335,17.565,21.738,24.616,15.393,25.369,27.602,26.234,19.435,4.126,16.93
"1940-10",-4.209,-5.835,-5.854,15.665,26.6,19.687,24.251,26.705,26.427,21.578,26.767,25.13,NA,14.45,18.902,8.348,7.017,14.949,15.094,20.224,28.338,25.881,25.173,32.139,25.556,17.24,23.292,23.886,-9.906,NA,NA,4.993,23.932,NA,NA,20.77,35.725,27.753,27.17,26.982,21.282,21.188,13.411,14.234,-5.049,-2.027,-14.533,22.319,25.213,17.972,20.816,25.234,15.595,25.859,28.031,26.416,19.964,4.613,16.536
"1940-11",-10.367,-13.619,-13.451,13.52,24.662,17.537,22.91,26.355,25.995,22.192,25.839,25.657,NA,15.708,19.925,10.143,3.991,12.7,9.471,16.839,24.812,26.714,25.757,27.832,26.018,17.961,24.017,24.843,-17.203,NA,NA,0.383,18.214,NA,NA,16.046,28.35,27.162,26.764,27.423,21.893,23.101,14.166,15.509,-2.604,0.249,-23.057,21.065,25.147,18.802,19.434,25.514,16.402,26.205,26.743,26.426,20.76,5.433,16.174
"1940-12",-13.33,-19.575,-21.13,11.004,22.635,14.954,21.552,25.968,25.138,23.062,24.93,25.859,NA,17.021,22.332,11.817,3.395,11.043,1.696,14.594,21.577,27.29,26.331,26.591,27.026,19.49,24.867,25.598,-22.789,NA,NA,-2.263,11.641,NA,NA,12.676,21.574,25.685,26.527,27.804,22.771,24.592,15.313,16.551,0.663,2.251,-27.595,19.788,25.36,19.841,18.148,25.786,17.858,25.658,25.577,26.458,21.995,6.555,16.2
"1941-01",-11.471,-18.935,-20.046,10.951,20.656,11.76,20.091,25.349,24.517,24.243,25.101,26.018,NA,18.065,24.107,12.737,0.241,7.992,2.295,14.125,21.524,27.207,27.067,25.591,26.283,20.805,25.385,25.978,-26.232,NA,NA,-5.435,11.609,NA,NA,10.218,22.144,24.513,25.909,27.773,24.691,25.441,16.352,18.119,3.133,4.18,-30.029,18.724,25.752,20.756,17.055,26.128,19.284,24.829,24.824,26.129,23.176,7.919,16.4
"1941-02",-13.181,-19.55,-24.818,10.442,19.313,11.424,19.771,25.679,24.384,24.899,25.144,25.787,NA,18.681,24.061,12.845,1.816,7.936,0.777,13.194,23.185,27.296,27.592,27.036,27.206,21.662,26.001,26.379,-26.115,NA,NA,-6.3,12.851,NA,NA,11.363,26.265,25.467,25.722,27.266,25.761,24.629,17.377,18.553,3.18,4.513,-28.103,18.277,26.031,21.42,16.709,26.507,20.185,25.017,25.384,26.506,23.907,8.552,16.705
"1941-03",-12.101,-18.746,-20.565,10.863,20.799,11.945,20.588,26.204,24.463,25.302,25.32,25.81,NA,18.385,23.249,12.401,1.167,8.357,6.049,13.198,24.427,26.99,28.133,29.034,27.18,21.631,25.567,26.59,-25.283,NA,NA,-3.408,16.22,NA,NA,12.994,29.203,26.348,25.864,26.757,25.121,24.183,17.267,18.221,0.502,3.074,-29.504,18.422,26.222,21.363,16.686,26.859,20.1,26.122,26.516,26.99,23.712,8.079,16.696
"1941-04",-10.706,-14.675,-17.804,10.888,21.867,14.48,21.235,26.871,24.86,24.958,25.86,26.228,NA,17.748,21.845,11.07,4.51,10.899,11.846,15.572,25.658,26.744,28.102,29.801,27.428,20.274,24.748,26.409,-19.562,NA,NA,-1.32,19.55,NA,NA,16.45,33.098,27.464,26.651,26.851,25.113,22.562,16.455,16.837,-2.613,0.05,-24.603,18.96,26.485,20.665,17.093,27.019,19.508,27.537,27.932,27.664,23.255,7.071,16.818
"1941-05",-2.807,-0.655,-6.702,11.971,24.914,17.503,22.831,27.618,25.837,23.918,26.044,25.565,NA,16.857,19.82,9.836,5.529,13.453,20.645,19.401,26.631,25.912,27.803,31.766,27.174,19.137,23.387,24.948,-6.424,NA,NA,3.251,26.459,NA,NA,19.045,36.925,29.372,27.103,26.219,24.358,20.92,15.638,15.417,-5.107,-2.872,-7.962,19.884,26.562,19.554,18.064,26.457,18.12,28.32,29.416,27.835,22.275,6.128,17.133
"1941-06",1.66,4.157,1.176,13.568,26.409,20.595,23.815,27.205,26.329,22.652,25.963,25.206,NA,16.255,18.722,7.981,8.569,16.427,28.68,22.398,30.321,26.382,27.179,34.11,26.135,18.259,22.464,23.722,-0.026,NA,NA,8.07,31.773,NA,NA,21.738,43.039,29.024,27.217,25.705,22.171,19.717,14.48,13.725,-7.047,-3.285,-1.576,20.963,26.325,18.606,19.508,25.999,17.108,26.955,28.824,27.128,20.776,5.222,17.177
"1941-07",4.098,6.059,4.854,15.432,27.961,23.093,25.15,27.597,27.005,21.714,26.289,24.788,NA,15.161,17.532,7.823,10.897,19.796,32.32,26.654,30.153,26.63,26.004,32.124,25.545,17.099,21.993,23.674,1.793,NA,NA,11.563,35.143,NA,NA,24.191,44.373,28.244,27.077,24.856,21.225,18.607,13.814,13.549,-9.422,-4.1,0.33,22.227,26.146,17.893,21.021,25.568,16.182,26.139,28.235,26.685,20.184,4.56,17.231
"1941-08",4.33,5.359,4.966,16.881,28.372,24.141,25.953,27.873,27.279,21.839,26.841,24.872,NA,14.783,17.548,6.913,12.044,19.481,30.625,26.605,30.544,26.361,24.65,33.182,25.109,16.572,22.13,23.388,0.827,NA,NA,12.293,34.003,NA,NA,24.392,43.096,27.446,26.921,24.783,20.504,18.33,13.049,12.92,-8.502,-5.295,-0.564,23.145,25.915,17.534,22.111,25.336,15.479,25.628,28.014,26.561,19.717,4.198,17.201
"1941-09",1.671,3.554,2.974,16.61,28.174,22.929,25.857,27.618,27.198,21.828,26.939,24.882,NA,14.659,18.743,7.503,10.693,17.446,23.44,23.613,30.638,26.18,23.882,33.949,25.476,16.418,22.269,23.565,-2.655,NA,NA,11.382,29.94,NA,NA,24.036,41.309,27.461,26.922,25.448,20.031,20.192,13.057,13.467,-8.467,-5.343,-6.029,23.211,25.725,17.507,22.049,25.099,15.444,25.733,27.909,26.798,19.556,4.112,16.956
"1941-10",-2.869,-3.451,-1.791,15.53,25.959,19.365,24.398,27.08,27.011,22.431,26.935,25.618,NA,15.178,18.911,8.972,6.394,15.137,17.333,21.202,28.698,26.19,25.086,31.321,26.398,16.836,23.125,23.945,-9.412,NA,NA,6.988,24.14,NA,NA,21.69,36.194,28.169,27.228,27.147,20.752,21.62,13.57,13.932,-5.492,-2.048,-14.116,22.451,25.851,17.93,20.742,25.635,15.732,26.565,27.807,26.742,19.982,4.762,16.687
"1941-11",-7.422,-9.639,-7.169,14.176,23.27,16.576,23.029,26.483,26.041,23.059,26.388,25.959,NA,15.952,20.767,10.083,4.154,11.543,8.018,17.727,25.485,27.147,26.291,28.745,27.244,17.207,24.027,25.263,-17.009,NA,NA,1.023,18.386,NA,NA,16.68,29.204,27.506,27.202,28.226,21.736,23.135,14.794,14.716,-1.978,-0.347,-19.085,21.189,25.793,18.64,19.371,26.045,16.767,26.651,27.362,26.942,20.92,5.417,16.473
"1941-12",-9.682,-12.608,-12.012,11.561,22.411,14.147,21.536,26.368,25.517,23.73,25.903,25.816,NA,17.1,22.232,12.049,1.952,9.377,2.517,14.383,22.265,27.766,26.863,26.736,27.32,18.513,24.943,26.015,-22.52,NA,NA,-4.008,13.975,NA,NA,12.8,22.825,25.964,26.699,28.173,22.792,23.919,15.561,16.141,0.732,2.053,-24.597,19.811,25.984,19.828,18.267,26.214,17.884,25.829,26.194,26.778,21.916,6.666,16.398
"1942-01",-11.712,-16.255,-19.333,9.971,21.781,12.525,21.075,26.13,24.752,24.832,25.376,26.082,NA,18.413,23.644,13.347,0.535,7.453,0.469,12.285,21.228,27.637,27.329,26.54,26.721,19.969,25.183,25.932,-25.963,NA,NA,-6.922,11.484,NA,NA,11.25,21.904,25.043,26.321,27.095,22.993,25.582,16.643,17.136,2.983,4.048,-25.332,18.795,26.197,20.995,17.213,26.412,19.314,25.137,25.302,26.597,22.739,7.913,16.568
"1942-02",-11.451,-16.031,-22.714,9.498,20.86,12.481,20.838,26.259,24.685,25.03,25.38,25.99,NA,18.789,24.004,12.907,1.189,6.973,-1.006,11.935,23.661,27.333,27.599,27.605,27.488,21.001,26.191,26.935,-23.474,NA,NA,-4.177,12.475,NA,NA,10.86,27.494,25.656,25.969,26.771,24.159,25.074,17.056,17.735,3.28,4.103,-20.77,18.564,26.354,21.61,16.903,26.505,20.13,25.365,25.512,26.816,23.813,8.43,16.9
"1942-03",-10.414,-17.966,-20.194,10.354,21.23,11.814,21.247,26.509,24.511,24.959,25.818,26.034,NA,18.626,23.34,12.477,2.254,6.912,1.271,12.318,25.166,26.569,28.028,29.118,27.824,20.533,25.113,26.492,-24.307,NA,NA,-4.469,14.899,NA,NA,13.108,30.066,26.868,26.324,26.955,24.273,24.794,16.916,17.993,0.895,2.686,-23.988,18.671,26.509,21.483,16.69,26.802,20.223,26.392,26.972,27.521,23.445,8.067,16.873
"1942-04",-8.957,-13.496,-13.014,10.74,22.515,14.461,21.88,27.324,25.331,24.31,26.678,26.145,NA,17.825,21.868,10.474,2.296,9.7,11.402,14.98,27.128,26.686,28.072,30.302,28.017,19.622,24.359,26.086,-16.802,NA,NA,-1.783,21.338,NA,NA,16.336,36.2,28.356,27.104,27.383,23.871,23.295,16.457,16.779,-2.141,-0.205,-19.565,19.116,26.78,20.757,17.092,27.057,19.645,27.758,28.598,28.071,22.828,7.166,16.969
"1942-05",-2.095,-1.331,-3.514,11.197,25.347,17.853,22.851,27.879,26.398,23.519,27.054,25.856,NA,16.926,19.986,8.483,5.322,12.328,20.946,17.345,28.782,26.474,27.724,32.9,27.308,18.771,23.217,24.665,-6.923,NA,NA,2.992,26.974,NA,NA,19.033,39.792,29.39,27.41,26.371,22.98,21.362,15.732,14.959,-5.244,-2.2,-9.428,19.86,26.903,19.682,18.314,26.637,18.347,28.486,29.731,27.979,21.898,6.056,17.144
"1942-06",2.522,3.997,2.547,12.768,27.632,20.737,24.187,27.993,27.157,22.877,26.693,25.64,NA,16.492,19.161,7.748,8.085,16.13,27.498,21.163,30.561,26.675,27.16,36.406,26.892,17.699,22.357,23.89,0.676,NA,NA,7.739,31.863,NA,NA,21.865,44.054,29.19,27.508,25.396,21.036,19.477,14.105,13.771,-7.368,-3.481,-0.624,20.997,26.759,18.616,19.763,26.186,17.23,27.401,28.274,27.466,20.59,5.227,17.247
"1942-07",4.626,6.106,5.699,14.628,28.588,23.324,25.287,27.839,27.477,22.666,26.699,25.026,NA,15.54,18.536,6.458,10.843,18.413,31.761,25.616,30.567,26.463,25.071,33.428,25.902,17.183,21.866,23.112,1.988,NA,NA,11.055,34.48,NA,NA,23.937,45.047,27.857,27.041,24.957,20.691,18.65,13.251,12.917,-7.041,-7.027,0.293,22.202,26.568,17.875,21.092,25.584,16.332,26.381,27.784,26.762,19.87,4.461,17.241
"1942-08",5.013,6.067,5.842,16.072,27.671,23.712,25.312,27.705,27.457,22.608,26.954,24.663,NA,15.225,18.489,6.822,11.176,19.541,30.262,26.245,29.8,26.231,23.593,33.115,25.46,16.282,22.106,23.194,1.324,NA,NA,12.751,34.412,NA,NA,25.311,43.184,27.331,27.026,25.417,19.745,19.209,12.983,12.503,-8.279,-6.261,-0.367,23.001,26.412,17.614,22.053,25.025,15.684,25.634,27.231,26.339,19.375,4.144,17.19
"1942-09",2.466,3.5,2.336,16.562,27.574,22.853,25.363,27.536,27.175,22.306,27.102,24.83,NA,14.161,18.412,6.149,9.468,17.883,21.972,23.437,30.309,26.278,23.558,35.063,25.831,16.18,22.431,23.439,-0.644,NA,NA,11.09,30.065,NA,NA,23.941,42.043,27.733,27.005,25.881,19.798,20.639,13.285,12.953,-6.833,-4.571,-4.506,23.225,26.309,17.404,21.955,25.178,15.513,26.06,27.73,26.737,19.478,4.258,17.055
"1942-10",-3.198,-3.878,-3.307,15.133,26.047,19.632,24.404,27.174,26.998,22.183,27.268,25.45,NA,14.71,18.679,8.253,6.167,15.229,15.041,20.466,28.582,26.285,24.734,31.265,26.46,16.805,22.81,23.938,-7.355,NA,NA,5.485,23.689,NA,NA,20.642,36.459,28.064,27.164,27.241,20.279,22.049,13.473,13.583,-5.491,-3.769,-14.427,22.354,26.208,18.021,20.848,25.609,15.748,26.715,28.077,26.826,19.702,4.81,16.673
"1942-11",-7.445,-11.889,-8.371,12.971,24.141,17.066,22.96,26.93,26.27,22.779,26.218,26.166,NA,15.671,20.472,9.879,3.198,11.403,9.927,17.164,25.273,27.27,25.672,28.873,27.335,17.388,23.708,25.289,-17.881,NA,NA,-0.327,18.966,NA,NA,17.185,28.427,27.388,27.192,27.888,21.307,23.472,14.332,14.231,-2.175,-1.069,-21.325,21.154,26.216,18.847,19.404,25.929,16.812,26.887,27.07,26.858,20.879,5.433,16.428
"1942-12",-9.705,-14.679,-11.423,10.729,21.838,13.658,20.905,26.424,25.464,24.013,25.801,26.312,NA,17.536,22.076,11.811,1.077,8.646,5.721,14.484,22.204,28.103,26.849,27.434,27.403,18.782,24.905,25.915,-21.576,NA,NA,-2.789,14.707,NA,NA,13.074,22.734,25.971,26.64,27.665,22.148,25.026,15.341,15.815,0.762,1.612,-26.836,19.831,26.308,19.829,18.082,26.42,17.846,26.234,25.975,26.745,22.101,6.701,16.402
"1943-01",-13.65,-18.333,-19.861,10.019,21.587,12.626,21.022,26.047,24.927,24.75,25.785,25.983,NA,18.776,22.935,12.833,1.685,8.159,1.376,12.229,22.009,28.095,27.195,26.505,26.805,20.044,25.16,26.132,-23.476,NA,NA,-3.672,11.832,NA,NA,10.192,21.858,24.37,26.164,27.295,22.941,25.769,16.283,17.346,3.138,3.589,-26.394,18.943,26.301,20.976,17.181,26.634,19.001,24.919,25.311,26.844,22.992,8.005,16.612
"1943-02",-15.138,-17.063,-23.446,10.962,20.873,11.871,20.866,26.105,24.781,25.042,26.01,26.215,NA,19.598,23.047,13.888,1.431,8.112,3.485,12.284,21.763,27.741,27.791,27.785,27.016,21.077,25.746,26.077,-25.065,NA,NA,-3.463,12.025,NA,NA,11.354,23.26,24.718,25.997,27.037,24.231,25.759,16.921,17.866,3.654,3.824,-28.953,18.536,26.441,21.575,16.79,26.728,19.796,24.867,25.337,27.044,23.357,8.635,16.781
"1943-03",-11.82,-14.812,-19.285,11.173,21.685,12.572,20.853,26.572,24.778,25.083,26.1,26.427,NA,19.577,23.116,12.568,2.203,8.002,6.16,12.76,25.571,27.408,28.29,29.585,27.531,21.202,25.28,26.483,-24.979,NA,NA,-4.369,15.635,NA,NA,12.957,29.563,26.05,26.431,27.139,24.787,24.743,16.577,17.037,1.358,2.289,-25.197,18.491,26.681,21.505,16.72,27.299,20.207,26.141,26.598,27.555,23.36,8.286,16.952
"1943-04",-9.119,-9.864,-12.025,10.922,23.204,14.586,21.256,27.49,25.739,24.72,26.8,26.916,NA,18.251,21.129,10.312,3.446,10.201,12.387,15.008,26.687,26.972,28.113,30.662,27.441,20.118,24.933,26.31,-16.394,NA,NA,-2.572,19.625,NA,NA,16.436,33.147,27.668,27.49,27.692,23.493,23.361,15.751,16.506,-1.102,0.261,-20.604,19.06,27.101,20.836,17.346,27.43,19.447,27.476,28.619,27.994,23.009,7.247,17.09
"1943-05",-2.129,-0.882,-2.923,12.432,25.139,17.587,22.484,27.582,26.575,23.624,26.921,26.479,NA,17.215,19.988,8.225,5.3,13.634,20.274,18.607,29.236,27.127,27.932,33.913,26.938,19.124,24.185,25.493,-6.82,NA,NA,2.813,26.687,NA,NA,19.862,40.201,29.346,27.582,26.952,22.62,21.315,14.896,14.991,-3.565,-0.904,-9.078,19.804,27.194,19.914,18.505,27.037,18.226,28.353,29.759,27.855,22.054,6.194,17.299
"1943-06",2.509,4.001,2.542,13.827,27.015,20.499,24.054,27.814,27.298,22.627,27.058,26.041,NA,16.07,17.824,7.758,7.331,16.406,28.727,22.361,30.682,27.454,27.751,36.707,26.427,18.064,22.861,24.457,0.456,NA,NA,7.543,33.009,NA,NA,22.112,44.934,29.525,27.594,25.887,21.202,20.305,14.26,13.725,-5.681,-2.799,-0.752,20.989,27.016,18.838,19.876,26.732,17.075,27.489,29.052,27.422,20.784,5.475,17.382
"1943-07",4.519,6.584,5.845,15.408,27.99,23.074,25.038,27.804,27.746,22.303,26.804,25.434,NA,15.227,16.615,6.914,10.306,19.608,30.546,25.956,31.627,27.311,26.249,34.971,25.763,17.559,22.611,23.758,2.08,NA,NA,11.208,34.214,NA,NA,24.489,45.383,28.114,27.173,25.336,20.4,19.72,13.376,13.238,-7.082,-4.668,0.372,22.18,26.862,17.997,21.382,26.071,16.097,26.412,28.051,26.828,19.948,4.825,17.367
"1943-08",4.581,6.078,6.198,16.368,28.933,23.927,25.919,28.351,28.018,22.385,27.665,25.059,NA,14.696,17.57,6.646,11.413,20.028,29.215,26.371,30.874,26.933,24.194,34.932,25.44,17.183,22.598,23.391,1.971,NA,NA,11.925,33.576,NA,NA,25.075,44.175,27.289,27.117,25.434,20.05,19.888,13.047,12.863,-7.943,-6.188,-0.306,23.123,26.7,17.516,22.202,25.586,15.629,26.039,27.448,26.6,19.568,4.267,17.299
"1943-09",2.242,3.774,2.952,16.846,28.636,22.966,25.94,27.69,27.692,22.437,27.632,25.368,NA,14.481,18.072,7.024,8.962,17.785,21.425,24.394,31.155,26.722,24.047,34.854,25.875,16.971,22.959,23.888,-1.123,NA,NA,10.511,29.692,NA,NA,24.031,42.243,27.681,27.105,26.172,20.785,21.036,13.118,13.132,-7.164,-4.901,-5.199,23.16,26.656,17.448,22.255,25.48,15.455,26.245,27.527,26.753,19.603,4.408,17.14
"1943-10",-2.111,-1.515,-1.923,14.939,27.153,21.252,24.284,27.87,27.403,23.225,27.4,26.223,NA,14.926,18.384,8.501,5.687,15.032,13.847,20.348,29.552,26.746,25.824,32.474,26.288,17.485,23.695,24.473,-8.258,NA,NA,5.433,24.2,NA,NA,21.267,37.764,28.056,27.504,26.98,20.671,22.134,13.423,13.744,-7.531,-2.321,-12.913,22.415,26.852,17.859,21.292,26.322,15.706,26.735,27.697,26.936,19.97,4.771,16.822
"1943-11",-7.136,-10.844,-7.852,13.496,23.186,16.79,22.607,27.192,26.508,24.024,27.128,26.966,NA,16.097,20.248,9.841,3.798,11.492,8.139,17.233,25.321,27.849,26.816,29.183,27.149,17.97,24.255,25.241,-16.58,NA,NA,-0.36,18.113,NA,NA,18.098,28.273,27.528,27.413,27.768,21.255,23.299,14.318,14.941,-2.138,-0.834,-19.427,21.142,26.949,18.674,19.725,26.627,16.779,27.145,26.988,27.184,20.806,5.419,16.62
"1943-12",-11.173,-10.351,-12.74,11.634,20.548,12.401,20.668,26.881,25.93,24.702,26.848,26.717,NA,17.551,22.029,11.477,2.172,8.647,0.347,14.436,23.136,28.393,27.445,27.468,27.448,18.9,24.819,25.881,-21.256,NA,NA,-3.962,13.664,NA,NA,14.221,23.614,25.909,27.279,27.744,22.186,24.492,15.424,16.196,0.728,1.794,-24.954,19.89,27.082,19.757,18.238,26.972,18.089,26.303,26.287,27.001,22.053,6.688,16.58
"1944-01",-11.286,-14.907,-15.012,10.645,19.246,10.97,20.131,26.089,24.791,25.386,26.581,26.538,NA,18.775,23.54,12.695,0.375,6.308,-3.08,12.553,22.198,28.59,28.154,27.15,27.333,20.382,25.77,26.357,-20.779,NA,NA,-4.929,9.202,NA,NA,12.318,21.918,25.338,27.078,27.823,23.044,25.046,16.736,17.209,2.986,3.805,-26.223,18.976,27.105,20.833,16.971,27.203,19.559,25.707,25.436,27.289,23.104,7.981,16.825
"1944-02",-12.799,-17.336,-20.679,10.352,19.939,12.128,20.332,26.329,24.857,26.377,27.038,27.152,NA,19.662,23.63,13.178,1.663,7.947,-4.252,12.501,23.039,28.815,28.861,26.615,28.092,20.958,26.235,26.831,-20.87,NA,NA,-5.764,8.188,NA,NA,11.798,24.526,26.146,27.077,27.427,23.5,25.589,17.117,17.772,3.464,4.064,-23.001,18.378,27.307,21.6,16.857,27.562,20.343,25.997,26.072,27.657,23.922,8.583,17.139
"1944-03",-12.285,-18.08,-21.346,11.46,19.741,11.965,20.481,26.849,24.916,26.556,27.229,26.877,NA,19.882,23.278,12.547,1.998,7.393,4.599,13.598,25.903,28.445,28.824,29.479,28.258,20.876,25.985,27.203,-23.174,NA,NA,-5.483,13.605,NA,NA,13.634,29.892,27.149,27.626,28.313,24.046,24.384,17.214,17.016,1.359,2.655,-26.279,18.529,27.368,21.528,16.693,27.817,20.589,27.095,27.88,28.497,24.154,8.265,17.17
"1944-04",-10.495,-11.343,-15.601,11.551,22.115,14.932,21.502,27.809,25.951,25.814,27.447,26.967,NA,18.815,21.458,10.491,3.061,10.059,10.289,14.499,27.807,28.092,28.96,32.052,28.655,20.406,25.216,26.807,-19.023,NA,NA,-1.158,18.759,NA,NA,17.193,34.898,29.052,28.058,28.399,24.049,23.117,16.274,16.781,-1.606,1.324,-24.137,19.11,27.636,20.757,17.275,27.768,19.794,28.556,29.665,28.949,23.579,7.311,17.195
"1944-05",-3.383,-4.978,-7.343,13.236,24.278,17.833,22.935,28.313,26.734,25.326,27.288,26.942,NA,17.261,19.763,8.543,6.307,13.322,18.38,17.182,29.679,27.491,28.392,35.139,27.867,18.914,24.195,25.93,-8.151,NA,NA,3.045,24.705,NA,NA,19.636,40.244,30.353,28.113,27.542,22.688,21.534,15.372,15.469,-3.713,-1.409,-11.752,20.049,27.702,19.726,18.344,27.563,18.67,29.276,30.257,28.582,22.349,6.218,17.337
"1944-06",2.308,3.992,0.91,14.576,27.101,21.132,24.115,28.582,27.507,24.773,27.135,26.512,NA,16.757,18.033,7.729,8.886,16.3,27.813,21.506,31.005,27.525,26.763,36.251,26.953,18.278,22.769,24.274,0.107,NA,NA,7.86,32.293,NA,NA,21.841,45.665,29.951,28.076,26.418,21.943,19.753,13.861,14.501,-5.622,-2.946,-0.643,21.2,27.611,18.829,19.65,26.853,17.21,28.188,29.61,27.806,20.94,5.352,17.485
"1944-07",3.883,6.02,4.645,15.599,28.459,22.976,25.5,28.453,27.996,23.804,27.469,26.259,NA,15.463,17.508,6.652,11.609,19.85,30.875,25.446,31.363,27.138,24.695,36.134,25.882,16.753,21.905,23.645,2.02,NA,NA,11.576,34.536,NA,NA,24.321,46.143,28.678,27.897,25.9,20.481,19.768,12.993,13.54,-6.383,-4.455,0.468,22.38,27.385,17.999,20.992,25.949,16.405,27.017,28.821,27.136,20.032,4.733,17.444
"1944-08",4.212,6.194,5.044,16.848,28.609,23.808,25.72,28.215,28.086,23.508,27.728,25.919,NA,15.197,17.89,7.345,11.939,20.313,28.957,26.228,31.816,26.712,23.673,36.266,25.504,16.286,22.125,23.441,1.403,NA,NA,13.206,33.989,NA,NA,25.455,45.13,27.944,27.765,26.078,19.652,19.754,12.708,12.833,-6.911,-5.466,-0.133,23.245,27.105,17.578,22.028,25.408,15.93,26.287,28.063,26.912,19.539,4.41,17.405
"1944-09",1.721,1.622,1.308,17.009,28.607,22.672,25.766,27.99,27.884,23.277,27.848,25.895,NA,15.043,18.073,8.074,9.993,17.976,25.165,24.271,30.708,26.65,24.087,35.313,25.813,16.313,23.029,23.93,-0.9,NA,NA,11.459,31.359,NA,NA,24.282,42.107,28.207,27.746,26.655,20.346,20.445,12.979,13.357,-8.184,-4.256,-4.403,23.439,26.964,17.601,21.931,25.546,15.698,26.306,28.122,26.923,19.611,4.471,17.25
"1944-10",-4.485,-5.214,-4.797,16.369,26.12,19.026,24.697,27.61,27.645,23.552,27.61,26.353,NA,15.546,18.549,8.802,6.723,15.636,14.394,21.49,28.338,27.132,25.613,31.363,26.586,17.222,23.531,24.372,-6.317,NA,NA,6.25,23.762,NA,NA,21.214,35.817,28.805,27.853,27.549,20.441,21.905,13.309,13.777,-5.973,-2.271,-13.337,22.677,27.067,17.934,20.999,26.227,15.95,26.865,28.651,27.175,19.843,4.743,16.89
"1944-11",-8.151,-10.012,-7.691,13.801,23.415,15.378,22.737,27.329,26.975,23.956,27.057,26.74,NA,16.646,20.151,10.84,4.244,12.452,5.932,17.307,25.706,27.698,26.737,29.632,27.379,18.11,24.455,25.417,-18.609,NA,NA,-0.028,16.751,NA,NA,17.767,29.587,28.098,27.887,28.402,20.655,23.876,13.609,14.462,-2.434,-0.602,-21.862,21.339,27.133,18.915,19.362,26.514,16.862,27.299,27.727,27.474,20.663,5.417,16.569
"1944-12",-11.927,-16.76,-16.633,12.672,20.849,13.554,21.544,26.665,25.708,24.86,26.435,26.626,NA,17.85,21.851,12.281,4.253,10.648,4.409,14.563,22.248,28.016,27.333,28.24,27.167,19.2,25.827,26.721,-21.112,NA,NA,-1.263,12.825,NA,NA,14.143,22.22,25.872,27.305,28.143,21.819,24.975,14.656,15.707,0.868,1.647,-25.1,20.088,26.996,20.121,17.998,26.712,18.231,26.346,26.724,27.274,22.065,6.633,16.614
"1945-01",-10.047,-12.674,-18.486,12.42,19.477,11.052,20.712,26.012,24.918,25.247,26.211,26.898,NA,19.398,23.808,13.56,1.372,7.786,-3.472,12.72,21.598,28.098,27.829,27.101,27.595,20.421,25.721,26.672,-21.37,NA,NA,-5.581,8.538,NA,NA,10.978,21.384,25.075,26.8,27.485,22.681,25.449,15.996,17.166,2.988,3.921,-20.297,19.093,26.977,21.076,16.989,27.117,19.699,25.459,26.049,27.273,22.918,7.873,16.892
"1945-02",-11.122,-16.765,-21.115,12.132,20.095,12.557,20.552,26.131,24.883,26.22,26.385,26.943,NA,19.926,24.227,13.952,1.934,8.732,1.06,13.362,23.207,28.588,28.522,26.973,27.245,21.461,26.039,26.804,-22.501,NA,NA,-5.386,11.248,NA,NA,10.453,25.561,25.601,26.608,27.191,23.575,24.897,16.335,17.216,3.277,3.996,-25,18.427,26.88,21.686,16.695,27.416,20.561,25.534,26.695,27.448,23.62,8.425,16.991
"1945-03",-14.395,-15.305,-21.186,11.75,19.859,12.403,20.156,26.594,25.147,26.057,26.985,27.516,NA,19.6,22.958,12.816,1.207,9.4,6.514,14.237,25.873,28.801,28.862,29.324,28.357,21.139,25.995,27.017,-22.331,NA,NA,-4.028,15.763,NA,NA,12.963,31.366,26.832,26.908,27.238,23.824,24.934,16.172,17.697,1.154,1.902,-27.427,18.518,27.056,21.706,16.755,27.917,20.598,26.424,27.78,27.998,23.614,8.06,17.011
"1945-04",-11.12,-14.56,-16.853,12.214,21.597,13.94,21.027,27.527,25.929,25.434,27.296,26.857,NA,18.499,21.887,10.942,2.91,10.052,10.172,14.84,28.634,27.777,28.942,31.69,27.581,19.848,25.354,27.031,-17.883,NA,NA,-1.507,18.185,NA,NA,16.489,36.711,28.443,27.643,27.266,23.602,23.373,15.71,16.512,-1.189,-0.346,-22.18,19.225,27.274,20.993,17.126,27.692,19.879,27.848,29.598,28.327,23.199,7.189,17.091
"1945-05",-3.527,-3.49,-6.883,12.668,24.211,17.682,22.344,27.749,26.693,23.732,27.404,26.354,NA,17.271,20.089,9.198,6.06,13.86,18.92,17.668,29.457,28.254,28.351,33.411,27.446,18.499,24.097,25.96,-6.248,NA,NA,2.615,25.727,NA,NA,19.104,40.811,30.288,27.772,26.728,23.19,21.955,15.086,15.332,-3.136,-1.842,-9.006,19.901,27.042,19.874,18.25,27.586,18.642,28.624,30.24,28.188,22.281,6.127,17.27
"1945-06",1.974,4.446,1.066,13.697,26.243,20.912,23.482,27.336,27.208,22.974,27.294,26.428,NA,16.455,18.314,7.964,9.075,16.958,27.955,22.2,30.973,27.535,27.447,35.026,26.898,17.948,22.97,24.501,0.184,NA,NA,8.439,32.512,NA,NA,21.974,45.405,29.693,27.514,25.727,21.913,19.636,13.662,13.945,-4.713,-2.542,-0.602,20.898,26.771,18.784,19.63,26.905,17.326,27.994,29.131,27.568,21.087,5.234,17.366
"1945-07",4.44,6.017,4.427,15.094,27.714,23.362,24.885,27.459,27.726,22.142,27.178,26.064,NA,15.838,17.281,7.137,11.44,19.423,31.141,26.686,30.229,27.109,25.844,32.366,25.922,17.141,22.159,23.519,1.625,NA,NA,11.416,34.84,NA,NA,24.001,44.926,28.166,26.991,24.985,21.72,18.922,13.42,13.399,-7.583,-3.289,0.507,22.07,26.154,18.001,21.138,26.201,16.266,26.676,28.123,26.93,20.311,4.639,17.317
"1945-08",4.145,5.813,4.742,16.352,28.531,24.059,25.812,27.997,28.009,21.557,27.865,25.598,NA,14.841,17.035,7.52,12.876,19.837,28.611,26.528,30.488,26.616,24.65,33.718,25.601,16.64,22.581,23.414,1.608,NA,NA,12.569,33.836,NA,NA,25.303,44.134,27.656,26.918,24.978,20.789,19.697,13.314,13.312,-8.043,-5.166,-0.394,23.029,25.677,17.636,22.004,25.734,15.606,26.138,27.566,26.624,19.768,4.188,17.229
"1945-09",1.321,1.521,1.33,16.538,28.376,22.382,25.367,27.158,27.703,21.346,27.578,25.718,NA,14.643,18.521,7.922,10.553,18.265,21.901,24.574,30.959,26.475,25.152,35.582,25.905,16.617,23.412,24.105,-0.67,NA,NA,10.854,29.473,NA,NA,24.097,42.06,27.625,27.004,25.908,21.036,20.799,13.185,13.647,-7.22,-4.068,-6.033,23.027,25.445,17.568,22.059,25.814,15.574,26.283,27.602,26.822,19.908,4.284,17.043
"1945-10",-3.033,-5.924,-4.113,16.029,25.665,19.563,24.294,26.698,27.217,21.852,27.392,26.604,NA,14.701,19.157,8.704,7.49,14.8,16.204,21.123,28.912,26.424,26.032,31.654,26.507,17.056,23.77,24.751,-6.55,NA,NA,6.544,25.34,NA,NA,21.051,36.338,28.233,27.004,26.645,21.445,21.237,13.597,13.683,-5.602,-4.246,-14.729,22.21,25.451,17.919,20.953,26.188,15.884,26.775,28.013,26.928,20.223,4.556,16.655
"1945-11",-9.081,-13.231,-9.873,14.04,24.296,15.267,22.991,26.19,26.438,22.54,26.322,26.706,NA,15.401,20.623,10.152,2.586,11.016,10.822,17.52,25.796,27.506,26.514,29.08,27.113,17.463,24.088,25.627,-15.735,NA,NA,1.561,19.639,NA,NA,17.161,28.79,27.606,27.15,27.603,22.231,22.514,14.432,15.165,-2.32,-0.684,-23.315,21.103,25.394,18.679,19.299,26.375,16.787,27.074,27.056,27.119,21.035,5.326,16.311
"1945-12",-10.909,-14.877,-14.183,12.285,20.67,12.174,20.98,25.956,25.538,23.203,25.978,26.176,NA,16.744,22.456,11.509,1.583,8.986,2.567,14.632,22.065,27.989,26.816,27.187,27.532,18.855,24.93,26.219,-18.701,NA,NA,-2.029,11.169,NA,NA,12.416,21.017,25.479,26.958,27.545,23.106,23.388,15.5,16.487,0.636,1.833,-23.681,19.902,25.295,19.661,17.994,26.333,18.037,26.066,26.076,27.168,22.128,6.475,16.342
"1946-01",-12.995,-20.624,-20.945,11.948,19.739,11.109,20.39,25.468,24.702,23.901,25.84,26.284,NA,18.102,23.835,12.791,0.621,8.227,1.809,12.997,21.531,27.79,27.188,26.246,26.801,20.135,25.434,26.591,-23.302,NA,NA,-5.824,10.527,NA,NA,10.468,21.076,24.463,26.772,28.269,24.961,24.262,17.003,17.694,2.923,4.022,-25.097,18.931,25.424,20.71,17.11,26.489,19.461,25.029,25.22,26.845,23.334,7.782,16.562
"1946-02",-13.473,-17.405,-19.849,11.381,20.548,12.221,20.728,25.786,24.699,24.375,25.817,26.358,NA,18.868,23.971,13.523,0.437,8.785,2.505,13.666,23.027,27.958,27.601,26.402,26.566,20.766,25.267,26.228,-26.19,NA,NA,-5.833,12.157,NA,NA,10.382,25.015,25.039,26.396,27.761,25.657,25.21,17.323,18.781,2.984,4.054,-29.881,18.454,25.669,21.325,16.735,26.776,20.048,24.891,25.399,26.87,23.606,8.313,16.632
"1946-03",-12.68,-15.559,-17.708,11.133,20.577,12.191,20.525,26.314,24.887,24.825,26.227,26.525,NA,19.36,23.248,13.121,0.839,8.978,7.589,14.55,25.945,27.712,27.799,28.721,27.336,20.584,25.402,26.285,-24.66,NA,NA,-4.535,16.443,NA,NA,12.927,31.148,26.367,26.631,27.803,25.982,24.365,17.173,18.203,0.647,2.469,-27.688,18.467,25.813,21.325,16.655,26.961,20.057,25.776,26.859,27.503,23.509,7.966,16.763
"1946-04",-7.828,-9.081,-12.076,10.763,22.778,14.819,21.089,26.884,25.728,24.076,26.566,26.35,NA,18.844,22.393,11.322,2.519,10.925,14.06,15.737,27.323,27.18,27.491,30.055,27.204,19.739,24.394,25.934,-18.612,NA,NA,-2.289,21.033,NA,NA,16.305,35.469,28.156,27.246,27.701,25.439,23.472,16.049,16.964,-1.485,0.047,-18.868,18.857,25.765,20.843,17.129,26.895,19.374,27.289,28.763,28.183,22.974,6.927,16.895
"1946-05",-2.205,-0.676,-3.176,11.838,25.537,17.769,22.749,27.51,26.759,22.821,26.579,25.972,NA,17.303,19.608,9.161,4.415,14.145,23.018,19.082,29.004,26.7,26.53,34.764,27.204,18.489,23.39,24.847,-7.265,NA,NA,2.704,28.641,NA,NA,19.258,41.077,29.389,27.573,26.972,24.546,21.108,15.356,15.522,-3.791,-1.931,-9.766,19.791,25.746,19.823,18.09,26.626,18.016,27.871,29.17,27.828,21.881,6.039,17.043
"1946-06",2.146,3.996,2.666,13.255,27.537,20.888,23.748,27.225,26.859,21.742,26.452,25.671,NA,16.389,18.001,8.183,8.492,17.386,26.764,22.622,30.195,26.385,25.214,35.279,26.12,17.742,21.89,23.292,0.172,NA,NA,9.052,31.516,NA,NA,21.969,43.925,28.79,27.605,26.441,22.633,19.895,14.11,14.59,-6.446,-2.201,-0.683,20.82,25.522,18.882,19.538,26.037,16.586,26.878,28.644,27.212,20.476,5.251,17.137
"1946-07",3.949,5.424,5.708,14.653,28.366,23.102,24.261,26.614,27.131,20.922,26.728,25.089,NA,15.118,16.72,7.13,10.67,19.902,31.176,26.883,29.427,26.204,23.709,31.508,25.455,16.799,21.26,22.939,2.286,NA,NA,12.123,33.523,NA,NA,24.444,42.972,27.433,27.255,26.104,21.571,19.094,13.765,13.579,-7.47,-1.166,0.319,21.854,25.075,18.092,20.982,25.376,15.552,25.997,27.684,26.584,19.757,4.754,17.125
"1946-08",4.15,5.299,5.66,15.678,28.239,23.976,24.98,26.758,27.309,20.279,27.111,24.836,NA,14.526,17.677,7.789,11.533,20.566,29.983,27.529,28.75,25.8,23.378,29.356,25.3,16.738,21.311,22.362,1.06,NA,NA,12.382,33.382,NA,NA,25.587,42.106,27.312,27.286,26.406,21.301,19.739,13.099,13.465,-7.408,-4.17,-0.746,22.629,24.571,17.763,21.954,24.854,15.283,25.767,27.924,26.331,19.32,4.275,17.048
"1946-09",0.825,1.755,2.086,15.936,27.537,22.366,24.566,26.58,27.129,20.941,27.013,24.888,NA,14.554,18.709,7.68,9.503,17.588,24.377,25.319,29.835,25.851,24.106,33.491,25.297,16.586,21.898,22.634,-1.883,NA,NA,10.422,30.709,NA,NA,24.633,41.125,27.234,27.19,26.631,21.336,20.024,12.905,13.396,-8.024,-3.565,-6.717,22.785,24.631,17.681,21.751,24.921,15.346,25.66,27.884,26.283,19.326,4.257,16.84
"1946-10",-4.564,-4.277,-3.545,14.769,25.999,19.602,24.221,26.509,26.764,21.321,26.761,25.46,NA,14.833,19.38,8.709,6.433,14.409,15.17,20.645,28.708,26.229,24.849,31.488,25.908,16.838,22.877,23.629,-9.468,NA,NA,6.408,23.705,NA,NA,21.47,35.671,27.199,27.098,27.102,21.26,21.478,12.984,13.909,-5.258,-2.074,-16.823,22.141,24.42,18.125,20.727,25.427,15.67,25.509,27.816,26.571,19.648,4.686,16.415
"1946-11",-8.1,-11.423,-6.542,12.742,24.436,16.813,22.673,25.781,25.807,22.09,25.988,25.883,NA,15.785,19.865,10.624,2.883,12.612,8.717,17.608,25.156,27.229,25.941,28.062,26.688,17.714,23.989,24.959,-19.731,NA,NA,1.45,16.74,NA,NA,15.873,26.896,26.15,26.658,27.488,22.245,22.806,13.824,14.691,-2.221,-0.231,-24.164,20.958,24.622,18.832,19.335,25.635,16.42,25.514,26.9,26.524,20.822,5.406,16.107
"1946-12",-10.778,-17.628,-14.702,11.067,22.358,12.801,21.385,25.222,24.968,22.661,25.578,25.485,NA,17.165,22.217,12.235,0.516,8.921,1.2,15.092,22.471,27.445,26.24,26.124,26.628,19.215,24.657,25.351,-18.913,NA,NA,-1.635,11.841,NA,NA,12.551,21.592,24.711,26.481,27.737,23.407,23.195,15.63,15.75,0.756,1.966,-25.675,19.699,24.77,19.727,17.989,25.84,17.92,25.047,25.3,26.239,22.282,6.566,16.209
"1947-01",-11.922,-18.949,-15.882,10.897,19.293,11.377,19.991,25.204,24.626,23.554,25.419,25.59,NA,17.808,23.189,12.652,-0.155,8.732,0.544,14.353,22.193,27.505,26.735,25.393,26.413,20.089,25.193,25.776,-25.355,NA,NA,-4.847,9.289,NA,NA,9.573,21.478,23.741,25.996,27.296,23.521,24.103,17.118,16.975,3.082,3.864,-28.461,18.731,25.262,20.705,17.138,26.004,19.202,24.096,25.175,26.337,23.057,7.746,16.337
"1947-02",-14.714,-21.954,-19.132,10.363,20.042,10.902,20.034,25.216,24.256,24.926,25.401,25.513,NA,19.034,23.654,13.442,-1.385,7.38,3.261,14.287,23.533,27.242,27.294,26.419,26.741,21.113,25.447,25.968,-24.779,NA,NA,-1.586,12.646,NA,NA,10.925,25.472,24.701,25.966,27.194,24.332,24.352,17.952,17.949,3.093,4.245,-29.229,18.265,25.675,21.254,16.357,26.375,20.066,24.427,25.352,26.441,23.672,8.396,16.567
"1947-03",-12.8,-20.033,-20.099,9.64,22.007,13.099,20.75,26.014,24.571,25.604,25.461,25.862,NA,18.973,22.631,12.583,0.681,8.295,6.673,13.44,24.596,27.035,27.588,27.759,27.151,20.715,24.858,25.93,-21.544,NA,NA,-2.084,15.895,NA,NA,13.008,30.067,26.134,25.972,27.164,24.66,24.636,17.392,18.032,0.779,2.713,-27.164,18.35,25.919,21.402,16.575,26.715,20.109,25.577,26.073,27.119,23.23,7.931,16.67
"1947-04",-9.456,-12.331,-14.98,10.782,23.475,14.244,21.581,26.81,24.968,24.653,25.999,26.169,NA,18.05,21.513,9.835,0.984,10.205,11.536,15.43,27.168,26.154,27.952,30.36,26.876,19.462,24.459,25.941,-15.92,NA,NA,-0.126,18.634,NA,NA,16.24,33.774,27.623,26.815,27.026,24.828,22.613,16.741,16.114,-2.225,1.029,-21.232,19.031,26.144,20.831,16.922,26.73,19.394,27.131,28.072,27.594,22.842,7.016,16.792
"1947-05",-2.587,-2.893,-5.367,11.878,25.143,16.879,22.631,27.256,25.944,23.568,26.465,25.569,NA,17.065,20.442,9.041,3.83,13.375,20.621,18.283,28.537,26.401,27.429,33.149,27.169,18.702,23.223,24.813,-7.139,NA,NA,3.62,26.338,NA,NA,19.576,39.19,28.393,27.224,26.299,23.842,20.851,15.82,14.999,-4.553,-0.883,-8.96,19.843,26.367,19.705,17.943,26.272,18.208,27.675,28.661,27.78,21.86,5.896,17.029
"1947-06",2.192,3.754,1.215,13.767,26.616,20.094,23.751,26.89,26.314,22.608,26.2,24.879,NA,16.26,19.103,7.537,6.554,15.59,25.584,23.295,31.266,26.692,27.261,35.173,25.989,17.642,22.177,23.314,0.01,NA,NA,8.078,30.972,NA,NA,21.952,43.802,28.899,27.172,25.485,22.436,19.645,14.853,13.801,-6.478,-1.718,-0.666,21.013,26.232,18.597,19.304,25.888,17.097,26.427,28.873,26.872,20.758,5.154,17.135
"1947-07",4.1,6.276,5.096,15.294,27.264,22.271,24.166,26.896,26.869,22.427,26.644,24.413,NA,15.451,18.304,7.47,9.586,18.679,32.535,26.011,30.183,26.067,26.523,34.088,25.173,16.942,21.1,22.402,1.775,NA,NA,12.188,35.407,NA,NA,23.58,44.051,27.821,26.935,25.18,21.057,18.475,13.338,13.347,-7.411,-2.595,0.198,22.152,26.119,17.95,20.759,25.485,16.277,25.96,28.14,26.436,19.789,4.616,17.142
"1947-08",4.394,5.255,5.763,16.013,28.05,23.482,24.952,27.375,27.248,22.317,26.938,24.33,NA,14.874,18.106,6.499,9.666,18.988,28.974,26.202,29.894,26.123,25.331,34.086,24.71,16.504,21.325,22.319,1.089,NA,NA,13.063,33.749,NA,NA,24.471,42.665,27.153,27.115,25.392,20.694,18.766,13.011,12.728,-7.692,-4.876,-0.9,23.123,26.029,17.546,21.763,25.17,15.707,25.323,27.699,26.195,19.442,4.264,17.135
"1947-09",1.488,2.598,2.785,16.29,28.04,22.467,25.19,27.501,27.217,22.309,26.991,24.789,NA,14.474,18.327,7.746,9.48,17.393,22.939,23.702,30.469,26.306,25.173,34.718,24.971,16.331,22.362,23.143,-1.6,NA,NA,11.42,29.822,NA,NA,23.936,41.322,27.213,27.202,26.001,20.409,19.345,12.794,12.995,-7.155,-4.074,-5.984,23.277,25.956,17.691,21.687,25.388,15.365,25.453,27.512,26.471,19.593,4.362,16.983
"1947-10",-2.037,-3.689,-1.528,15.134,26.008,19.727,24.036,26.973,26.929,22.303,27.183,25.598,NA,14.822,19.018,8.52,5.119,14.935,16.134,20.82,29.013,26.536,25.864,31.812,25.897,16.454,22.904,24.061,-6.898,NA,NA,6.183,24.642,NA,NA,21.117,36.186,27.778,27.329,26.943,20.833,21.069,13.42,13.805,-5.933,-3.728,-13.154,22.352,25.881,17.955,20.775,25.824,15.791,26.386,27.49,26.697,19.97,4.735,16.642
"1947-11",-7.664,-12.427,-10.688,13.933,22.368,16.056,22.63,26.388,26.177,23.049,26.601,26.081,NA,15.655,20.082,9.451,2.314,11.864,9.521,16.747,24.732,27.257,26.465,29.158,27.064,17.429,23.336,24.686,-15.679,NA,NA,-0.575,18.728,NA,NA,15.915,28.303,27.406,26.942,27.519,21.254,22.377,14.261,14.764,-2.144,-0.282,-21.297,21.239,25.879,18.739,19.202,26.137,16.658,26.827,26.787,26.964,20.702,5.378,16.298
"1947-12",-12.27,-13.104,-16.184,11.552,21.775,13.551,21.264,26.199,25.674,23.704,25.889,25.957,NA,17.091,21.954,11.069,1.208,8.684,4.324,14.006,21.806,27.813,26.897,26.781,27.229,18.585,24.412,25.651,-18.804,NA,NA,-2.598,13.047,NA,NA,12.353,22.144,26.015,26.599,28.184,23.087,24.037,15.432,16.136,0.811,1.895,-24.499,19.912,25.946,19.931,17.986,26.285,17.875,26.026,26.083,26.802,22.091,6.581,16.352
"1948-01",-12.711,-19.756,-20.876,10.334,20.196,11.81,20.709,26.051,24.983,24.967,25.552,26.12,NA,18.68,23.065,12.267,-0.254,8.072,1.183,13.726,20.705,27.807,27.345,26.01,26.817,19.503,24.712,26.216,-24.673,NA,NA,-3.854,9.915,NA,NA,10.747,21.001,24.928,26.325,27.901,24.01,25.196,16.451,17.231,3.254,4.004,-28.484,19.043,26.211,21.05,16.93,26.454,18.952,25.154,25.548,26.767,22.99,7.977,16.494
"1948-02",-14.99,-20.628,-24.124,10.31,20.313,11.958,21.021,25.927,24.707,25.673,25.835,26.211,NA,19.453,23.885,13.28,1.388,7.404,1.692,12.815,22.216,27.909,27.777,26.946,27.333,21.173,25.652,26.35,-23.689,NA,NA,-4.111,11.149,NA,NA,10.894,24.117,24.582,26.138,26.912,24.043,24.264,17.34,17.48,3.56,3.808,-28.841,18.49,26.512,21.691,16.698,26.762,19.951,24.882,26.257,27.395,23.506,8.572,16.773
"1948-03",-11.901,-17.175,-21.312,10.302,20.857,12.003,20.871,26.714,25.308,25.714,26.342,26.203,NA,19.188,22.747,12.196,1.466,8.526,1.669,13.363,24.226,27.535,27.611,29.563,27.985,20.699,25.63,26.716,-25.552,NA,NA,-4.615,12.218,NA,NA,12.712,28.747,26.03,26.502,27.046,24.664,23.92,17.249,17.461,1.008,2.611,-27.289,18.615,26.734,21.504,16.857,27.134,19.995,25.921,27.191,27.754,23.802,8.148,16.894
"1948-04",-10.264,-12.602,-17.253,10.193,23.132,14.453,21.849,27.466,25.902,25.203,26.577,26.302,NA,18.375,21.357,11.244,2.035,10.454,11.911,14.844,26.644,27.195,28.098,31.486,28.084,20.291,24.82,26.1,-18.895,NA,NA,-0.706,18.472,NA,NA,16.411,34.649,27.907,27.054,27.554,24.615,23.183,16.688,16.992,-1.898,0.607,-23.697,19.092,27.027,20.867,17.204,27.211,19.243,27.615,28.939,28.475,23.254,7.176,16.957
"1948-05",-2.421,-1.991,-3.771,11.074,25.363,17.523,23.134,27.922,26.592,23.951,26.795,26.044,NA,17.47,20.042,10.262,3.83,13.434,20.242,18.296,27.774,27.143,27.853,31.676,27.229,19.08,23.733,24.942,-8.286,NA,NA,3.231,25.541,NA,NA,19.198,38.907,29.136,27.628,27.016,23.389,21.22,14.936,15.465,-4.582,-1.772,-10.89,19.941,26.946,19.849,18.29,26.886,18.336,28.804,29.78,28.405,22.064,6.195,17.202
"1948-06",2.74,4.208,2.633,13.169,27.035,20.533,24.4,28.209,27.034,23.463,26.684,25.618,NA,16.261,19.493,8.037,7.634,16.418,25.471,22.912,30.014,27.036,26.694,34.88,26.62,18.047,22.58,23.768,-0.33,NA,NA,7.889,30.497,NA,NA,22.424,43.843,29.215,27.713,26.171,21.883,19.598,14.09,13.733,-5.815,-2.625,-0.975,21.098,26.956,18.734,19.599,26.329,17.465,27.818,29.168,27.942,20.75,5.279,17.367
"1948-07",4.506,5.735,4.888,14.75,27.563,23.04,24.656,27.536,27.392,23.037,26.554,24.932,NA,15.559,18.785,6.77,9.674,18.887,30.742,26.027,30.159,26.617,24.408,33.84,26.102,17.273,21.769,23.15,1.669,NA,NA,11.129,33.764,NA,NA,24.497,44.586,27.866,27.42,25.686,21.263,18.786,13.601,13.14,-7.376,-3.732,0.068,22.082,26.705,17.908,20.996,25.346,16.45,26.427,28.008,27.285,20.119,4.587,17.307
"1948-08",5.175,5.144,5.908,15.78,28.35,23.558,25.546,28.056,27.77,22.35,26.999,24.455,NA,14.619,17.734,7.097,9.822,19.184,31.078,26.506,30.554,26.209,23.207,33.115,25.921,16.508,22.247,23.372,0.752,NA,NA,12.711,34.175,NA,NA,24.87,43.9,27.56,27.186,25.497,20.594,18.957,12.908,12.935,-7.566,-5.557,-0.9,23.071,26.539,17.603,22.113,24.782,15.734,26.18,27.873,27.074,19.768,4.458,17.283
"1948-09",2.558,1.027,1.952,15.976,28.217,22.686,25.872,27.725,27.508,22.273,27.008,24.453,NA,14.655,18.842,7.995,8.647,17.61,21.674,24.041,31.127,26.148,23.65,33.672,25.582,16.619,22.594,23.179,-1.275,NA,NA,11.631,28.84,NA,NA,24.103,41.63,27.835,27.43,26.202,20.125,20.432,13.219,13.181,-6.533,-3.378,-5.14,23.29,26.358,17.522,22.057,24.916,15.532,25.876,27.94,26.9,19.505,4.428,17.104
"1948-10",-3.765,-5.838,-4.086,14.97,26.255,20.063,24.495,27.88,27.146,22.872,27.006,25.376,NA,15.272,19.068,9.112,5.516,14.32,14.288,20.187,29.21,26.719,24.844,32.051,25.851,17.232,23.279,24.094,-8.601,NA,NA,6.677,23.822,NA,NA,21.402,36.568,28.088,27.494,27.154,20.425,22.012,13.27,13.897,-6.49,-2.511,-15.681,22.646,26.377,17.984,21.012,25.603,15.931,26.066,28.178,26.837,19.903,4.772,16.702
"1948-11",-6.927,-8.019,-8.843,13.838,24.252,15.777,22.749,27.49,26.773,23.425,26.514,25.888,NA,16.142,20.526,10.535,2.322,10.676,9.442,16.669,25.671,27.216,25.839,28.394,26.735,17.96,24.128,25.168,-17.37,NA,NA,-0.706,19.819,NA,NA,16.091,29.398,27.488,27.145,27.69,21.31,23.711,14.235,14.679,-2.487,-0.13,-20.958,21.262,26.338,18.809,19.498,25.929,16.815,26.428,27.415,26.913,20.792,5.381,16.41
"1948-12",-12.457,-17.412,-16.925,11.979,22.639,13.96,21.881,26.818,25.79,24.115,26.044,26.141,NA,17.128,21.839,11.581,1.655,8.658,2.846,13.799,23.022,27.376,26.447,26.688,26.958,18.881,24.791,25.849,-20.299,NA,NA,-1.72,13.296,NA,NA,12.739,23.814,25.99,26.784,28.055,21.788,24.434,15.202,16.417,0.743,1.691,-24.112,19.942,26.349,19.874,18.21,26.046,18.107,25.709,26.399,26.889,21.767,6.488,16.365
"1949-01",-13.651,-20.409,-20.191,10.998,20.175,11.13,20.154,26.129,25.001,24.705,25.886,26.24,NA,18.443,23.511,12.936,0.822,8.009,-1.823,12.51,21.904,27.316,27.125,26.811,27.161,20.317,25.032,26.352,-23.185,NA,NA,-3.218,9.074,NA,NA,11.433,22.538,24.776,26.582,27.661,22.573,24.767,16.286,17.264,3.135,3.49,-28.865,19.002,26.397,20.991,16.993,26.427,19.405,25.053,25.911,27.018,22.809,7.586,16.543
"1949-02",-12.704,-17.592,-20.76,9.653,20.21,11.208,20.495,26.253,24.813,25.263,26.155,26.648,NA,18.996,23.56,12.592,0.063,7.208,-2.05,11.947,22.7,27.743,27.66,26.909,27.151,20.433,25.252,26.374,-22.223,NA,NA,-4.521,10.487,NA,NA,10.629,25.414,25.48,26.513,27.57,23.041,25.593,16.759,17.856,3.486,3.608,-26.561,18.504,26.648,21.595,16.685,26.737,19.864,25.239,26.348,27.445,23.367,8.223,16.763
"1949-03",-12.591,-16.952,-22.748,11.018,20.271,11.437,20.697,26.549,24.831,25.546,26.62,26.126,NA,19.362,22.975,12.521,1.179,7.533,-0.633,11.998,24.529,27.602,27.79,29.386,28.161,20.874,25.717,26.586,-24.576,NA,NA,-3.726,12.301,NA,NA,12.543,28.763,26.451,27.027,27.608,23.609,24.774,16.6,18.003,1.083,1.907,-27.144,18.588,26.912,21.448,16.67,27.029,19.906,26.199,27.363,27.82,23.48,7.932,16.815
"1949-04",-9.743,-13,-15.274,11.215,22.229,14.2,21.561,27.513,26.025,24.498,27.082,26.115,NA,18.531,21.811,11.204,1.295,9.859,11.512,15.072,26.197,27.585,27.513,29.911,27.886,20.477,25.384,26.189,-16.611,NA,NA,-0.507,18.933,NA,NA,15.338,34.3,28.671,27.507,27.493,23.515,23.594,16.437,17.041,-1.945,0.876,-22.476,19.2,27.286,20.773,17.292,26.951,19.179,27.662,29.338,28.365,23.046,7.011,16.997
"1949-05",-2.78,-4.525,-6.932,12.711,23.149,16.757,22.641,27.441,26.305,23.477,27.177,25.982,NA,17.187,20.519,9.068,4.477,12.524,19.276,17.457,27.943,27.176,26.988,33.611,27.18,19.295,23.722,24.717,-9.798,NA,NA,3.526,25.889,NA,NA,19.018,39.643,29.735,27.807,26.872,23.503,21.754,15.605,15.427,-3.985,-2.33,-11.14,19.988,27.303,19.688,18.008,26.748,18.416,28.554,30.319,28.243,22.078,5.993,17.137
"1949-06",1.808,3.999,0.745,14.309,26.333,19.703,24.269,27.786,27.287,22.588,27.081,25.807,NA,15.393,17.653,7.221,7.668,16.348,26.809,21.682,29.721,27.137,25.388,34.644,26.511,17.421,22.239,23.832,-0.427,NA,NA,7.246,31.318,NA,NA,21.12,44.098,30.142,27.726,25.933,21.622,20.734,14.356,14.847,-5.237,-3.498,-1.254,21.252,27.186,18.736,19.437,26.047,17.001,27.686,29.953,27.55,20.859,5.211,17.268
"1949-07",3.915,5.699,4.762,16.155,27.827,22.663,25.321,27.718,27.636,21.994,27.02,25.531,NA,14.57,16.79,7.461,9.691,19.16,31.074,25.262,30.534,26.553,23.62,33.499,25.699,16.943,22.062,23.38,1.832,NA,NA,11.142,33.578,NA,NA,23.631,44.689,28.036,27.261,25.149,20.556,19.119,13.185,13.547,-8.037,-4.323,0.135,22.457,26.792,18.088,20.932,25.295,16.048,26.301,28.562,26.868,19.934,4.693,17.27
"1949-08",3.763,5.242,5.183,17.43,28.933,23.726,26.267,27.719,27.7,21.447,27.187,25.383,NA,14,17.291,7.381,10.565,19.508,29.339,26.997,30.315,25.788,23.001,32.605,25.447,16.001,22.072,23.359,0.709,NA,NA,13.172,33.316,NA,NA,25.029,43.98,27.624,27.262,25.399,20.077,19.401,12.824,12.903,-7.577,-5.652,-0.573,23.289,26.302,17.65,21.796,24.837,15.727,25.717,27.985,26.563,19.393,4.449,17.219
"1949-09",1.716,1.642,2.61,17.018,28.656,22.446,25.913,27.911,27.682,21.693,27.286,25.365,NA,14.203,18.128,7.164,8.184,17.381,24.525,24.347,30.547,25.755,23.515,34.063,25.561,16.462,22.543,23.383,-2.354,NA,NA,11.077,30.201,NA,NA,23.868,41.611,27.257,27.277,26.18,19.702,20.679,13.018,12.888,-6.442,-4.948,-6.165,23.479,26.234,17.574,21.716,24.972,15.626,25.649,27.732,26.493,19.385,4.459,17.02
"1949-10",-3.833,-7.487,-4.629,15.336,27.067,20.497,24.41,27.121,27.016,21.918,27.171,25.831,NA,14.348,18.467,8.782,6.591,14.532,11.709,20.776,28.004,26.271,25.12,31.516,26.294,17.066,23.871,24.646,-9.157,NA,NA,5.942,22.057,NA,NA,21.116,35.598,27.742,27.456,27.159,20.689,21.842,13.292,13.738,-5.551,-2.275,-15.264,22.564,26.045,17.913,20.768,25.745,15.81,26.143,27.625,26.791,19.98,4.838,16.673
"1949-11",-6.905,-12.376,-8.111,13.068,24.279,16.983,22.467,26.765,26.633,22.47,26.655,26.596,NA,15.482,20.089,9.359,2.472,12.009,6.124,17.385,25.088,27.456,26.054,29.047,26.993,18.244,24.265,25.28,-21.98,NA,NA,-1.229,16.834,NA,NA,17.523,28.874,27.44,27.434,28.031,20.949,23.238,13.845,14.566,-1.996,-0.426,-23.58,21.153,25.921,18.861,19.418,26.163,16.853,26.57,27.225,27.011,20.78,5.436,16.328
"1949-12",-11.757,-20.363,-16.622,11.54,22.674,13.237,21.546,26.502,25.925,23.27,26.101,26.234,NA,17.004,21.875,11.679,0.798,9.086,-2.483,13.665,22.219,27.835,26.801,27.062,27.366,19.188,25.221,26.277,-24.776,NA,NA,-2.65,11.976,NA,NA,13.782,23.425,26.134,27.077,28.497,22.122,23.852,15.571,16.414,0.639,1.818,-27.792,19.915,26.032,19.901,18.083,26.424,18.221,26.088,26.16,26.794,21.972,6.629,16.327
"1950-01",-12.152,-18.769,-21.264,10.525,19.284,9.79,20.34,26.037,24.796,24.769,25.9,26.123,NA,18.48,23.106,13.019,-0.67,7.729,-2.623,13.782,22.714,27.874,27.581,26.41,27.186,20.253,25.99,27.027,-27,NA,NA,-4.804,11.908,NA,NA,11.995,24.307,25.599,26.365,27.602,22.532,25.52,16.326,17.414,2.893,4.008,-27.96,19.101,26.221,21.12,16.664,26.553,19.593,25.479,25.322,26.702,23.223,7.819,16.523
"1950-02",-12.436,-17.951,-21.475,10.783,19.45,10.642,20.41,25.974,24.37,25.528,25.853,26.374,NA,19.183,23.951,13.274,-0.311,7.026,-1.7,11.787,23.256,27.967,28.01,27.2,27.6,20.617,26.164,27.584,-26.831,NA,NA,-7.688,12.1,NA,NA,10.725,25.983,25.753,25.949,26.749,22.991,24.737,17.297,17.592,3.299,4.049,-28.356,18.563,26.459,21.585,16.421,26.919,20.605,25.504,25.581,26.908,23.902,8.41,16.696
"1950-03",-13.109,-19.24,-22.807,10.064,20.512,12.052,20.559,26.651,24.819,25.71,26.07,26.615,NA,18.654,23.167,12.182,-1.001,7.007,4.708,12.788,26.003,27.956,28.403,29.44,28.024,20.713,26.266,27.4,-24.59,NA,NA,-3.067,16.231,NA,NA,13.323,32.305,26.937,26.66,27.625,23.582,24.159,17.253,17.801,1.161,2.118,-29.852,18.766,26.727,21.345,16.326,27.337,20.778,26.387,26.795,27.623,23.966,8.043,16.807
"1950-04",-9.54,-12.395,-16.92,11.712,21.642,14.133,21.308,27.487,25.591,25.156,26.606,26.458,NA,18.223,21.736,11.134,1.833,9.32,10.557,14.218,26.858,27.142,28.085,31.302,27.347,20.522,25.696,26.596,-18.429,NA,NA,-1.783,18.941,NA,NA,15.722,34.003,28.365,27.511,28.225,23.774,23.179,16.416,16.793,-1.648,0.807,-21.095,19.349,26.958,20.798,16.999,27.216,19.714,27.727,28.647,28.038,23.291,7.15,16.994
"1950-05",-3.644,-5.582,-7.547,12.866,24.287,17.004,22.466,27.245,26.489,23.905,27.168,26.171,NA,17.084,19.718,8.469,3.355,11.873,19.684,17.063,28.803,26.898,27.607,33.976,27.235,18.372,23.652,25.553,-10.232,NA,NA,2.193,26.457,NA,NA,19.115,40.391,29.478,27.795,27.539,22.205,21.678,15.226,15.339,-2.636,-1.66,-13.951,19.955,26.877,19.931,17.984,27.025,18.554,28.417,29.439,27.892,21.942,6.109,17.028
"1950-06",2.537,3.658,1.861,14.519,26.854,20.566,24.279,27.661,27.125,22.77,26.512,25.743,NA,15.992,18.06,7.33,7.201,15.129,26.045,21.821,30.729,27.097,26.836,36.179,26.271,17.679,22.72,24.27,-0.779,NA,NA,7.615,31.262,NA,NA,21.281,44.51,29.533,27.684,26.404,21.71,20.336,13.997,14.198,-4.653,-3.744,-0.625,21.089,26.754,18.873,19.417,26.355,17.001,27.496,29.167,27.423,20.835,5.333,17.29
"1950-07",4.255,5.61,4.953,16.075,27.76,22.768,24.966,27.833,27.287,22.302,26.7,25.21,NA,15.37,17.452,7.647,10.281,19.053,29.372,25.167,30.547,26.449,24.476,35.134,25.434,16.641,22.178,23.936,1.475,NA,NA,10.937,33.349,NA,NA,23.962,44.694,28.028,27.347,25.522,20.512,19.183,12.884,13.279,-6.847,-5.965,0.188,22.327,26.358,18.139,20.845,25.591,15.935,26.361,28.48,26.922,20.062,4.792,17.265
"1950-08",4.213,5.786,5.023,16.984,28.011,23.279,25.435,27.726,27.562,22.283,27.153,25.007,NA,15.047,18.264,6.751,10.688,18.912,29.228,26.164,30.272,26.074,23.204,34.487,25.318,16.249,22.014,23.239,0.685,NA,NA,12.72,34.094,NA,NA,24.568,43.872,27.317,27.142,25.075,19.873,19.178,12.491,12.805,-7.956,-4.651,-0.783,23.087,26.039,17.612,21.738,25.037,15.572,25.986,27.726,26.823,19.63,4.48,17.205
"1950-09",1.121,0.854,0.23,17.059,27.718,22.564,24.882,27.059,27.397,21.783,27.259,25.049,NA,14.391,17.868,7.498,9.488,17.46,20.021,24.059,30.493,26.198,23.643,34.623,25.849,16.006,23.169,24.342,-2.209,NA,NA,10.498,29.115,NA,NA,23.741,41.782,27.67,27.377,25.991,19.696,20.938,12.83,13.498,-7.395,-5.079,-5.589,23.062,25.941,17.621,21.792,25.13,15.348,26.008,27.856,26.994,19.831,4.382,16.988
"1950-10",-4.055,-7.307,-4.953,16.06,25.187,19.301,23.923,26.703,26.998,21.896,27.294,25.787,NA,14.478,18.712,8.83,6.643,13.45,14.981,20.446,28.808,26.43,25.08,31.928,26.521,16.88,23.504,24.709,-11.878,NA,NA,5.165,24.859,NA,NA,21.122,36.934,28.006,27.549,26.96,21.131,21.356,13.314,14.036,-7.332,-3.186,-15.539,22.354,25.864,17.961,20.729,25.772,15.945,26.664,27.994,27.004,19.984,4.742,16.613
"1950-11",-9.36,-14.632,-10.193,14.222,23.62,16.172,22.606,26.651,26.701,22.71,26.475,26.261,NA,15.793,20.192,10.242,3.87,10.587,8.601,16.483,25.06,27.539,26.191,28.609,27.277,17.703,23.91,25.388,-19.365,NA,NA,-0.423,18.376,NA,NA,16.213,28.653,27.646,27.478,28.115,20.922,22.76,13.693,14.927,-2.636,-0.165,-25.991,21.013,26,18.719,19.346,26.135,16.929,27.063,27.507,27.166,20.908,5.457,16.27
"1950-12",-13.736,-13.498,-18.182,12.209,20.538,12.18,21.096,26.249,25.676,23.501,26.033,25.801,NA,17.109,22.061,11.64,2.583,9.802,2.684,14.361,21.086,27.843,26.569,27.595,27.701,18.904,25.117,26.288,-24.065,NA,NA,-4.055,11.487,NA,NA,12.767,21.187,25.839,26.942,28.087,22.111,24.463,14.8,16.745,0.66,1.873,-27.602,19.86,26.15,19.832,17.856,26.224,17.992,26.206,26.416,27.308,22.172,6.582,16.291
"1951-01",-15.985,-18.657,-23.447,12.041,20.297,11.174,20.78,25.766,24.959,24.41,25.631,25.803,NA,18.282,23.686,12.473,1.646,8.406,-1.212,12.806,19.878,27.542,27.021,26.379,27.083,20.237,25.871,26.994,-24.423,NA,NA,-4.837,7.773,NA,NA,11.228,19.285,24.867,26.378,27.34,22.809,24.526,16.288,17.893,2.705,4.505,-28.488,18.926,26.217,20.837,16.722,26.309,19.353,25.344,25.691,26.926,23.239,7.798,16.478
"1951-02",-14.188,-17.244,-21.873,11.478,20.587,11.442,21.119,26.193,24.931,24.6,25.77,26.246,NA,18.773,23.518,13.174,0.623,8.135,0.695,12.062,21.968,27.809,27.313,27.963,27.255,20.968,25.901,26.758,-23.542,NA,NA,-5.305,11.173,NA,NA,11.134,24.115,25.413,25.987,26.879,23.795,24.672,17.28,19.061,2.78,4.617,-27.494,18.462,26.407,21.389,16.569,26.627,20.252,25.324,26.225,27.281,23.931,8.337,16.74
"1951-03",-12.738,-14.118,-21.869,11.58,20.878,11.308,21.286,26.702,24.957,25.26,26.247,26.27,NA,19.032,23.042,12.197,1.701,8.488,5.181,13.328,24.246,27.515,27.571,29.559,27.572,21.06,25.527,26.79,-25.794,NA,NA,-5.634,15.723,NA,NA,13.197,29.999,26.69,26.628,27.41,24.235,23.923,16.88,17.82,0.871,2.717,-29.257,18.595,26.595,21.302,16.403,26.974,20.206,26.296,27.057,27.792,23.976,8.079,16.773
"1951-04",-10.606,-11.775,-16.106,11.86,21.852,12.943,21.814,27.555,25.776,25.1,26.633,26.087,NA,18.437,21.756,10.102,2.222,10.473,10.806,14.594,26.286,26.7,27.935,30.743,28.076,20.689,25.111,26.412,-17.218,NA,NA,-1.662,17.678,NA,NA,16.225,33.949,28.292,27.304,27.716,23.953,22.517,16.092,16.162,-1.607,0.512,-22.247,19.213,26.953,20.683,16.833,26.999,19.485,27.796,28.718,28.447,23.35,7.188,16.945
"1951-05",-2.421,-0.664,-4.803,12.595,24.15,16.974,22.877,28.025,26.545,23.512,26.967,25.723,NA,17.154,20.19,8.99,4.053,12.863,21.605,18.066,28.034,26.874,27.653,34.16,27.723,19.284,23.96,25.59,-7.582,NA,NA,2.503,27.239,NA,NA,19.845,40.68,29.617,27.598,26.684,23.605,21.144,15.47,14.991,-3.941,-1.649,-9.654,19.992,26.978,19.766,17.781,26.767,18.474,28.272,29.625,28.228,22.149,6.123,17.211
"1951-06",2.548,4.46,3.068,13.845,26.294,20.058,23.604,27.323,26.92,22.836,26.734,25.405,NA,16.175,18.249,8.534,7.26,15.296,26.472,22.49,28.337,26.409,26.083,31.883,27.159,18.151,22.703,24.482,0.639,NA,NA,7.275,31.824,NA,NA,21.642,43.731,30.085,27.515,25.727,22.086,19.691,13.851,14.587,-6.652,-2.709,-0.45,20.925,26.866,18.869,19.15,26.148,17.088,28.073,29.473,27.616,21.042,5.427,17.325
"1951-07",4.064,6.457,5.731,15.219,27.547,22.452,24.725,27.688,27.22,22.364,26.688,25.05,NA,15.076,17.823,6.597,10.368,17.618,31.84,25.287,29.799,26.432,24.893,31.944,25.955,16.828,21.802,23.446,1.744,NA,NA,10.749,33.38,NA,NA,23.704,44.321,28.088,27.205,25.109,21.098,18.729,13.275,13.069,-7.852,-2.693,0.067,22.197,26.606,17.991,20.587,25.405,16.307,26.628,28.204,27.109,20.033,4.896,17.265
"1951-08",3.913,4.893,5.454,16.591,28.031,23.65,25.086,27.581,27.196,22.354,26.906,24.638,NA,14.891,17.973,6.912,11.097,19.266,31.422,26.74,30.215,26.172,23.906,32.95,25.413,16.814,21.991,23.135,1.169,NA,NA,12.135,33.499,NA,NA,24.381,43.422,27.468,27.231,25.45,19.805,18.943,12.407,13.012,-8.166,-3.973,-1.143,22.955,26.318,17.675,21.894,24.92,15.819,25.605,27.449,26.564,19.432,4.424,17.186
"1951-09",0.851,1.47,1.833,16.462,28.291,22.738,25.447,27.362,27.238,21.728,26.824,24.74,NA,14.085,17.657,7.439,8.985,17.581,21.698,23.718,30.391,26.135,23.997,34.363,25.593,16.489,22.099,23.05,-1.182,NA,NA,10.609,28.661,NA,NA,23.405,41.569,27.528,27.029,25.979,20.071,19.883,12.767,13.341,-7.025,-4.051,-6.732,23.111,25.918,17.574,21.989,25.036,15.465,25.759,27.764,26.681,19.423,4.516,16.973
"1951-10",-2.977,-4.969,-3.514,15.516,26.106,18.714,24.122,26.878,26.773,21.957,26.912,25.179,NA,14.638,18.082,8.793,6.14,14.658,16.612,21.171,28.108,26.271,25.27,31.447,26.155,17.134,23.07,23.935,-9.836,NA,NA,4.611,25,NA,NA,21.174,35.468,27.975,27.233,26.569,20.626,20.969,12.923,13.924,-6.826,-1.761,-15.24,22.276,26.019,17.982,20.807,25.457,15.657,26.311,27.824,26.656,19.843,4.877,16.579
"1951-11",-8.821,-15.111,-12.645,13.457,24.163,15.779,22.493,26.812,26.398,23.261,26.396,25.897,NA,16.021,19.719,10.12,3.614,10.771,9.036,16.902,24.748,26.995,26.341,29.211,27.334,18.237,23.765,24.828,-19.733,NA,NA,-1.469,17.967,NA,NA,16.959,27.508,27.361,27.36,27.909,21.075,23.136,13.622,15.129,-2.458,-0.694,-24.07,21.091,25.988,18.813,19.067,25.913,16.712,26.642,27.353,26.987,20.695,5.397,16.262
"1951-12",-13.699,-16.659,-18.878,11.952,20.403,11.985,20.825,26.319,25.378,24.18,26.342,26.087,NA,17.642,21.48,11.287,2.588,9.757,3.17,14.389,21.59,27.395,26.604,27.073,27.456,18.947,24.473,25.543,-21.895,NA,NA,-5.921,13.014,NA,NA,13.629,22.384,25.729,26.788,27.512,21.729,25.482,14.5,16.187,0.816,1.898,-27.076,19.738,26.036,20.047,17.665,26.234,17.898,25.99,26.166,26.962,21.729,6.524,16.262
"1952-01",-14.052,-16.788,-23.85,9.997,18.295,9.166,19.596,25.877,24.657,24.881,25.761,25.48,NA,19.251,23.068,13.561,1.785,8.974,-0.763,13.564,21.111,27.708,27.291,26.868,27.325,20.479,25.572,25.81,-25.514,NA,NA,-6.659,9.576,NA,NA,12.357,20.713,24.846,26.791,28.023,22.636,25.138,15.995,17.195,2.946,3.833,-27.456,18.826,26.226,20.942,16.278,26.526,19.229,25.075,25.863,27.187,22.891,7.93,16.493
"1952-02",-15.527,-18.094,-24.172,10.719,18.618,9.916,19.801,25.637,24.174,25.432,25.528,25.973,NA,19.598,23.898,13.224,1.616,7.051,-0.858,11.609,22.546,27.452,27.512,27.121,27.343,21.206,25.773,26.333,-24.908,NA,NA,-6.823,11.54,NA,NA,10.49,25.216,25.164,26.313,27.292,23.655,24.959,17.015,18.15,3.049,4.231,-28.274,18.388,26.465,21.604,16.142,26.543,20.203,24.98,25.927,27.045,23.487,8.412,16.671
"1952-03",-13.606,-19.991,-21.157,10.323,20.029,11.074,19.832,26.371,24.776,25.532,26.461,26.145,NA,19.51,23.608,12.697,1.668,8.175,3.444,12.516,24.698,27.794,27.81,29.083,28.247,21.28,25.774,26.323,-23.232,NA,NA,-5.623,13.919,NA,NA,12.856,30.121,26.415,26.812,27.523,24.229,24.394,16.691,17.974,1.355,1.715,-27.659,18.405,26.668,21.589,16.225,27.038,20.342,25.815,26.944,27.755,23.478,7.951,16.829
"1952-04",-9.832,-13.091,-14.963,10.645,20.552,13.293,20.696,27.111,25.334,24.844,26.825,26.471,NA,18.691,22.517,11.37,2.251,9.695,9.695,14.384,26.621,27.421,28.462,30.632,27.755,20.753,25.633,26.188,-17.233,NA,NA,-1.413,17.865,NA,NA,16.91,34.11,27.933,27.491,28.207,24.172,23.147,15.954,16.511,-1.639,-0.075,-20.893,18.977,27.001,20.711,16.728,27.232,19.86,27.287,28.969,28.325,23.202,7.162,17.012
"1952-05",-3.28,-3.193,-5.89,12.309,23.321,16.76,22.022,27.614,26.417,23.814,27.369,25.969,NA,17.527,21.074,8.959,4.733,12.697,18.013,17.476,28.377,27.513,27.995,33.906,27.202,19.86,24.257,25.026,-9.226,NA,NA,1.957,25.45,NA,NA,19.273,39.979,29.279,27.857,27.389,23.749,21.396,14.773,14.748,-3.98,-2.183,-10.373,19.858,27.021,19.719,17.886,27.042,18.726,28.322,29.493,27.943,22.308,6.234,17.205
"1952-06",1.861,4.241,1.018,13.682,26.631,20.128,23.717,27.843,27.11,23.041,27.043,25.833,NA,16.428,19.689,7.023,7.792,15.936,25.722,21.356,30.14,26.89,27.183,36.345,26.351,18.457,22.988,24.215,-0.028,NA,NA,6.717,31.132,NA,NA,21.516,44.54,29.416,27.599,26.197,21.957,19.535,13.924,13.445,-5.999,-3.278,-0.948,20.962,26.696,18.663,19.236,26.621,17.624,27.331,29.245,27.381,21.11,5.374,17.317
"1952-07",4.065,5.871,4.07,15.173,27.341,22.483,24.121,27.099,27.398,21.927,27.233,25.442,NA,15.225,17.79,5.966,10.209,17.934,30.926,26.205,30.233,26.905,26.211,34.75,25.376,17.693,22.514,23.556,1.434,NA,NA,10.494,34.295,NA,NA,23.684,45.243,28.103,27.234,25.522,20.664,18.967,12.989,13.302,-7.428,-4.015,0.231,22.012,26.34,17.994,20.857,25.949,16.455,26.236,28.173,26.769,20.164,4.885,17.256
"1952-08",4.753,6.013,4.479,16.417,28.38,23.392,25.28,27.665,27.849,21.627,27.45,25.016,NA,14.617,18.08,6.886,10.805,18.959,28.625,26.795,30.329,26.37,24.802,33.924,25.174,16.898,22.582,23.344,0.541,NA,NA,12.48,33.403,NA,NA,24.411,43.944,27.475,27.223,25.666,20.257,18.927,12.798,12.959,-8.916,-5.064,-0.284,22.982,25.843,17.531,21.856,25.44,15.874,25.73,27.907,26.586,19.798,4.627,17.231
"1952-09",1.35,2.008,1.608,16.585,28.493,22.626,25.445,27.521,27.807,21.554,27.42,25.149,NA,14.247,18.467,7.393,8.48,17.969,21.631,23.737,30.598,26.306,24.642,35.064,25.508,16.5,23.216,23.948,-1.299,NA,NA,11.129,28.613,NA,NA,23.956,41.6,27.536,27.233,26.322,20.559,19.968,13.015,13.149,-8.152,-5.587,-5.459,23.1,25.588,17.564,21.81,25.353,15.609,25.939,27.736,26.743,19.974,4.359,16.999
"1952-10",-2.546,-5.657,-4.294,15.529,26.753,19.03,24.092,26.9,27.333,21.905,27.409,25.698,NA,14.428,19.281,8.036,4.4,13.545,14.176,21.125,28.525,26.315,25.595,31.997,26.197,17.232,23.708,24.311,-7.969,NA,NA,6.591,23.059,NA,NA,21.145,35.512,27.915,27.353,27.114,21.426,21.02,13.741,13.758,-6.311,-2.822,-14.38,22.294,25.566,17.769,20.67,25.687,15.866,26.381,27.578,26.761,20.388,4.675,16.6
"1952-11",-8.789,-9.787,-9.584,14.41,23.659,16.671,22.795,26.327,26.351,22.233,26.98,26.185,NA,14.954,20.833,9.195,1.801,10.112,9.04,16.549,24.872,27.297,26.758,29.372,26.78,18.284,23.925,24.912,-18.033,NA,NA,-1.358,18.183,NA,NA,16.556,28.141,26.87,26.991,27.445,21.823,21.772,14.39,14.492,-2.842,-0.748,-23.151,21.174,25.406,18.526,19.194,26.222,16.881,26.368,26.602,26.731,20.913,5.387,16.222
"1952-12",-12.041,-15.441,-16.742,11.939,19.928,12.209,20.339,25.931,25.566,23.04,26.308,26.122,NA,16.297,21.768,11.278,1.93,8.657,4.384,14.296,21.946,27.824,27.064,27.694,27.199,19.16,24.699,25.596,-23.436,NA,NA,-6.341,13.282,NA,NA,12.658,22.698,26.059,26.629,27.867,22.41,23.661,15.586,16.705,0.559,1.66,-25.661,19.679,25.507,19.521,17.884,26.392,18.058,26.21,25.756,26.804,21.961,6.494,16.212
"1953-01",-13.838,-18.041,-21.616,9.295,19.483,10.301,19.712,25.969,25.273,24.107,26.022,25.7,NA,17.864,23.102,12.7,0.464,7.659,0.093,12.815,20.437,27.819,27.157,26.744,26.813,20.212,25.023,25.836,-25.739,NA,NA,-6.972,9.216,NA,NA,11.379,20.279,24.731,26.324,27.62,23.778,25.34,16.917,17.556,2.797,3.699,-28.279,18.89,25.709,20.667,16.886,26.382,19.315,25.058,25.202,26.56,23.006,7.728,16.401
"1953-02",-14.758,-15.905,-22.752,10.117,19.374,10.445,19.664,25.754,24.617,24.491,25.895,26.212,NA,18.435,23.882,12.661,0.356,7.853,2.855,13.339,22.978,28.052,27.694,26.727,27.118,20.818,25.739,26.434,-28.034,NA,NA,-7.133,11.485,NA,NA,10.946,25.133,24.956,26.235,27.563,24.59,25.435,17.269,18.505,2.923,3.99,-30.021,18.362,25.993,21.291,16.396,26.716,20.287,24.683,25.641,26.806,23.5,8.238,16.565
"1953-03",-13.669,-17.445,-21.947,9.503,20.214,11.862,20.356,26.269,24.74,25.209,26.223,26.559,NA,18.315,22.956,11.514,0.736,8.219,7.495,14.226,24.894,27.93,27.971,28.477,27.162,20.284,25.578,26.76,-26.873,NA,NA,-3.134,15.842,NA,NA,13.65,29.846,26.071,26.579,27.622,24.487,24.154,17.069,18.087,0.979,2.138,-30.354,18.448,26.29,21.197,16.286,27.134,20.266,25.933,27.039,27.465,23.606,7.93,16.644
"1953-04",-9.119,-14.839,-14.79,9.747,22.212,13.576,21.528,27.013,25.392,24.08,26.824,26.089,NA,17.497,21.631,10.477,1.987,9.764,10.099,15.715,27.276,27.356,28.163,30.889,26.715,19.96,24.89,26.032,-18.637,NA,NA,-1.522,19.341,NA,NA,16.534,35.649,27.735,27.051,27.582,23.948,22.562,16.627,16.688,-1.558,-0.098,-23.547,19.001,26.292,20.491,16.723,27.264,19.663,27.29,28.677,27.81,22.892,7.057,16.768
"1953-05",-3.65,-3.595,-6.607,11.22,24.521,16.789,22.219,26.95,26.272,22.417,26.851,25.888,NA,16.311,19.43,8.351,4.83,12.904,18.402,18.092,28.672,26.929,27.245,33.463,27.021,18.056,23.152,25.199,-8.314,NA,NA,2.695,25.368,NA,NA,19.21,40.74,29.535,27.449,27.275,23.102,21.302,15.427,15.852,-3.624,-0.211,-10.396,19.63,26.176,19.578,17.869,26.906,18.275,28.328,29.46,27.517,21.852,6.152,16.97
"1953-06",1.924,4.551,1.62,13.207,26.692,20.113,23.667,26.981,27.019,21.631,26.678,25.595,NA,15.473,18.029,8.018,6.835,15.905,26.103,22.768,30.016,26.799,26.402,34.102,26.079,17.51,22.016,23.685,-0.265,NA,NA,8.413,31.01,NA,NA,21.481,44.406,28.956,27.493,26.341,22.341,19.899,14.739,14.838,-5.356,-1.577,-1.322,20.887,26.083,18.608,19.367,26.247,16.946,27.18,28.663,27.059,20.646,5.363,17.147
"1953-07",4.134,6.46,4.758,15.207,27.759,22.663,24.589,27.212,27.455,21.036,26.861,25.246,NA,14.471,17.515,6.427,9.44,17.288,30.856,25.742,29.838,26.695,25.735,33.213,25.337,16.761,21.688,23.216,1.51,NA,NA,12.095,33.675,NA,NA,24.243,44.523,27.709,27.12,25.445,21.031,18.947,13.56,13.792,-7.614,-2.332,0.179,22.086,25.63,17.896,20.816,25.701,16.248,25.965,27.979,26.591,19.922,4.619,17.142
"1953-08",4.424,5.285,5.02,16.448,28.053,23.59,24.995,27.171,27.491,20.799,27.036,25.141,NA,14.168,18.201,6.204,10.065,18.105,31.346,25.772,29.545,26.259,24.409,32.484,24.992,16.442,22.032,22.873,0.777,NA,NA,13.298,34.485,NA,NA,24.685,43.233,27.576,27.129,25.544,20.55,18.716,13.082,12.798,-8.199,-4.236,-0.919,22.926,25.249,17.555,21.636,25.191,15.713,25.568,27.922,26.37,19.475,4.259,17.065
"1953-09",0.997,1.687,1.68,16.475,27.776,22.505,25.147,26.998,27.191,20.957,26.933,25.188,NA,14.051,17.942,7.611,8.68,17.457,21.771,23.787,30.097,25.781,24.495,35.147,25.278,16.209,22.715,23.597,-1.746,NA,NA,11.111,29.109,NA,NA,23.588,41.672,27.285,27.02,26.133,20.433,20.111,13.266,13.607,-7.06,-2.651,-5.911,23.02,25.051,17.457,21.584,25.219,15.372,25.656,27.765,26.617,19.675,4.462,16.883
"1953-10",-3.324,-4.03,-3.277,15.079,26.249,19.642,23.948,26.456,26.952,21.216,27.203,25.726,NA,14.486,18.684,8.588,5.528,14.015,13.563,19.44,28.351,26.006,25.738,31.482,26.329,16.526,23.325,24.231,-9.325,NA,NA,5.364,23.304,NA,NA,21.439,36.161,27.832,27.278,27.276,21.121,21.782,13.771,14.007,-5.482,-2.293,-13.85,22.138,25.086,17.821,20.569,25.771,15.642,26.327,27.558,26.804,20.074,4.699,16.506
"1953-11",-8.048,-12.82,-8.921,12.561,24.021,16.68,22.519,26.567,26.406,21.926,26.076,26.175,NA,15.378,20.086,9.872,2.733,10.908,8.976,17.354,25.137,27.275,26.329,28.471,26.48,17.19,24.135,25.374,-18.753,NA,NA,-0.659,19.021,NA,NA,16.646,29.382,27.111,26.835,27.196,21.34,23.262,13.99,14.786,-1.845,-0.285,-24.001,20.99,25.123,18.806,19.14,26.17,16.545,26.255,27,26.776,20.843,5.474,16.17
"1953-12",-14.461,-17.425,-20.533,11.026,22.109,13.323,20.791,26.099,25.54,23.201,25.891,26.257,NA,16.793,22.309,11.198,2.003,9.389,4.002,14.614,20.753,27.657,26.724,26.705,26.862,18.531,25.073,26.088,-24.471,NA,NA,-4.216,11.987,NA,NA,13.887,20.291,25.183,26.407,27.24,21.998,22.956,15.504,15.809,0.78,2.076,-27.119,19.699,25.337,19.482,17.781,26.381,18.102,25.477,25.745,26.634,22.163,6.654,16.123
"1954-01",-12.727,-21.26,-24.677,9.303,20.685,12.417,19.811,25.593,24.856,24.306,25.667,26.455,NA,17.92,23.3,12.329,1.163,6.553,-3.577,12.477,21.109,27.502,27.257,25.843,26.382,19.798,25.261,26.445,-26.848,NA,NA,-2.499,10.026,NA,NA,11.584,22.665,24.771,25.919,27.901,23.369,25.053,16.906,17.233,3.083,4.079,-27.016,18.745,25.603,20.639,16.813,26.534,19.389,24.817,25.038,26.48,23.197,7.982,16.408
"1954-02",-15.567,-23.736,-22.943,8.648,20.96,11.456,20.054,25.953,24.539,25.034,25.667,25.977,NA,18.776,23.972,13.164,-0.716,7.678,-1.707,12.837,22.339,27.602,27.763,26.623,27.102,21.171,26.037,26.782,-29.256,NA,NA,-3.484,10.292,NA,NA,12.664,24.729,25.393,25.978,27.376,24.535,24.812,17.295,17.678,3.152,4.211,-33.199,18.281,26.009,21.195,16.28,26.657,20.295,24.987,25.321,26.583,23.695,8.555,16.485
"1954-03",-13.824,-17.501,-18.688,9.107,20.038,11.245,19.903,26.215,24.662,24.53,26.304,26.346,NA,18.65,22.695,12.625,0.512,9.322,4.619,13.944,24.213,27.723,28.268,27.613,27.357,20.823,25.488,26.276,-24.797,NA,NA,-2.725,14.651,NA,NA,13.895,29.613,26.082,26.295,26.985,24.459,23.853,17.202,17.548,0.716,2.547,-28.824,18.392,26.234,21.325,16.4,27.132,20.285,25.971,26.561,27.321,23.686,8.114,16.683
"1954-04",-9.764,-13.49,-14.119,9.96,22.257,13.827,21.009,27.329,25.677,24.647,26.728,26.378,NA,17.665,21.385,10.533,1.474,9.939,10.409,14.907,26.505,26.866,28.123,29.053,27.208,19.727,24.845,26.246,-18.751,NA,NA,-2.129,19.203,NA,NA,16.831,34.502,27.726,26.84,27.266,23.82,22.483,16.198,16.458,-1.314,0.288,-22.435,18.987,26.522,20.737,16.934,26.976,19.455,27.416,28.422,27.884,23.266,7.119,16.82
"1954-05",-3.85,-2.699,-5.105,11.063,25.19,17.121,22.871,27.895,26.54,23.416,26.136,25.96,NA,16.806,20.189,9.2,4.413,13.154,20.065,17.992,28.182,26.761,27.72,31.148,26.84,18.517,23.375,25.124,-10.462,NA,NA,2.825,25.604,NA,NA,19.39,39.525,29.493,27.348,26.819,23.601,20.992,15.389,15.181,-3.832,-1.309,-11.147,19.823,26.616,19.689,18.059,26.752,18.397,28.321,29.665,28.023,22.024,6.076,17.033
"1954-06",1.922,3.329,1.381,12.491,26.918,20.397,23.927,27.61,26.852,22.791,26.456,25.648,NA,15.979,18.347,8.175,7.574,16.705,25.318,21.729,30.392,26.689,27.07,34.316,26.41,17.59,22.647,24.051,-1.003,NA,NA,8.607,30.744,NA,NA,21.525,44.265,29.744,27.499,26.054,22.357,19.203,14.385,14.001,-6.055,-0.964,-1.588,20.975,26.421,18.754,19.457,26.353,17.214,27.562,29.474,27.335,20.813,5.283,17.234
"1954-07",3.803,5.262,4.81,13.656,27.56,22.115,24.553,27.469,26.987,22.593,26.642,25.345,NA,15.5,17.157,7.439,9.547,19.396,29.699,26.62,29.783,26.563,25.589,31.843,25.397,16.794,21.926,23.412,1.602,NA,NA,11.889,34.148,NA,NA,23.961,43.848,28.141,27.22,25.449,21.323,19.196,13.562,13.118,-7.799,-3.454,-0.013,22.191,26.272,17.886,20.878,25.865,16.182,26.397,28.274,26.749,19.971,4.741,17.218
"1954-08",3.68,4.651,4.978,15.001,28.101,23.134,25.531,27.504,27.107,22.413,26.823,25.215,NA,14.731,17.26,7.286,10.789,19.864,30.761,26.023,30.742,26.376,24.097,33.366,24.659,16.512,21.969,22.996,0.097,NA,NA,13.601,35.028,NA,NA,24.927,44.058,27.579,27.081,25.296,20.383,18.825,12.898,13.142,-9.201,-2.449,-1.971,23.097,26.115,17.576,21.916,25.34,15.601,25.673,28.304,26.551,19.534,4.473,17.186
"1954-09",0.882,0.833,1.849,15.384,27.932,21.933,25.434,27.547,27.123,22.381,26.98,25.357,NA,14.54,18.333,7.323,9.422,17.647,23.738,23.866,30.369,26.268,24.658,34.288,24.611,16.678,22.637,23.441,-3.367,NA,NA,11.069,30.231,NA,NA,24.775,41.833,27.462,27.377,26.149,20.431,20.129,12.9,13.439,-7.476,-1.813,-8.346,23.311,26.093,17.512,21.749,25.38,15.446,25.525,27.788,26.596,19.657,4.344,16.987
"1954-10",-4.492,-7.476,-4.992,14.092,27.256,19.742,24.385,27.428,26.849,22.728,27.103,26.146,NA,14.742,18.089,8.485,5.664,13.804,14.351,19.693,28.739,26.699,25.619,31.376,25.849,17.122,22.824,23.844,-12.754,NA,NA,5.955,24.271,NA,NA,21.48,36.199,27.987,27.538,27.211,20.589,21.859,13.365,14.082,-5.253,-1.349,-17.327,22.488,25.975,18.005,20.792,26.062,15.583,26.031,27.585,26.794,19.927,4.741,16.57
"1954-11",-8.093,-15.662,-10.522,12.888,24.652,15.588,22.847,27.24,26.259,22.818,26.543,26.528,NA,15.275,20.007,9.915,3.146,11.165,7.786,16.619,25.414,27.156,26.818,28.347,26.352,17.703,23.919,25.281,-18.725,NA,NA,0.851,17.175,NA,NA,16.278,29.458,27.743,27.145,27.732,21.267,22.916,13.99,15.113,-2.467,0.192,-24.341,21.232,25.979,18.866,19.341,26.445,16.652,26.721,27.149,26.882,20.897,5.406,16.276
"1954-12",-13.676,-21.65,-19.451,11.654,22.366,12.382,21.402,26.335,25.337,23.634,26.218,26.006,NA,16.788,21.732,11.73,1.531,9.215,5.108,14.347,22.566,27.86,27.01,27.351,27.193,18.674,24.909,25.952,-25.721,NA,NA,-2.993,14.833,NA,NA,12.673,24.226,26.417,26.786,28.101,22.589,24.232,15.615,16.593,0.734,2.591,-31.567,19.97,26.012,19.8,17.731,26.542,18.005,26.137,26.425,26.909,22.184,6.613,16.159
"1955-01",-14.722,-17.41,-24.321,11.018,20.083,11.107,20.02,26.215,24.839,24.769,25.427,25.901,NA,18.117,23.064,12.913,1.1,8.934,2.277,12.331,20.268,28.124,27.461,27.123,27.523,19.933,25.861,26.717,-25.132,NA,NA,-5.875,10.734,NA,NA,11.524,20.248,25.59,26.27,27.385,23.444,25.153,16.935,17.622,3.031,4.788,-29.105,19.016,26.21,20.961,16.866,26.546,19.286,25.516,26.104,27.028,23.281,7.841,16.47
"1955-02",-12.283,-18.655,-21.848,11.3,20.602,11.219,21.017,26.319,24.397,25.404,25.709,26.097,NA,19.088,23.662,13.592,-0.93,5.599,0.276,12.415,22.632,27.87,27.827,26.937,26.807,20.61,25.458,26.376,-28.526,NA,NA,-4.944,13.59,NA,NA,11.635,26.081,25.726,26.07,26.781,23.954,24.963,17.341,17.938,3.276,4.46,-28.343,18.693,26.342,21.538,16.402,26.825,20.133,25.336,26.33,27.019,23.558,8.393,16.667
"1955-03",-15.274,-17.259,-21.647,10.437,21.449,11.73,20.933,26.846,24.791,25.366,26.277,26.394,NA,18.894,23.201,12.791,-0.345,8.762,7.069,13.833,24.996,27.546,27.988,28.36,27.754,21.07,25.886,26.618,-23.516,NA,NA,-3.982,15.876,NA,NA,13.756,30.223,26.531,26.633,27.726,24.911,24.106,16.975,17.729,0.888,3.033,-29.035,18.694,26.665,21.423,16.423,27.286,20.227,26.133,27.262,27.764,23.749,8.041,16.788
"1955-04",-10.929,-10.024,-15.644,11.504,22.585,13.729,21.928,27.478,25.331,24.876,26.443,26.383,NA,18.348,21.556,11.57,3.07,10.669,13.554,15.215,26.224,27.833,28.55,31.201,27.6,20.39,25.006,25.947,-16.891,NA,NA,-0.731,19.632,NA,NA,16.582,33.644,28.095,27.307,27.496,24.507,22.977,16.575,16.879,-1.841,1.734,-22.525,19.374,27.002,20.757,16.883,27.396,19.502,27.563,28.888,28.37,23.219,7.109,17
"1955-05",-3.414,-2.101,-5.768,13.004,24.688,17.014,22.994,27.777,26.193,23.799,26.911,26.024,NA,17.019,19.825,9.279,3.582,13.519,20.792,18.936,28.064,27.13,27.839,31.964,27.281,18.962,23.881,25.222,-6.202,NA,NA,2.84,26.274,NA,NA,19.282,39.449,29.022,27.763,27.049,23.228,21.603,15.405,15.723,-5.094,-0.434,-8.039,20.186,27.109,19.711,18.027,26.895,18.464,28.506,29.507,28.204,22.197,6.077,17.237
"1955-06",2.022,4.641,1.955,14.125,27.262,20.297,24.421,28.075,26.999,22.641,26.816,25.696,NA,15.393,18.248,7.482,7.011,17.223,29.83,23.003,30.818,27.22,26.783,36.059,26.424,18.045,22.357,23.876,0.395,NA,NA,7.5,32.584,NA,NA,21.454,44.815,29.845,27.956,26.084,21.425,20.305,14.333,14.332,-6.895,-1.545,-0.385,21.283,26.949,18.644,19.593,26.455,17.107,27.915,29.425,27.668,20.903,5.218,17.353
"1955-07",3.984,6.033,4.909,15.731,27.62,22.793,25.095,27.916,27.312,22.4,26.948,25.016,NA,15.195,18.01,7.406,9.646,18.898,33.5,26.27,29.796,26.712,24.523,34.557,25.666,17.206,21.866,23.011,1.362,NA,NA,11.479,35.838,NA,NA,24.087,44.651,28.744,27.433,25.578,21.206,19.073,13.6,12.969,-7.48,-2.289,0.078,22.476,26.766,17.873,21.032,25.683,16.231,27.013,28.706,27.201,19.977,4.562,17.37
"1955-08",4.175,6.083,5.447,16.753,28.125,23.488,25.879,28.193,27.547,22.49,27.243,24.911,NA,14.673,17.497,7.175,10.347,20.445,28.838,26.557,30.566,26.455,23.927,32.636,25.434,16.882,21.953,22.828,0.989,NA,NA,12.73,33.564,NA,NA,24.927,44.199,27.663,27.455,25.297,20.183,19.782,12.985,13.055,-8.086,-2.107,-0.657,23.37,26.683,17.516,22.019,25.154,15.576,26.141,27.804,26.909,19.505,4.319,17.334
"1955-09",0.658,4.622,1.728,17.503,28.267,22.797,25.833,27.844,27.661,22.449,27.222,24.929,NA,14.513,18.23,8.177,7.991,18.377,22.777,24.424,30.522,26.325,23.977,34.816,25.54,16.15,22.699,23.556,-1.247,NA,NA,11.48,29.514,NA,NA,24.052,41.814,28.146,27.528,25.956,19.691,20.868,12.935,13.532,-7.774,-2.983,-5.284,23.559,26.63,17.53,21.848,25.051,15.48,26.119,28.236,26.966,19.564,4.515,17.137
"1955-10",-3.251,-2.283,-4.463,16.165,26.561,19.617,24.819,27.544,27.208,22.704,27.031,25.316,NA,14.975,19.172,8.716,4.862,14.25,15.237,20.884,28.252,26.268,25.104,31.289,26.371,16.933,23.593,24.412,-7.371,NA,NA,5.917,24.317,NA,NA,21.224,36.298,28.258,27.464,26.812,19.971,21.73,13.104,14.148,-6.587,-1.661,-13.636,22.67,26.595,17.92,20.858,25.452,15.726,26.818,28.236,27.129,19.988,4.837,16.737
"1955-11",-9.219,-8.686,-9.189,14.818,22.847,14.988,23.017,27.408,26.794,23.15,26.655,26.119,NA,16.009,20.021,10.441,1.525,10.156,8.231,17.839,25.727,26.977,26.124,29.078,27.296,17.981,24.209,25.222,-13.786,NA,NA,0.204,17.691,NA,NA,16.251,29.184,27.835,27.367,27.418,20.645,22.937,13.944,15.109,-2.343,0.228,-20.053,21.438,26.599,18.753,19.152,25.916,16.683,27.216,27.326,27.334,20.768,5.483,16.478
"1955-12",-12.146,-13.729,-16.914,12.874,21.536,13.383,21.485,26.794,25.932,23.898,26.104,26.013,NA,17.379,21.417,12.291,1.474,9.151,-0.335,13.048,21.572,27.665,26.97,27.145,27.41,19.505,24.937,25.749,-24.914,NA,NA,-3.511,11.729,NA,NA,13.805,21.781,26.418,26.964,27.404,21.569,23.832,14.857,16.543,0.589,2.247,-27.534,20.127,26.629,19.792,18.049,26.252,18.068,26.286,26.364,27.149,21.907,6.542,16.339
"1956-01",-16.089,-16.456,-24.62,11.45,20.635,12.045,20.483,26.295,25.25,24.642,25.498,26.15,NA,18.581,23.05,12.884,1.557,8.058,-7.107,12.088,20.693,27.929,27.378,27.448,27.41,20.62,25.577,26.04,-24.393,NA,NA,-3.303,7.128,NA,NA,12.249,19.705,25.345,26.642,27.597,22.722,25.099,15.889,18.01,2.821,4.263,-25.554,19.129,26.639,20.852,16.959,26.406,19.508,25.44,25.958,27.27,22.935,7.808,16.619
"1956-02",-15.364,-16.794,-24.177,11.732,20.549,12.141,20.844,26.268,25.057,25.401,25.74,26.619,NA,19.183,23.171,12.912,-0.123,7.248,-0.757,12.103,22.257,27.893,28.026,27.895,27.88,20.942,25.614,26.336,-24.507,NA,NA,-7.472,8.968,NA,NA,11.683,23.547,25.669,26.576,27.424,23.271,25.84,16.685,18.981,3.041,4.331,-26.59,18.671,26.772,21.439,16.729,26.747,20.158,25.553,26.303,27.536,23.565,8.332,16.801
"1956-03",-14.701,-14.119,-23.626,11.253,20.965,12.23,21.333,26.944,25.342,25.272,26.089,26.636,NA,19.148,22.435,12.211,1.855,8.532,4.667,12.806,25.079,28.018,28.409,29.142,28.248,20.777,25.683,26.737,-25.238,NA,NA,-4.054,14.789,NA,NA,13.281,30.41,26.518,26.792,27.367,23.414,24.792,16.4,18.534,0.898,2.861,-27.26,18.888,26.912,21.458,16.719,27.214,20.101,26.05,27.404,28.192,23.771,7.965,16.925
"1956-04",-9.58,-11.186,-15.634,12.508,21.646,13.944,21.921,27.31,25.509,24.842,26.794,26.832,NA,18.906,21.39,11.342,2.874,10.903,11.353,14.635,26.231,27.154,28.81,31.863,28.288,19.808,24.441,26.187,-17.756,NA,NA,-1.856,18.581,NA,NA,16.297,34.335,28.286,27.585,27.895,23.88,23.246,15.825,16.704,-1.248,0.465,-20.552,19.288,27.136,20.772,17.134,27.381,19.255,27.782,29.027,28.635,23.229,7.069,17.076
"1956-05",-3.222,-0.794,-5.239,12.669,24.686,17.387,22.858,27.83,26.59,23.708,27.43,26.182,NA,17.254,19.94,9.111,4.889,13.719,17.916,18.689,27.961,27.033,27.659,33.613,27.753,18.567,23.252,24.965,-8.463,NA,NA,3.453,24.881,NA,NA,18.902,40.052,29.527,27.966,27.092,22.657,22.225,14.699,15.635,-3.947,-2.387,-10.355,20.13,27.235,19.797,17.977,26.979,18.317,28.821,29.595,28.863,21.998,6.13,17.249
"1956-06",1.94,4.273,2.096,14.372,26.577,20.715,24.322,27.988,27.199,23.124,27.05,25.755,NA,16.521,19.048,7.908,7.268,16.114,25.534,23.872,29.029,26.7,26.553,32.789,26.837,17.69,22.06,23.781,0.579,NA,NA,7.895,30.269,NA,NA,21.771,43.536,29.467,27.921,26.171,21.249,20.55,13.638,13.891,-6.087,-3.635,-0.506,21.331,27.173,18.862,19.512,26.518,17.29,28.107,29.399,28.02,20.541,5.339,17.413
"1956-07",3.37,6.074,4.428,15.984,27.94,23.042,25.338,27.762,27.552,22.529,26.942,25.427,NA,15.627,17.759,7.471,10.249,18.375,29.786,26.759,30.432,26.889,25.079,34.356,25.968,16.871,21.719,22.828,1.606,NA,NA,10.742,33.734,NA,NA,24.383,45.171,28.405,27.748,25.224,20.232,18.45,12.643,12.973,-6.416,-7.488,0.142,22.556,27.038,18.262,20.753,25.738,16.329,26.616,28.745,27.199,19.608,4.647,17.392
"1956-08",3.727,6.642,4.758,16.789,28.763,24.104,26.26,28.16,27.965,22.281,27.209,24.988,NA,15.003,18.088,7.21,11.037,19.119,29.9,26.893,30.652,26.518,23.811,32.772,25.281,16.377,21.815,22.473,1.392,NA,NA,13.246,33.621,NA,NA,25.011,44.57,27.367,27.466,25.309,19.547,19.86,12.594,12.964,-8.281,-5.808,-0.773,23.452,26.787,17.691,21.6,25.205,15.779,25.743,27.994,26.801,19.196,4.518,17.324
"1956-09",0.94,2.845,1.332,17.114,28.569,22.786,26.039,27.905,27.665,21.967,27.302,24.976,NA,14.829,18.215,7.869,9.322,16.872,22.867,24.462,30.65,26.351,23.934,34.689,25.348,16.382,22.944,23.588,-2.332,NA,NA,11.125,30.384,NA,NA,24.487,42.157,27.514,27.534,26.174,20.283,20.592,12.866,12.818,-6.915,-5.297,-7.989,23.571,26.474,17.661,21.518,25.199,15.449,25.887,27.631,26.838,19.524,4.387,17.094
"1956-10",-4.06,-3.769,-6.131,15.918,27.371,20.205,24.984,27.715,27.29,22.606,26.992,25.584,NA,15.228,19.041,8.618,6.027,14.229,14.823,20.286,28.757,26.501,24.987,31.756,26.224,16.706,23.472,24.222,-8.076,NA,NA,6.811,23.348,NA,NA,21.462,37.052,28.251,27.559,27.142,20.455,22.04,13.475,13.489,-5.566,-3.598,-14.777,22.876,26.508,17.988,20.507,25.54,15.754,26.439,28.359,27.188,19.955,4.794,16.759
"1956-11",-7.493,-10.858,-9.748,13.686,24.486,16.513,23.015,27.169,26.59,23.143,26.669,26.285,NA,16.115,20.359,10.401,2.849,11.516,8.962,16.917,25.212,27.227,25.731,29.028,27.338,17.398,24.234,25.554,-17.514,NA,NA,-0.54,17.634,NA,NA,16.592,29.456,27.751,27.325,27.993,21.521,23.206,14.027,14.396,-2.214,-0.881,-21.077,21.552,26.516,18.868,19.228,25.955,16.544,26.967,27.589,27.238,20.981,5.454,16.477
"1956-12",-11.783,-14.129,-14.429,12.102,22.037,14.434,21.605,26.92,25.786,24.111,25.815,26.599,NA,17.774,22.032,11.588,0.901,10.015,4.632,15.483,21.842,27.982,26.471,27.337,27.505,19.014,24.757,25.992,-20.282,NA,NA,-4.26,12.441,NA,NA,13.132,21.842,25.785,26.81,27.377,22.118,23.512,15.212,15.334,0.646,1.715,-24.745,20.252,26.565,19.937,17.912,26.327,17.875,26.099,26.34,26.944,21.987,6.637,16.477
"1957-01",-12.508,-14.559,-24.607,11.915,19.516,12.89,20.165,26.397,25.104,24.752,25.508,26.165,NA,18.578,23.704,13.251,2.017,8.14,-0.518,12.285,20.966,27.994,26.868,26.665,27.505,20.168,25.644,26.58,-23.577,NA,NA,-7.651,9.21,NA,NA,11.785,20.67,25.09,26.56,27.291,22.602,24.827,16.592,17.271,2.812,3.968,-25.098,19.19,26.595,20.808,17.151,26.448,19.37,25.272,25.915,26.886,23.168,7.91,16.651
"1957-02",-11.641,-16.774,-21.062,11.636,20.073,12.629,20.417,26.288,24.756,25.358,25.818,26.416,NA,19.185,23.555,13.512,-0.279,6.205,2.696,12.625,23.855,27.728,27.833,27.496,27.99,20.741,26.095,27.004,-23.87,NA,NA,-7.635,12.177,NA,NA,11.124,26.652,25.807,26.698,27.322,23.275,25.48,17.024,18.141,3.381,4.124,-25.428,18.675,26.894,21.41,16.636,27.001,20.057,25.532,26.308,27.489,23.786,8.419,16.918
"1957-03",-13.103,-19.179,-23.778,12.011,19.51,11.692,20.809,26.488,24.592,25.081,26.57,26.542,NA,19.35,23.021,13.306,1.939,7.151,4.005,12.412,24.958,27.415,28.25,30.564,28.538,20.469,25.575,26.965,-26.104,NA,NA,-4.172,13.931,NA,NA,13.066,30.033,26.951,27.115,27.879,23.81,24.161,17.018,17.258,1.491,2.792,-26.308,18.792,26.906,21.345,16.453,27.32,20.211,26.615,27.535,28.291,23.762,8.166,16.951
"1957-04",-9.919,-9.917,-15.269,12.048,21.193,14.552,21.159,27.439,25.675,25.169,27.268,26.477,NA,18.683,21.473,11.254,3.326,10.332,12.67,15.366,26.041,27.353,28.775,31.483,27.754,19.851,24.59,26.074,-17.631,NA,NA,-3.138,18.164,NA,NA,16.631,34.195,28.42,27.722,28.06,24.227,23.373,16.391,16.674,-1.464,0.64,-20.489,19.211,27.297,20.582,17.036,27.456,19.5,27.857,29.416,28.65,23.001,7.22,17.11
"1957-05",-1.261,1.165,-3.383,12.677,23.768,17.614,22.382,27.848,26.532,24.598,27.531,26.244,NA,17.659,20.235,9.457,4.407,12.536,20.067,17.921,27.948,27.512,28.485,35.139,27.536,19.108,23.645,25.026,-6.084,NA,NA,2.468,25.72,NA,NA,19.426,40.634,29.936,28.068,27.064,22.496,21.562,15.256,15.219,-5.142,-0.218,-6.028,20.088,27.401,19.573,17.917,27.238,18.406,28.788,29.919,28.381,21.961,6.187,17.358
"1957-06",2.052,4.682,1.933,14.084,26.376,20.95,23.865,27.804,27.036,23.358,27.108,26.101,NA,15.879,18.101,7.994,7.432,16.101,28.078,22.376,30.89,27.408,26.821,36.752,26.816,17.817,22.887,23.887,0.852,NA,NA,7.636,32.256,NA,NA,21.812,45.139,29.416,27.957,26.4,21.788,20.497,14.528,14.382,-7.033,-1.221,-0.3,21.184,27.23,18.682,19.368,26.596,16.942,27.591,29.225,27.684,20.757,5.386,17.395
"1957-07",3.934,7.063,4.879,15.497,28.09,23.427,25.313,27.999,27.612,22.907,27.009,25.557,NA,15.045,17.35,6.994,10.331,19.435,32.908,25.789,30.945,26.842,24.984,34.641,25.509,16.986,22.171,23.385,2.067,NA,NA,10.905,35.896,NA,NA,24.503,45.531,28.326,27.591,25.556,20.678,19.543,13.221,13.411,-7.426,-3.165,0.209,22.373,26.985,17.918,20.964,25.699,16.076,26.475,28.525,27.159,20.005,4.816,17.378
"1957-08",4.168,6.605,5.325,16.889,28.751,24.226,26.166,28.256,27.915,22.451,27.212,25.503,NA,14.523,17.249,7.077,11.328,19.061,30.372,27.046,30.269,26.322,24.07,35.098,25.176,16.541,22.244,23.254,1.585,NA,NA,12.614,35.079,NA,NA,25.152,44.304,27.635,27.241,25.279,20.189,19.832,13.183,13.364,-9.418,-4.413,-0.264,23.29,26.651,17.444,21.739,25.232,15.597,25.984,28.03,26.842,19.588,4.448,17.319
"1957-09",1.692,3.11,1.868,16.887,28.808,22.504,25.829,28.483,27.682,22.259,27.427,25.405,NA,14.351,18.084,7.825,9.734,17.181,20.436,24.609,30.528,26.125,24.243,35.504,25.449,16.303,23.075,23.94,-0.932,NA,NA,9.953,29.293,NA,NA,23.956,42.008,27.981,27.459,25.762,20.397,20.646,13.108,13.295,-7.242,-4.833,-5.369,23.523,26.427,17.487,21.629,25.335,15.514,26.143,28.346,26.97,19.745,4.419,17.152
"1957-10",-4.014,-2.889,-5.866,16.143,26.054,18.857,24.099,27.455,27.414,22.457,27.061,26.022,NA,14.759,18.503,9.056,5.217,14.119,17.053,21.436,28.934,26.77,25.249,32.524,26.582,16.802,23.623,24.656,-5.095,NA,NA,6.093,25.081,NA,NA,21.388,36.423,28.204,27.608,26.482,20.483,21.415,13.571,13.99,-7.063,-2.374,-12.201,22.581,26.386,17.832,20.593,25.899,15.798,26.615,28.262,27.286,20.073,4.738,16.786
"1957-11",-7.861,-11.906,-10.534,13.877,24.415,17.143,23.034,27.264,26.586,23.123,26.929,26.733,NA,15.93,20.841,9.924,2.798,11.474,8.925,17.448,25.183,27.546,26.524,28.751,27.282,18.255,24.054,25.046,-13.429,NA,NA,-0.253,18.498,NA,NA,17.447,28.809,27.807,27.462,27.791,21.247,22.688,13.881,15.254,-2.428,-0.296,-20.457,21.427,26.276,18.541,19.057,26.563,16.898,26.957,27.723,27.504,20.771,5.386,16.482
"1957-12",-13.142,-15.197,-16.387,11.529,21.513,13.563,21.193,26.723,25.78,23.701,26.181,26.606,NA,17.213,22.77,11.359,1.999,9.217,1.728,14.201,21.868,28.192,26.99,27.485,27.409,19.186,24.808,25.814,-20.604,NA,NA,-3.875,11.836,NA,NA,12.942,21.812,25.99,27.087,28.364,22.754,24.501,15.462,16.31,0.441,2.084,-27.932,20.199,26.262,19.635,17.934,26.563,18.255,26.135,26.742,27.28,21.98,6.51,16.388
"1958-01",-10.821,-18.41,-14.694,10.106,20.866,13.196,20.842,26.616,25.349,24.568,26.17,26.895,NA,18.395,22.948,12.495,-1.543,6.85,-0.386,14.023,22.58,28.462,27.97,26.495,27.323,20.15,25.649,26.509,-27.165,NA,NA,-6.055,11.491,NA,NA,11.955,23.355,25.406,26.466,27.555,22.695,25.744,16.655,17.717,2.977,4.044,-27.203,19.138,26.327,20.659,17.13,27.101,19.278,25.48,26.081,27.193,23.228,7.836,16.637
"1958-02",-12.32,-18.264,-16.825,9.672,20.484,12.484,20.282,26.805,25.18,25.557,26.345,26.712,NA,19.415,23.344,13.557,-0.471,7.385,-0.084,13.294,23.147,28.869,28.33,27.417,27.271,20.707,25.867,26.686,-29.703,NA,NA,-8.003,12.329,NA,NA,12.16,25.272,25.542,26.476,26.946,23.42,25.18,17.377,18.279,3.196,3.84,-29.806,18.63,26.401,21.228,16.874,27.428,20.084,25.388,26.364,27.546,23.855,8.452,16.785
"1958-03",-14.661,-20.869,-21.741,8.938,21.091,12.808,20.413,27.225,25.546,25.076,26.779,26.643,NA,18.906,23.094,12.72,1.487,8.556,4.72,13.974,25.832,28.624,28.328,29.725,27.901,20.608,25.663,26.535,-21.322,NA,NA,-6.856,15.672,NA,NA,14.17,31.087,27.112,26.737,27.192,24.007,24.728,17.373,18.292,1.162,2.514,-26.731,18.615,26.578,21.284,16.902,27.371,20.343,26.5,27.384,28.103,23.819,7.98,16.917
"1958-04",-11.082,-12.783,-17.146,9.805,22.067,14.454,21.003,28.002,26.14,24.476,27.024,26.672,NA,18.09,21.089,11.484,1.599,10.46,12.338,16.208,27.713,27.968,28.458,30.823,27.807,20.035,24.653,25.972,-14.596,NA,NA,-1.541,20.636,NA,NA,15.771,35.89,28.244,27.397,27.487,23.993,23.541,16.2,17.227,-1.532,0.713,-19.029,19.192,26.875,20.766,17.189,27.491,19.402,28.065,28.974,28.561,22.949,7.114,17.025
"1958-05",-3.714,-1.916,-6.268,11.204,24.174,17.333,22.05,27.496,26.59,23.317,26.951,26.195,NA,17.477,19.951,9.345,5.002,12.782,20.662,18.169,29.34,27.346,27.271,33.88,27.434,18.608,23.251,24.966,-5.776,NA,NA,2.77,26.634,NA,NA,20.229,41.119,29.197,27.906,27.087,23.171,21.685,15.23,15.54,-4.971,-0.822,-8.689,19.991,26.72,19.871,18.077,27.007,18.261,28.857,29.458,28.186,21.874,6.118,17.222
"1958-06",1.755,3.771,1.326,13.103,26.564,21.037,23.813,27.646,27.18,21.673,26.751,26.105,NA,15.941,18.379,8.35,7.383,15.579,29.144,22.154,30.525,27.352,26.347,36.239,26.166,17.204,22.298,24.054,0.146,NA,NA,7.782,32.472,NA,NA,22.502,43.949,28.683,27.83,26.377,21.538,20.063,13.871,13.959,-6.953,-2.111,-1.213,21.087,26.33,18.938,19.614,26.508,17.356,27.146,28.766,27.51,20.563,5.233,17.247
"1958-07",4.123,6.23,5,14.462,28.151,23.265,24.54,27.228,27.535,21.365,26.717,25.698,NA,15.444,18.452,7.505,9.661,19.199,33.032,26.143,30.264,26.534,23.608,33.673,25.33,16.628,21.946,23.328,2.15,NA,NA,12.051,35.118,NA,NA,24.409,44.236,27.873,27.597,25.944,20.571,19.33,13.348,13.441,-8.85,-4.245,0.212,22.099,25.891,18.01,21.204,25.565,16.404,25.931,28.223,26.694,19.835,4.581,17.201
"1958-08",3.61,5.263,5.049,15.946,28.796,24.11,25.276,27.426,27.707,21.147,27.305,25.41,NA,14.607,18.498,7.315,11.121,20.575,28.801,26.585,30.163,26.064,22.782,32.611,25.07,16.002,21.451,22.9,1.51,NA,NA,13.061,33.704,NA,NA,25.256,43.709,27.511,27.365,25.913,20.269,19.549,12.782,13.377,-7.867,-4.703,-1.149,22.975,25.408,17.628,22.091,25.179,15.808,25.722,27.97,26.354,19.205,4.244,17.127
"1958-09",1.21,1.894,1.349,16.216,29,23.165,25.687,27.473,27.764,21.524,27.639,25.502,NA,14.223,17.92,7.341,9.379,17.307,21.677,23.802,29.46,26.05,23.553,33.069,25.206,16.374,22.102,22.841,-0.667,NA,NA,10.616,28.902,NA,NA,24.722,40.74,27.407,27.423,26.461,20.021,20.323,12.901,13.191,-6.857,-3.268,-4.695,23.175,25.333,17.625,22.005,25.24,15.486,25.729,27.727,26.364,19.222,4.374,16.978
"1958-10",-5.348,-6.422,-6.566,15.439,26.918,19.483,24.728,26.927,27.428,21.618,27.396,26.011,NA,14.677,19.391,8.705,6.495,14.343,15.195,20.528,28.847,26.82,24.666,32.033,25.858,16.862,23.049,23.979,-6.998,NA,NA,5.94,23.422,NA,NA,21.447,35.751,27.71,27.348,26.911,21.478,21.364,13.458,13.754,-6.127,-2.457,-13.702,22.464,25.141,17.951,20.778,25.693,16.014,25.779,27.804,26.621,19.694,4.609,16.589
"1958-11",-7.903,-10.855,-5.602,13.201,23.937,16.085,22.856,26.294,26.571,22.199,26.475,26.257,NA,15.581,20.848,10.016,2.995,11.518,8.649,17.065,25.82,27.539,25.755,28.001,26.542,17.585,24.027,25.243,-19.124,NA,NA,-1.698,17.692,NA,NA,16.387,29.175,27.276,27.104,27.634,21.4,22.396,13.953,14.289,-2.376,-0.079,-23.454,21.059,25.293,18.722,19.496,25.957,16.795,26.254,27.179,26.75,20.94,5.336,16.239
"1958-12",-13.884,-17.689,-15.718,11.466,22.262,13.897,21.691,25.752,25.632,23.27,25.773,26.423,NA,16.787,22.254,11.541,1.796,10.276,2.693,14.984,22.847,27.543,26.211,26.678,26.815,18.602,24.751,25.945,-20.617,NA,NA,-3.168,12.493,NA,NA,13.264,22.864,25.308,26.514,27.527,22.512,24.107,15.197,15.865,0.747,2.031,-27.142,19.838,25.321,19.784,18.055,26.174,18.079,25.366,25.677,26.66,21.929,6.669,16.221
"1959-01",-10.372,-18.293,-18.449,9.719,21.042,12.492,19.859,25.803,25.02,24.257,25.592,25.855,NA,18.124,23.713,12.817,0.822,6.522,-6.044,12.793,22.128,27.653,26.786,26.064,26.636,20.08,25.515,26.062,-22.524,NA,NA,-5.831,8.581,NA,NA,11.174,21.829,24.508,26.399,27.756,23.407,25.044,16.296,17.244,3.114,4.046,-24.255,18.891,25.484,20.838,17.166,26.346,19.294,24.68,25.206,26.363,22.981,7.944,16.572
"1959-02",-13.864,-19.192,-22.655,10.965,20.543,11.038,20.453,25.981,24.72,25.05,25.935,25.955,NA,18.779,23.888,13.197,0.91,7.455,-1.259,12.952,23.655,27.118,27.5,27.068,26.83,20.828,26.121,26.707,-27.118,NA,NA,-7.164,10.408,NA,NA,10.428,26.328,25.414,25.955,27.405,23.918,24.447,17.265,17.717,3.068,4.546,-27.894,18.419,25.962,21.351,16.637,26.498,20.092,25.128,25.467,26.684,23.887,8.564,16.645
"1959-03",-14.511,-19.831,-21.018,9.58,21.09,12.857,20.412,26.768,25.056,25.422,26.431,26.32,NA,19.058,23.666,12.949,0.46,7.424,1.988,13.146,25.518,27.098,28.174,28.555,27.316,20.421,25.422,26.834,-25.87,NA,NA,-5.238,13.877,NA,NA,13,30.028,26.874,26.4,27.189,23.675,24.079,16.979,17.386,0.714,2.906,-26.952,18.491,26.327,21.254,16.668,27.094,20.367,26.475,27.114,27.479,23.577,8.171,16.762
"1959-04",-10.162,-12.273,-14.469,10.503,22.777,14.626,21.196,27.464,25.494,25.185,26.54,26.243,NA,18.505,22.278,11.03,2.96,10.434,10.93,14.954,26.889,26.659,28.375,30.123,27.437,20.379,25.093,26.27,-20.671,NA,NA,-3.367,18.582,NA,NA,16.484,33.884,28.026,26.959,27.37,24.353,22.378,16.312,16.512,-2.821,1.431,-23.414,18.94,26.543,20.535,17.078,27.144,19.645,27.881,28.61,28.087,22.959,7.194,16.876
"1959-05",-2.286,-1.906,-3.782,12.066,24.191,17.319,22.023,27.183,26.42,23.446,26.723,25.847,NA,16.738,19.726,8.521,3.592,12.589,21.926,18.257,28.083,26.837,28.057,32.578,26.788,18.712,23.676,25.088,-10.293,NA,NA,3.167,26.905,NA,NA,18.451,38.885,29.583,27.388,26.546,23.64,20.81,15.7,15.486,-5.233,-0.37,-12.648,19.723,26.481,19.58,18.184,26.739,18.359,28.843,29.587,27.961,22.037,6.089,17.026
"1959-06",2.676,4.295,2.231,13.77,26.648,20.566,23.83,27.394,27.165,22.445,26.691,25.525,NA,15.77,18.119,8,7.267,16.284,28.786,22.015,30.28,26.989,27.568,35.122,26.008,18.064,22.716,23.743,-0.466,NA,NA,7.696,33.288,NA,NA,21.151,44.321,29.248,27.534,26.044,21.835,19.493,14.453,14.499,-6.398,-1.617,-1.098,21.083,26.255,18.679,19.721,26.374,16.937,27.488,28.873,27.272,20.772,5.152,17.225
"1959-07",5.124,6.084,5.71,15.296,27.713,23.219,24.097,26.849,27.397,21.917,26.954,25.078,NA,14.919,17.476,6.358,9.926,18.874,31.902,26.122,30.344,26.582,26.144,34.523,25.147,17.285,21.854,22.942,1.245,NA,NA,11.826,34.079,NA,NA,23.521,44.401,27.937,27.145,25.322,21.283,18.515,13.5,13.871,-8.139,-2.482,0.13,22.083,25.897,17.892,21.25,25.841,15.874,26.024,28.261,26.762,20.099,4.426,17.195
"1959-08",4.972,5.479,5.609,16.289,28.629,24.01,24.853,27.041,27.623,21.381,27.263,24.731,NA,14.158,18.399,5.491,10.63,19.156,29.359,27.391,29.698,26.335,24.41,33.427,25.019,16.472,22.029,22.978,0.519,NA,NA,13.519,33.216,NA,NA,25.191,43.275,27.476,27.149,25.194,20.684,18.157,13.233,13.091,-7.699,-4.112,-0.863,22.916,25.429,17.463,22.178,25.305,15.494,25.675,28.006,26.789,19.85,4.115,17.171
"1959-09",2.227,1.819,3.416,16.426,28.989,22.85,25.155,27.061,27.522,21.458,27.199,24.958,NA,14.153,18.485,6.3,9.077,17.571,23.134,24.685,30.547,26.038,24.409,34.204,25.515,16.325,22.409,23.245,-3.898,NA,NA,11.043,29.631,NA,NA,23.82,41.968,27.82,27.218,26.013,20.671,19.973,13.69,13.512,-6.501,-4.504,-7.492,23.08,25.241,17.444,21.921,25.222,15.232,25.827,28.292,26.893,19.809,4.135,16.937
"1959-10",-2.938,-5.33,-2.274,15.457,26.906,19.615,24.08,26.743,27.081,21.73,27.327,25.536,NA,14.386,19.584,8.298,5.589,15.008,15.724,21.779,28.841,26.236,25.523,32.075,26.169,16.82,23.7,24.375,-13.514,NA,NA,5.808,24.086,NA,NA,21.405,36.951,28.055,27.36,27.228,21.17,21.949,13.838,14.434,-5.209,-2.821,-16.446,22.383,25.069,17.77,20.683,25.7,15.643,26.421,27.729,26.887,20.383,4.681,16.576
"1959-11",-6.131,-10.719,-5.784,14.025,23.492,16.205,22.684,26.332,26.408,22.263,26.306,26.005,NA,15.202,20.525,9.83,2.113,11.714,9.647,17.79,24.869,27.291,26.244,28.658,26.946,17.333,23.949,25.468,-20.888,NA,NA,-0.212,18.07,NA,NA,15.925,28.076,27.168,26.966,27.664,21.482,23.249,14.497,15.653,-2.037,-0.187,-23.337,21.197,25.055,18.593,19.276,25.979,16.645,26.275,27.401,27.041,21.036,5.46,16.232
"1959-12",-12.351,-15.703,-16.979,11.646,21.497,13.315,21.181,26.148,25.606,23.311,25.744,25.741,NA,16.716,22.461,11.444,2.263,10.601,2.897,15.767,22.194,27.643,26.566,27.095,27.11,18.66,24.479,25.639,-24.205,NA,NA,-3.809,13.228,NA,NA,13.741,22.728,25.873,26.657,28.013,21.946,25.481,15.649,17.063,1.046,2.138,-27.069,19.881,25.35,19.663,17.863,26.076,18.045,25.91,25.945,26.881,21.965,6.647,16.275
"1960-01",-14.245,-16.071,-19.863,10.114,19.182,12.669,19.316,25.678,24.84,24.348,25.33,26.454,NA,17.88,23.132,12.699,2.266,9.231,0.394,13.57,20.688,27.866,27.099,26.184,26.777,19.927,25.002,25.969,-22.855,NA,NA,-9.868,9.728,NA,NA,11.285,20.689,25.211,26.376,27.749,22.75,24.759,16.713,18.397,2.996,4.113,-28.084,18.822,25.686,20.64,17.046,26.332,19.348,25.27,25.553,26.703,22.902,7.896,16.485
"1960-02",-12.54,-18.697,-22.226,9.429,20.888,12.375,19.821,25.807,24.833,25.158,25.385,26.112,NA,18.979,24.386,12.838,0.434,7.952,4.243,13.407,23.045,27.674,27.638,27.435,27.48,21.263,25.993,26.526,-26.834,NA,NA,-8.049,13.702,NA,NA,12.255,26.112,25.751,26.179,27.074,22.858,24.408,17.248,18.907,3.159,4.429,-28.352,18.299,25.943,21.12,16.634,26.64,20.273,25.497,25.795,27.039,23.69,8.409,16.678
"1960-03",-13.326,-20.163,-17.573,8.88,20.753,12.144,19.824,26.37,24.882,25.405,25.844,26.249,NA,19.051,23.28,12.324,0.19,8.768,8.076,14.016,24.849,27.607,28.001,28.018,27.759,20.991,25.516,26.364,-23.273,NA,NA,-4.226,16.629,NA,NA,13.908,30.195,26.911,26.62,27.552,23.626,24.139,17.178,18.329,1.173,2.127,-27.972,18.494,26.153,21.214,16.304,27.095,20.209,26.472,27.164,27.694,23.832,8.101,16.801
"1960-04",-7.945,-13.583,-15.008,10.139,21.356,14.419,20.661,26.723,25.158,24.568,26.306,26.245,NA,18.125,21.345,10.748,2.507,10.052,10.576,15.045,26.148,26.847,28.019,29.776,27.485,19.986,24.29,25.643,-18.443,NA,NA,-2.155,19.975,NA,NA,16.946,35.194,28.281,27.286,27.208,24.099,23.035,16.465,17.893,-1.808,0.727,-22.232,19.084,26.463,20.735,16.908,26.915,19.213,27.454,28.874,28.287,22.929,7.299,16.894
"1960-05",-3.338,-5.693,-6.265,11.383,23.79,17.501,22.354,27.588,26.124,23.564,26.625,25.901,NA,17.04,19.867,8.832,5.877,12.98,18.013,17.285,28.333,25.947,27.28,33.51,26.736,18.698,23.001,24.741,-9.615,NA,NA,2.095,24.501,NA,NA,19.582,40,29.585,27.52,26.642,23.161,21.063,15.17,16.362,-4.14,-1.164,-10.794,19.979,26.508,19.741,17.833,26.523,18.139,28.658,29.652,28.146,21.948,6.171,17.071
"1960-06",2.196,3.624,2.157,13.01,25.922,20.769,23.62,27.341,26.529,22.183,26.336,25.604,NA,15.968,18.177,7.287,7.68,15.626,27.373,22.138,29.984,26.853,27.074,35.61,26.087,17.526,22.05,23.459,-0.095,NA,NA,7.211,31.616,NA,NA,21.613,43.516,28.752,27.632,25.89,21.819,19.628,14.299,14.655,-6.575,-1.809,-1.247,21.066,26.256,18.795,19.293,26.093,16.897,27.095,28.337,27.323,20.713,5.35,17.181
"1960-07",3.993,5.264,5.663,14.065,27.296,22.767,23.933,26.935,26.881,21.404,26.44,25.063,NA,15.19,17.686,7.379,10.443,19.627,31.599,26.215,30.162,26.458,25.744,32.781,25.213,16.799,21.657,23.055,1.866,NA,NA,10.477,34.002,NA,NA,24.17,44.331,27.848,27.409,25.549,21.028,19.15,13.473,14.034,-8.576,-1.924,0.326,22.068,25.884,17.985,20.866,25.459,16.103,25.887,27.985,26.669,19.83,4.756,17.181
"1960-08",4.78,5.088,5.693,15.286,27.361,23.612,24.84,27.056,27.231,21.329,26.748,24.625,NA,14.501,18.274,6.646,11.062,19.294,28.929,26.609,29.788,26.061,24.051,33.084,24.708,16.444,21.739,22.605,1.009,NA,NA,12.59,32.405,NA,NA,24.977,43.303,27.258,27.357,25.662,20.349,19.642,12.867,12.915,-8.321,-3.5,-0.535,22.937,25.533,17.728,21.918,24.897,15.567,25.373,27.842,26.264,19.261,4.305,17.109
"1960-09",2.369,2.216,2.652,15.666,27.788,22.57,24.648,26.881,27.143,21.435,26.866,24.789,NA,14.629,18.132,7.393,9.09,17.24,22.384,24.301,30.524,26.004,24.417,33.73,24.648,16.242,22.119,22.774,-3.407,NA,NA,11.139,29.228,NA,NA,23.951,41.498,27.157,27.35,26.561,20.124,20.413,13.007,13.639,-7.729,-3.186,-6.629,23.008,25.393,17.724,21.889,25.033,15.446,25.177,27.346,26.124,19.179,4.304,16.881
"1960-10",-2.712,-5.441,-3.687,14.667,26.401,19.748,24.364,27.007,26.907,21.837,26.831,25.134,NA,14.842,19.521,8.141,5.333,14.027,14.242,21.122,28.44,26.073,25.027,30.879,25.831,16.22,23.03,24.225,-10.067,NA,NA,6.216,22.785,NA,NA,20.877,35.397,27.428,27.171,27.578,21.186,22.368,13.584,14.657,-6.288,-2.468,-16.65,22.413,25.256,18.044,20.674,25.335,15.799,25.443,27.556,26.49,19.734,4.45,16.437
"1960-11",-9.335,-13.391,-9.616,12.112,25.049,17.302,22.798,26.619,26.38,22.766,26.065,25.966,NA,15.937,20.537,10.185,2.845,10.856,8.599,16.61,25.116,26.899,25.872,27.393,26.618,17.159,23.626,24.834,-17.812,NA,NA,-0.272,18.191,NA,NA,16.178,28.934,27.118,26.82,27.687,21.485,23.337,14.03,15.172,-3.145,-0.687,-23.328,21.124,25.474,18.825,19.485,25.808,16.624,26,26.684,26.582,20.587,5.452,16.186
"1960-12",-12.11,-15.13,-15.334,9.867,20.82,14.914,20.567,25.982,25.408,23.767,25.38,25.872,NA,17.104,21.625,11.541,1.488,9.429,6.089,14.597,21.745,27.32,26.254,26.15,26.698,18.38,24.636,26.003,-18.147,NA,NA,-2.255,12.505,NA,NA,11.264,21.627,25.125,26.202,28.031,22.324,24.531,15.244,16.85,0.105,1.895,-24.18,19.896,25.766,19.932,18.251,26.011,17.785,25.201,25.647,26.397,21.792,6.489,16.282
"1961-01",-13.417,-22.357,-20.952,9.373,20.777,13.778,20.354,25.709,24.756,24.323,25.092,26.206,NA,18.379,23.044,12.361,0.955,7.797,3.99,13.026,21.926,27.393,27.048,25.692,26.788,20.129,25.387,25.991,-26.076,NA,NA,-5.284,11.71,NA,NA,11.813,22.851,24.765,25.851,27.214,22.484,24.854,16.307,17.989,2.515,3.609,-28.89,18.796,25.881,20.874,17.145,26.222,19.146,24.808,25.227,26.465,22.772,7.654,16.373
"1961-02",-15.924,-22.697,-24.005,9.739,19.691,11.392,19.915,25.51,23.929,25.284,25.426,26.26,NA,19.193,24.459,12.553,0.048,6.817,1.374,12.253,22.936,27.256,27.543,27.065,27.085,20.899,25.514,26.283,-25.997,NA,NA,-4.173,12.496,NA,NA,11.621,26.697,25.375,25.817,26.942,23.526,24.745,17.122,18.306,2.903,3.811,-30.152,18.408,26.095,21.537,16.635,26.641,20.247,25.147,25.313,26.795,23.458,8.182,16.577
"1961-03",-13.999,-16.573,-22.058,9.514,20.584,12.28,20.886,26.096,24.257,25.388,25.948,26.133,NA,18.606,22.958,11.53,0.621,7.671,5.088,13.545,24.428,27.075,28.067,28.703,27.847,20.663,24.901,26.174,-22.19,NA,NA,-3.26,13.978,NA,NA,12.649,28.842,26.678,26.304,27.104,24.013,24.532,17.096,18.444,0.752,2.614,-27.926,18.629,26.407,21.446,16.481,26.844,20.067,26.314,26.983,27.578,23.305,7.897,16.732
"1961-04",-10.85,-12.389,-15.678,9.962,22.943,14.791,21.282,27.172,25.347,25.063,26.373,26.345,NA,17.994,21.505,10.607,2.524,9.7,11.437,15.48,26.691,27.521,28.317,28.886,27.241,19.692,24.271,25.991,-18.934,NA,NA,-1.865,18.905,NA,NA,16.76,33.758,27.659,27.025,27.232,23.984,22.944,16.015,17.278,-2.334,0.697,-22.815,19.074,26.778,20.837,17.128,27.091,19.335,27.609,28.545,28.159,22.825,7.111,16.885
"1961-05",-2.71,-1.665,-4.356,11.157,25.011,17.934,22.816,28.003,26.366,23.613,26.641,25.878,NA,17.094,19.384,9.182,4.409,12.693,22.363,18.46,27.923,26.669,27.669,33.256,27.249,18.336,23.125,25.041,-10.297,NA,NA,2.539,25.27,NA,NA,19.796,38.188,28.936,27.509,26.912,22.969,21.761,15.122,16.021,-6.262,-0.771,-10.802,19.976,26.828,19.812,18.257,26.68,18.166,28.252,29.195,27.958,21.749,6.045,17.081
"1961-06",1.921,3.565,1.566,12.495,27.348,21.043,24.392,28.018,26.89,22.924,26.354,25.726,NA,16.124,18.708,7.99,7.822,15.945,26.479,22.136,30.201,26.887,27.29,35.623,25.985,17.362,21.831,23.945,-1.152,NA,NA,7.453,30.984,NA,NA,21.754,44.094,29.021,27.513,25.992,21.493,19.824,13.786,14.138,-7.43,-2.423,-1.34,21.045,26.733,18.89,19.595,26.258,17.224,26.971,28.661,27.122,20.461,5.168,17.209
"1961-07",3.562,5.51,5.172,14.334,27.907,23.12,24.98,27.446,27.01,22.489,26.56,25.097,NA,15.337,17.885,7.16,10.174,18.307,30.542,26.047,30.703,26.83,25.914,34.404,24.942,16.933,21.821,22.979,1.37,NA,NA,11.023,33.782,NA,NA,23.984,44.422,27.812,27.176,25.315,20.781,19.3,13.356,13.608,-8.316,-2.797,0.207,22.078,26.462,17.969,21.035,25.686,16.142,25.909,28.42,26.57,19.883,4.583,17.222
"1961-08",3.867,4.681,5.337,15.446,28.493,24.089,25.687,28.089,27.452,22.224,26.915,24.831,NA,14.682,17.794,7.006,10.827,19.691,28.699,26.259,29.527,26.378,24.466,33.265,24.558,16.306,21.662,22.845,0.481,NA,NA,12.157,33.145,NA,NA,25.121,42.881,27.171,27.216,25.348,20.012,19.713,12.623,13.573,-9.888,-5.924,-0.578,23.049,26.238,17.57,21.922,25.179,15.707,25.382,27.814,26.225,19.339,4.194,17.109
"1961-09",1.309,1.095,1.418,15.718,27.643,22.404,25.489,27.679,27.222,22.381,27.051,25.034,NA,14.656,18.751,7.291,10.254,18.041,21.23,23.778,29.991,26.187,24.114,34.99,24.883,16.133,22.439,23.243,-2.825,NA,NA,10.416,28.996,NA,NA,24.447,42.149,27.376,27.377,25.906,19.769,20.693,12.96,13.583,-7.429,-5.131,-5.839,23.219,26.166,17.462,21.845,25.138,15.634,25.593,28.256,26.404,19.452,4.283,16.971
"1961-10",-6.115,-7.015,-6.839,14.679,26.114,18.841,24.074,27.446,26.955,22.645,27.386,25.589,NA,14.849,19.244,8.453,6.602,15.06,15.163,20.02,28.417,26.235,24.953,32.622,25.535,16.596,23.089,23.998,-9.993,NA,NA,6.1,23.416,NA,NA,21.269,36.794,27.516,27.42,26.826,19.848,21.999,13.157,14.437,-7.512,-2.462,-16.663,22.5,26.216,17.81,20.567,25.608,15.859,25.985,27.838,26.65,19.944,4.683,16.503
"1961-11",-8.249,-9.298,-8.518,12.742,23.696,16.764,22.433,27.218,26.24,23.239,26.911,26.086,NA,15.712,19.755,10.256,3.065,11.792,7.973,17.228,24.517,26.979,26.146,29.578,26.571,17.713,23.724,24.806,-19.516,NA,NA,-0.959,17.861,NA,NA,16.571,27.415,27.447,27.189,27.308,20.86,23.329,13.744,15.427,-2.488,-0.825,-20.457,21.118,26.311,18.697,19.405,25.893,16.647,26.505,27.701,26.971,20.853,5.367,16.345
"1961-12",-11.558,-17.04,-16.953,11.033,21.015,12.215,21.125,26.482,25.269,23.966,26.153,26.433,NA,17.218,21.548,11.419,1.227,9.336,4.793,15.148,22.361,27.391,26.769,27.497,27.201,19.206,24.639,25.659,-25.966,NA,NA,-1.614,14.385,NA,NA,13.314,22.496,25.762,26.437,27.395,21.498,24.727,14.42,17.159,0.577,1.685,-27.823,19.855,26.455,19.938,17.923,26.264,18.013,26.032,26.69,26.812,21.932,6.533,16.263
"1962-01",-16.051,-17.255,-22.871,10.449,19.271,11.257,20.023,26.119,24.809,24.453,25.789,26.157,NA,18.601,23.018,12.686,0.671,9.336,1.006,13.296,20.908,27.822,27.205,27.498,27.39,20.499,25.26,25.987,-23.792,NA,NA,-5.129,10.03,NA,NA,11.694,19.655,24.713,25.914,27.115,22.66,25.571,15.965,18.256,3.052,3.642,-29.827,18.947,26.586,21.042,17.089,26.536,19.312,25.295,25.834,26.875,23.109,7.709,16.496
"1962-02",-13.987,-15.659,-24.308,10.8,18.965,10.43,19.794,26.209,24.59,25.257,25.826,26.188,NA,19.326,23.976,13.119,0.586,7.312,1.64,12.49,22.614,27.542,28.117,27.993,27.598,21.361,26.2,26.687,-23.786,NA,NA,-5.814,10.738,NA,NA,12.397,23.566,24.938,26.185,26.91,23.146,24.701,16.948,18.435,3.162,3.855,-26.966,18.63,26.782,21.503,16.531,26.927,20.32,25.271,26.017,27.025,24.119,8.242,16.841
"1962-03",-13.599,-16.665,-22.546,10.604,19.617,11.337,20.3,26.24,24.437,25.298,26.049,26.527,NA,19.145,22.914,12.556,0.768,8.451,4.107,13.289,25.122,27.19,28.66,29.226,28.44,21.571,25.838,26.767,-25.141,NA,NA,-5.773,12.967,NA,NA,14.818,29.211,26.499,27.002,28.263,23.526,24.699,17.351,17.831,1,2.181,-27.659,18.723,26.979,21.438,16.499,27.323,20.129,26.357,27.093,27.728,23.931,7.999,16.904
"1962-04",-10.548,-13.129,-18.109,10.809,21.198,13.404,20.646,27.228,25.465,24.882,26.72,26.529,NA,18.61,21.506,11.574,0.528,9.067,12.947,15.208,27.146,27.834,28.567,30.773,27.561,20.269,24.996,26.118,-18.268,NA,NA,-1.485,20.348,NA,NA,17.316,35.627,28.189,27.598,28.411,23.439,23.359,16.502,16.953,-2.113,0.12,-23.689,19.269,27.27,20.741,17.01,27.617,19.411,27.596,28.883,28.176,23.312,7.141,17.001
"1962-05",-3.118,-2.813,-6.068,12.255,22.695,16.449,21.879,27.881,26.029,24.606,26.809,26.324,NA,17.444,20.692,8.616,3.804,12.522,20.335,17.233,27.762,26.559,28.126,32.874,27.206,18.975,24.092,25.733,-8.996,NA,NA,2.924,24.908,NA,NA,19.773,38.325,29.225,27.786,27.253,22.786,21.479,15.532,15.712,-4.919,-0.86,-11.705,20.105,27.411,19.612,18.036,27.093,18.445,28.731,29.563,28.447,22.409,6.125,17.201
"1962-06",2.018,4.35,1.978,13.563,26,20.108,23.953,27.901,26.873,24.278,26.907,26.148,NA,15.991,18.094,7.362,7.765,15.813,27.753,20.601,30.944,27.596,27.721,36.469,26.797,17.291,22.472,24.56,0.39,NA,NA,7.984,31.774,NA,NA,22.051,44.413,29.463,27.786,26.195,21.386,20.643,14.026,14.809,-6.404,-3.774,-1.258,21.24,27.485,18.764,19.467,26.701,17.17,27.88,29.384,27.868,20.992,5.072,17.337
"1962-07",4.177,5.956,4.823,15.312,27.228,22.774,24.668,27.658,27.427,24.108,26.969,25.684,NA,15.598,17.321,7.307,9.408,18.34,31.597,26.127,30.634,27.246,25.697,35.974,26.153,17.095,22.193,23.659,2.026,NA,NA,11.094,34.665,NA,NA,24.381,44.931,28.46,27.475,25.384,20.425,19.38,13.489,13.557,-7.555,-4.51,0.163,22.324,27.355,17.915,21.06,26.104,16.157,26.911,28.545,27.143,20.158,4.679,17.388
"1962-08",4.411,7.039,5.339,17.219,28.425,23.609,25.824,28.159,27.84,24.119,27.257,25.593,NA,15.141,17.818,7.876,10.488,19.298,29.813,26.397,31.243,26.846,25.25,35.734,25.553,16.91,22.246,23.127,1.26,NA,NA,12.667,34.94,NA,NA,25.699,44.675,27.603,27.325,25.45,19.839,19.991,13.218,13.646,-8.618,-3.675,-0.309,23.32,27.338,17.394,22.097,25.755,15.841,26.346,27.652,26.899,19.574,4.287,17.399
"1962-09",1.938,2.268,0.681,17.226,28.115,22.714,25.694,28.582,27.542,24.32,27.501,25.763,NA,15.101,17.96,7.257,10.172,17.894,20.951,23.965,30.394,26.727,25.077,35.046,26.013,16.944,22.676,23.577,-0.845,NA,NA,10.719,28.649,NA,NA,24.231,41.449,28.121,27.342,25.935,20.854,20.852,13.01,13.827,-7.557,-6.997,-3.934,23.493,27.428,17.364,21.885,25.913,15.771,26.645,28.148,27.107,19.759,4.312,17.233
"1962-10",-3.08,-4.34,-3.523,16.066,25.444,19.29,24.491,28.192,27.158,24.001,27.488,26.398,NA,14.595,18.613,8.082,5.91,15.156,14.259,20.899,27.521,27.257,26.454,31.638,27.103,17.302,23.572,24.331,-8.31,NA,NA,5.139,23.357,NA,NA,21.18,34.626,28.333,27.642,26.954,20.631,22.248,13.401,14.376,-6.36,-3.174,-15.797,22.611,27.519,17.807,20.887,26.52,16.006,27.76,28.206,27.485,20.319,4.618,16.841
"1962-11",-9.976,-13.599,-12.335,13.417,23.958,17.001,23.112,28.327,26.765,24.499,27.085,27.108,NA,15.535,20.19,9.987,3.973,12.077,7.409,17.391,24.601,28.46,27.291,29.297,27.934,17.924,25.034,26.185,-19.234,NA,NA,0.754,16.561,NA,NA,18.267,26.766,27.786,27.967,28.404,21.633,24.253,14.193,15.256,-2.495,-0.932,-23.639,21.504,27.716,18.755,19.341,27.03,16.712,27.73,27.71,27.507,21.225,5.408,16.632
"1962-12",-12.728,-18.122,-17.568,11.808,19.085,11.415,20.718,27.585,25.73,25.685,27.096,27.369,NA,16.969,21.95,11.094,1.666,9.806,1.141,14.294,22.601,28.75,28.002,28.81,28.045,19.041,25.559,26.839,-22.895,NA,NA,-2.773,12.147,NA,NA,14.792,23.152,26.364,27.536,28.613,22.872,25.423,15.278,16.993,0.91,1.661,-27.376,20.174,27.688,19.978,17.878,27.457,18.055,27.1,26.664,27.538,22.594,6.652,16.656
"1963-01",-12.216,-19.752,-20.036,10.809,17.982,10.625,19.352,27.07,25.257,26.255,26.8,27.505,NA,18.159,23.067,12.844,0.195,8.078,-2.895,13.133,21.706,29.081,28.462,28.226,27.734,20.467,26.324,27.525,-27.856,NA,NA,-8.078,9.75,NA,NA,14.411,20.965,25.764,27.295,28.433,23.869,26.985,16.071,17.904,3.328,3.83,-28.914,19.114,27.677,21.244,17.106,27.806,19.383,26.463,26.284,27.574,23.625,7.969,16.897
"1963-02",-12.028,-19.334,-20.011,10.667,17.944,9.22,19.41,26.627,24.711,26.814,27.403,28.138,NA,19.469,23.374,13.455,-0.778,7.513,-2.866,13.072,24.411,28.99,29.199,29.325,28.015,21.399,26.306,27.39,-25.947,NA,NA,-7.135,10.318,NA,NA,13.618,27.404,26.287,27.463,28.791,24.046,26.084,16.802,18.165,3.542,4.178,-29.403,18.719,27.729,21.773,16.466,28.262,20.114,26.511,26.809,27.945,24.493,8.491,17.14
"1963-03",-11.565,-14.227,-16.378,10.554,19.084,11.048,19.478,27.019,25.198,27.428,27.952,28.245,NA,19.976,22.776,13.245,-0.147,8.996,5.573,13.529,25.197,29.419,29.462,29.732,28.849,21.139,26.219,27.541,-25.287,NA,NA,-5.92,14.583,NA,NA,13.477,29.644,27.138,27.716,28.698,24.631,25.209,16.69,17.526,1.103,2.749,-27.677,18.49,27.919,21.691,16.708,28.61,20.103,27.21,28.18,28.781,24.436,8.114,17.189
"1963-04",-9.576,-6.022,-13.447,11.37,20.857,13.048,20.39,27.701,25.75,27.215,28.132,28.054,NA,19.22,21.62,11.519,1.719,10.644,12.486,15.291,27.551,28.634,29.462,30.965,28.444,20.452,25.5,27.035,-12.074,NA,NA,-1.529,19.58,NA,NA,16.434,35.733,28.841,28.257,29.038,24.093,23.855,15.607,16.979,-1.661,0.555,-16.836,19.032,27.968,21.07,17.044,28.483,19.443,28.534,29.799,29.29,23.709,7.188,17.42
"1963-05",-1.42,0.178,-3.475,12.004,23.471,16.215,21.712,28.302,26.791,26.082,27.981,27.274,NA,17.834,19.196,10.2,3.28,13.083,19.598,18.709,28.498,27.822,28.143,34.631,27.784,19.062,24.323,25.907,-6.594,NA,NA,3.602,25.835,NA,NA,19.826,39.573,29.838,28.492,28.098,23.734,22.351,14.985,15.959,-5.445,-0.864,-7.172,19.918,27.794,19.93,18.065,27.862,18.201,29.658,30.087,29.41,22.572,6.174,17.504
"1963-06",2.986,4.783,2.502,13.456,26.222,19.604,23.234,28.348,27.37,25.053,27.4,27.161,NA,16.095,17.046,7.814,6.957,16.151,28.098,22.57,30.823,27.512,25.633,36.449,27.163,18.049,22.877,24.214,0.241,NA,NA,7.896,31.486,NA,NA,22.23,44.938,29.999,28.268,27.164,21.666,20.862,13.809,14.768,-6.663,-1.454,-0.156,21.117,27.234,18.981,19.476,26.728,16.9,28.401,29.733,28.332,21.102,5.296,17.484
"1963-07",4.849,6.079,5.006,14.856,27.697,22.01,24.335,27.84,27.803,23.508,27.504,26.589,NA,15.386,16.403,7.793,9.358,18.47,31.479,26.277,30.911,26.794,23.927,32.535,26.016,16.627,22.205,23.813,1.73,NA,NA,10.871,34.346,NA,NA,24.506,45.687,28.346,27.761,26.393,20.982,19.369,13.342,13.835,-7.15,-3.646,0.18,22.171,26.263,18.263,21.034,25.776,15.928,26.865,28.451,27.405,20.242,4.689,17.349
"1963-08",4.833,6.066,5.383,15.851,27.958,23.274,24.888,27.481,27.903,22.672,27.535,25.936,NA,15.066,16.795,8.043,10.866,19.325,29.515,26.321,30.203,26.34,23.702,31.512,25.484,16.146,22.129,23.425,0.97,NA,NA,12.041,33.77,NA,NA,25.841,43.673,28.065,27.955,26.774,20.073,20.672,12.768,13.751,-7.892,-4.366,-0.432,22.945,25.526,17.811,22.005,25.284,15.517,25.934,28.19,26.775,19.603,4.211,17.214
"1963-09",1.902,2.582,2.061,15.869,28.072,22.125,24.693,27.336,27.612,22.569,27.603,25.684,NA,15.156,17.934,7.798,9.625,17.66,22.677,23.822,31.134,26.005,23.833,34.516,25.621,16.082,22.664,23.884,-0.938,NA,NA,10.613,29.323,NA,NA,24.209,41.468,28.022,27.694,27.35,20.355,21.223,12.842,13.675,-7.483,-5.279,-4.904,22.882,25.349,17.767,22.045,25.183,15.452,25.934,28.056,26.696,19.569,4.204,16.985
"1963-10",-3.434,-2.79,-3.961,15.077,25.395,19.447,24.109,26.801,27.157,22.981,27.563,25.876,NA,15.459,19.133,9.052,6.982,15.106,14.324,20.927,29.056,26.625,24.717,32.26,26.368,16.553,23.23,24.463,-7.222,NA,NA,5.241,22.598,NA,NA,21.52,36.549,27.927,27.487,27.787,20.992,22.081,13.379,14.367,-6.335,-2.401,-13.957,22.283,25.324,17.972,20.841,25.549,15.868,26.227,28.009,26.744,19.939,4.584,16.605
"1963-11",-8.272,-11.785,-9.088,13.78,22.42,15.463,22.928,26.005,26.309,23.237,26.796,26.235,NA,16.077,20.003,10.191,2.164,12.083,9.91,17.283,25.926,27.497,25.848,28.879,26.683,17.899,24.026,25.203,-15.81,NA,NA,-0.296,19.055,NA,NA,16.306,29.99,27.374,27.047,27.538,21.713,23.347,14.094,15.303,-3.117,0.242,-22.662,21.055,25.189,18.612,19.336,25.941,16.828,26.472,27.185,26.711,20.591,5.395,16.208
"1963-12",-12.446,-14.746,-14.659,12.919,18.89,12.337,20.712,25.657,25.388,24.006,25.929,26.035,NA,17.367,22.129,11.626,1.269,9.72,5.725,14.485,23.042,27.599,26.427,26.927,27.162,19.05,24.696,25.615,-21.446,NA,NA,-3.103,13.836,NA,NA,12.561,24.006,25.692,26.732,27.996,22.015,24.152,15.438,16.766,0.288,2.239,-25.791,19.828,25.243,19.622,17.889,26.058,18.058,25.798,25.927,26.575,21.588,6.406,16.188
"1964-01",-15.339,-21.188,-23.199,11.905,18.089,10.544,20.166,24.801,24.352,24.823,25.614,25.959,NA,18.308,23.132,12.567,1.567,8.718,2.376,12.904,22.128,27.692,26.667,26.55,27.37,19.767,25.425,26.707,-23.928,NA,NA,-4.664,11.355,NA,NA,10.9,22.858,24.781,26.303,28.1,23.908,25.577,16.599,18.243,2.638,4.307,-30.271,18.764,25.173,20.707,17.008,26.068,19.142,25.019,25.381,26.512,22.799,7.601,16.267
"1964-02",-17.317,-23.926,-25.442,9.884,20.187,11.903,20.393,25.676,24.705,24.745,25.439,26.407,NA,19.237,23.099,12.967,0.921,9.308,2.319,12.888,22.61,27.878,27.429,26.927,27.196,20.619,25.691,26.741,-27.223,NA,NA,-5.788,12.409,NA,NA,11.848,25.029,25.164,26.232,27.762,25.003,25.608,17.079,18.093,3.065,4.752,-30.627,18.278,25.363,21.27,16.602,26.533,19.768,24.878,25.357,26.628,23.398,8.223,16.432
"1964-03",-10.734,-16.614,-15.083,10.148,19.635,11.638,20.102,26.133,24.891,24.822,25.817,26.332,NA,19.419,22.463,13.069,-0.179,7.843,5.249,13.892,24.758,27.419,28.11,26.332,26.817,20.47,25.128,26.327,-25.12,NA,NA,-4.825,15.699,NA,NA,13.2,29.858,26.377,26.581,27.337,24.93,24.248,16.969,17.802,0.749,3.022,-26.207,18.391,25.848,21.12,16.535,26.899,19.957,25.871,26.711,27.091,23.141,7.97,16.664
"1964-04",-10.137,-11.179,-12.465,10.795,21.98,13.869,20.938,26.888,25.586,24.361,26.345,26.301,NA,18.294,21.302,11.128,1.729,10.631,14.463,15.209,26.753,27.204,27.964,30.309,27.059,20.309,24.871,25.932,-18.788,NA,NA,-2.014,21.201,NA,NA,16.361,34.295,27.717,27.16,27.422,24.266,22.948,16.319,16.732,-2.427,1.202,-22.016,18.833,25.905,20.517,16.929,26.921,19.289,27.223,28.557,27.767,22.701,7.012,16.722
"1964-05",-3.617,-2.74,-3.72,11.639,24.54,17.107,22.373,27.527,26.431,23.831,26.356,25.69,NA,17.384,20.308,9.972,4.74,13.009,21.537,18.038,28.211,26.392,27.266,34.106,26.855,19.415,23.3,24.66,-9.655,NA,NA,2.582,27.555,NA,NA,18.692,39.671,29.321,27.429,26.831,22.892,21.125,15.252,15.552,-5.298,0.312,-12.719,19.77,26.081,19.598,18.074,26.504,18.095,27.978,29.201,27.642,21.638,5.979,16.911
"1964-06",2.021,2.984,2.439,13.145,27.227,20.15,23.19,26.858,26.924,22.294,26.191,25.467,NA,16.209,18.429,7.383,7.239,16.004,27.279,22.774,30.201,26.49,26.893,34.694,25.88,17.491,22.516,23.763,-1.106,NA,NA,7.239,31.847,NA,NA,21.175,43.775,29.134,27.366,26.621,21.757,20.672,14.184,14.824,-5.946,-2.433,-2.706,20.7,25.755,18.717,19.477,26.089,16.847,26.867,28.558,26.903,20.542,5.144,17.017
"1964-07",4.59,5.557,5.28,14.498,27.923,22.354,24.34,26.822,27.101,21.418,26.319,24.963,NA,15.361,17.604,7.117,9.706,18.007,31.299,26.349,30.674,26.331,25.186,32.735,25.104,16.595,21.782,22.958,1.258,NA,NA,11.561,34.355,NA,NA,23.709,44.534,27.857,27.239,26.43,21.153,19.586,13.28,13.899,-6.472,-2.32,0.264,21.838,25.17,18.024,20.845,25.505,15.781,25.739,28.354,26.512,19.797,4.651,17.078
"1964-08",4.201,4.931,5.357,15.598,27.647,23.47,24.398,26.422,27.12,21.096,26.81,24.942,NA,14.829,17.326,6.436,11.351,18.962,27.13,26.344,29.161,26.221,23.552,33.75,24.748,15.835,21.91,22.951,0.842,NA,NA,12.516,32.803,NA,NA,24.791,42.182,27.297,27.091,26.052,20.77,19.082,13.073,12.965,-6.785,-3.852,-0.628,22.548,24.741,17.48,21.704,25.156,15.169,25.332,27.633,26.315,19.585,4.377,16.995
"1964-09",1.77,2.432,3.292,15.442,27.079,21.733,24.288,26.752,27.077,21.349,27.099,25.116,NA,14.56,17.717,7.74,9.105,17.247,21.646,24.042,29.987,25.901,23.84,33.423,24.698,15.759,22.37,23.048,-3.32,NA,NA,11.819,28.596,NA,NA,24.398,41.164,27.475,27.181,26.738,21.026,20.476,13.216,13.932,-8,-2.566,-5.877,22.81,24.531,17.572,21.551,25.135,14.918,25.368,27.785,26.245,19.564,4.365,16.794
"1964-10",-2.377,-4.411,-2.432,14.042,26.293,19.327,23.325,26.38,26.691,21.526,26.924,25.489,NA,14.781,18.466,8.92,5.554,13.969,14.799,20.583,28.229,26.281,25.047,30.309,25.411,16.577,23.126,23.917,-11.951,NA,NA,5.185,23.752,NA,NA,21.219,35.848,27.761,27.037,27.281,21.595,21.693,13.342,14.472,-6.466,-1.845,-14.916,22.026,24.441,17.894,20.681,25.583,15.342,25.743,27.947,26.393,20.013,4.725,16.384
"1964-11",-7.824,-13.47,-7.916,12.096,23.404,16.204,21.558,25.905,25.979,22.32,25.993,25.92,NA,15.81,19.917,10.337,2.81,11.605,9.676,16.963,24.866,27.15,25.849,28.177,26.477,17.394,23.36,24.353,-17.559,NA,NA,0.73,17.875,NA,NA,16.271,28.268,26.978,26.891,27.412,21.627,22.803,13.746,15.088,-2.642,-0.331,-21.34,20.746,24.678,18.631,19.164,25.822,16.358,26.144,27.056,26.676,20.518,5.375,16.079
"1964-12",-9.585,-13.989,-9.224,10.567,19.841,12.849,19.564,25.341,25.076,23.001,25.594,25.728,NA,17.274,22.155,11.469,0.486,10.198,5.427,14.917,22.191,27.643,26.442,26.352,26.58,18.893,24.434,25.245,-23.236,NA,NA,-4.074,13.242,NA,NA,12.631,22.088,25.321,26.496,27.42,21.965,23.708,14.837,16.476,0.637,1.876,-24.284,19.469,24.863,19.607,17.796,25.997,17.724,25.417,25.834,26.422,21.706,6.481,16.092
"1965-01",-13.095,-21.002,-19.734,10.041,19.029,12.168,19.128,25.139,24.59,23.788,25.127,25.893,NA,18.453,23.271,12.607,1.988,9.153,-0.874,13.103,20.306,27.498,26.923,25.575,26.159,19.748,24.609,25.43,-27.629,NA,NA,-6.958,9.583,NA,NA,11.094,19.895,24.428,26.172,27.497,24.003,24.015,16.207,17.636,2.861,3.596,-28.045,18.676,25.235,20.63,16.894,26.2,18.994,24.656,25.137,26.09,22.651,7.743,16.255
"1965-02",-13.314,-20.726,-22.309,7.395,18.414,10.426,18.411,25.296,24.566,24.553,25.494,25.76,NA,19.107,24.193,12.015,0.293,7.647,-1.442,13.065,22.815,27.608,27.568,26.604,26.646,20.442,25.051,25.698,-25.623,NA,NA,-5.137,11.278,NA,NA,11.116,25.503,25.344,25.987,27.025,24.403,24.441,16.885,18.429,3.207,3.564,-27.077,18.172,25.526,21.167,16.392,26.478,19.884,24.84,25.442,26.29,23.044,8.185,16.463
"1965-03",-13.699,-23.339,-22.611,8.848,18.907,11.417,18.922,26.032,24.472,25.319,25.697,25.845,NA,18.94,22.451,12.127,0.794,8.123,3.731,13.567,25.814,26.872,27.925,28.426,27.089,20.425,24.807,25.749,-26.907,NA,NA,-6.295,14.905,NA,NA,12.636,31.913,26.479,26.091,27.045,25.103,24.014,16.566,18.246,1.356,2.186,-26.967,18.248,25.888,21.248,16.071,26.65,19.786,25.937,26.69,27.009,23.022,7.952,16.483
"1965-04",-9.87,-12.891,-15.218,9.454,21.879,14.073,20.366,26.783,25.231,24.72,26.2,25.983,NA,18.446,22.215,11.013,2.654,10.42,13.139,15.016,26.641,26.309,28.165,29.68,27.233,20.198,24.314,25.464,-18.617,NA,NA,-4.434,20.353,NA,NA,15.22,34.052,28.144,26.866,27.013,24.894,22.419,15.964,16.466,-1.891,0.87,-19.589,18.753,26.189,20.64,16.699,26.753,19.231,27.305,28.348,27.535,22.601,7.048,16.733
"1965-05",-2.59,-1.917,-5.116,10.564,24.167,17.398,21.735,27.329,25.987,23.603,26.368,25.731,NA,17.326,20.108,8.78,5.207,13.252,19.381,18.255,28.272,26.283,27.789,33.325,26.62,18.938,23.132,24.594,-8.153,NA,NA,1.867,26.48,NA,NA,18.612,40.377,29.16,27.216,26.349,23.551,20.98,15.059,14.942,-3.909,-0.968,-8.937,19.579,26.218,19.586,17.793,26.457,17.923,28.058,28.954,27.554,21.664,6.184,16.927
"1965-06",2.596,3.83,2.717,12.116,26.494,20.492,23.188,27.146,26.594,22.427,26.12,25.138,NA,15.809,18.673,7.252,7.91,15.968,26.352,21.866,30.598,26.347,26.963,35.141,25.868,17.453,21.875,23.475,0.116,NA,NA,6.349,31.199,NA,NA,21.873,44.098,28.523,27.23,26.003,21.967,19.215,13.781,13.769,-5.565,-3.057,-0.514,20.579,26.024,18.715,19.291,25.964,16.843,26.815,28.394,26.954,20.446,5.299,17.02
"1965-07",4.621,5.653,5.192,13.749,27.987,22.829,24.191,27.197,26.924,21.911,26.172,24.609,NA,15.08,18.138,6.263,10.753,19.445,29.399,25.85,30.61,26.242,25.738,30.595,24.85,16.79,21.454,22.597,1.455,NA,NA,10.548,32.877,NA,NA,23.623,44.108,27.492,26.949,25.344,21.016,18.253,13.244,13.088,-7.287,-2.959,0.269,21.663,25.651,17.876,20.642,25.352,15.973,25.78,28.339,26.446,19.742,4.682,17.005
"1965-08",4.424,5.858,5.937,14.478,27.406,23.141,24.669,26.742,26.855,21.65,26.229,24.29,NA,14.555,17.62,6.961,11.482,18.833,28.76,26.445,29.158,26.016,24.006,30.976,24.427,16.384,21.293,22.247,0.397,NA,NA,12.037,32.924,NA,NA,24.719,42.392,26.859,26.95,25.502,20.025,18.968,12.849,13.081,-7.578,-3.577,-1.037,22.476,25.259,17.64,21.503,24.857,15.224,25.239,27.426,26.198,19.185,4.375,16.93
"1965-09",1.684,0.815,2.308,14.881,26.468,22.415,24.092,26.328,26.704,21.424,26.67,24.537,NA,14.248,17.907,7.266,10.225,17.133,22.963,24.217,29.496,25.732,23.774,34.094,24.958,16.072,21.81,22.757,-3.002,NA,NA,10.193,29.431,NA,NA,23.658,41.176,26.929,26.936,26.071,20.468,19.573,12.825,13.048,-8.35,-3.05,-7.175,22.51,25.072,17.611,21.536,24.949,14.997,25.353,27.24,26.3,19.14,4.367,16.683
"1965-10",-5.264,-4.817,-5.14,14.55,25.005,19.298,23.624,26.456,26.412,21.923,26.464,25.11,NA,14.596,17.978,8.766,7.52,14.606,14.494,20.374,27.754,25.995,24.509,31.36,25.583,16.261,22.576,23.542,-11.928,NA,NA,4.466,22.549,NA,NA,20.576,35.44,27.404,26.885,27.072,20.812,20.935,13.168,13.667,-7.187,-1.08,-17.455,21.958,24.91,18.018,20.334,25.235,15.275,25.67,27.237,26.483,19.547,4.7,16.247
"1965-11",-7.753,-10.43,-8.365,13.038,23.725,15.479,22.434,25.898,25.752,22.467,26.475,25.464,NA,15.649,20.079,9.921,4.491,10.7,6.22,17.067,24.892,26.451,25.421,28.502,26.603,16.816,23.245,24.564,-18.829,NA,NA,-3.273,16.319,NA,NA,17.305,28.907,26.997,26.873,27.401,22.315,22.252,14.161,15.14,-2.447,-0.594,-20.217,20.636,25.044,18.741,18.925,25.521,16.298,26.181,26.715,26.624,20.523,5.384,16.102
"1965-12",-10.708,-18.36,-15.09,11.829,20.573,12.706,20.763,25.373,24.895,23.25,25.704,25.54,NA,16.942,21.341,10.571,1.76,8.433,3.392,14.193,21.989,27.164,26.393,26.797,26.973,18.43,24.066,25.088,-23.261,NA,NA,-2.921,14.267,NA,NA,13.372,23.393,25.755,26.511,27.604,22.483,23.896,15.106,16.828,0.356,2.066,-25.783,19.26,25.221,19.777,17.658,25.889,17.496,25.73,25.89,26.568,21.586,6.484,16.033
"1966-01",-10.675,-19.317,-19.174,9.551,19.6,10.531,19.901,25.314,24.265,24.299,25.515,25.267,NA,18.152,23.052,11.873,0.498,7.547,1.324,12.672,20.891,27.319,26.946,26.416,26.913,19.7,25.31,25.847,-23.535,NA,NA,-5.703,9.783,NA,NA,10.111,21.456,24.002,26.326,27.582,24.154,24.402,16.368,18.012,2.637,3.911,-25.375,18.576,25.489,20.739,16.631,25.986,18.921,24.508,24.96,26.314,22.655,7.729,16.309
"1966-02",-10.668,-18.578,-18.116,10.544,19.951,10.398,20.466,25.283,23.997,24.846,25.648,25.607,NA,18.851,23.324,12.693,0.117,7.071,2.389,12.517,21.851,27.515,27.574,26.308,26.973,20.713,25.05,26.027,-26.176,NA,NA,-7.732,10.227,NA,NA,9.397,22.848,24.322,25.972,27.047,24.711,24.559,17.169,18.632,2.961,3.785,-26.073,18.145,25.735,21.205,16.112,26.427,19.86,24.322,25.222,26.532,23.14,8.134,16.457
"1966-03",-11.119,-11.931,-15.615,10.215,20.257,11.521,20.114,26.031,24.502,25.224,25.91,25.799,NA,18.873,22.427,12.188,0.769,8.575,4.836,13.133,24.381,27.166,27.966,28.215,27.592,20.691,25.208,26.326,-21.538,NA,NA,-6.093,13.699,NA,NA,11.457,28.943,26.049,26.312,27.058,24.941,23.8,16.887,18.316,0.452,2.918,-23.467,18.312,25.989,21.281,16.164,26.673,19.736,25.308,26.661,27.159,23.192,7.831,16.652
"1966-04",-10.068,-13.874,-14.648,10.342,22.431,14.378,21.205,26.962,25.326,24.434,26.296,25.918,NA,17.568,21.356,10.662,3.3,10.451,12.748,14.928,26.782,27.133,27.976,29.858,27.512,19.428,24.569,25.896,-21.102,NA,NA,-1.884,19.136,NA,NA,15.329,34.141,27.545,26.657,27.166,24.389,22.56,16.555,17.012,-3.417,1.147,-24.985,18.754,26.464,20.548,16.994,26.736,19.239,26.834,28.453,27.856,22.862,6.892,16.639
"1966-05",-2.745,-3.606,-5.87,11.33,23.724,16.545,21.994,26.845,25.839,23.039,26.451,25.498,NA,16.703,19.549,9.7,5.268,12.733,20.208,17.401,27.847,25.866,27.239,33.772,26.857,18.481,23.106,24.87,-8.7,NA,NA,1.541,25.877,NA,NA,18.798,38.219,28.688,27.256,26.886,23.18,21.753,14.951,15.929,-5.525,0.068,-11.476,19.578,26.556,19.789,17.795,26.357,17.772,27.779,28.894,27.559,21.631,5.954,16.848
"1966-06",2.207,3.437,1.423,13.169,26.402,19.755,23.314,27.016,26.447,22.391,26.201,25.137,NA,15.794,18.316,8.106,8.155,16.173,27.552,21.221,29.719,26.471,26.892,35.695,26.043,17.648,22.671,23.984,0.371,NA,NA,6.381,31.704,NA,NA,20.775,44.203,29.114,27.237,26.17,21.867,20.083,14.101,14.294,-7.578,-0.729,-0.724,20.757,26.336,18.692,19.308,25.916,16.58,26.857,28.746,26.84,20.651,5.117,17.017
"1966-07",4.248,5.8,5.025,14.878,27.262,22.048,24.45,27.132,27.042,22.107,26.318,24.582,NA,15.346,18.009,7.878,10.436,18.514,32.002,25.054,29.964,26.081,25.551,34.16,25.1,16.904,21.759,23.037,1.727,NA,NA,9.942,34.823,NA,NA,23.108,44.073,27.531,27.115,25.935,20.801,19.15,13.212,13.214,-8.691,-2.515,0.142,21.905,26.126,17.942,20.946,25.233,15.78,25.839,27.872,26.253,19.497,4.495,17.008
"1966-08",4.994,5.257,5.627,15.621,27.567,23.387,24.981,27.17,27.164,21.8,26.561,24.347,NA,14.808,17.499,7.966,11.187,19.327,29.508,25.95,29.973,26.036,23.655,33.88,24.824,16.397,21.897,22.806,0.443,NA,NA,12.395,33.766,NA,NA,24.854,43.067,26.96,27.073,25.893,20.144,19.835,12.877,13.188,-9.458,-2.406,-0.643,22.727,25.835,17.569,21.914,24.886,15.191,25.368,27.376,26.019,19.13,4.163,17.013
"1966-09",1.801,2.076,1.673,15.698,27.191,22.133,25.21,27.558,27.098,21.922,26.815,24.294,NA,14.729,18.641,7.894,8.873,17.377,23.823,24.248,30.113,25.885,23.165,34.391,24.75,16.493,22.285,22.922,-3.518,NA,NA,9.639,30.055,NA,NA,23.914,41.36,27.226,27.17,26.254,19.738,20.119,12.779,13.314,-7.87,-3.509,-7.707,23.024,25.805,17.529,21.841,24.785,15.193,25.327,27.358,26.109,19.094,4.253,16.79
"1966-10",-1.899,-4.433,-4.284,14.997,25.79,19.508,24.114,26.82,26.58,22.344,26.71,25.127,NA,14.923,19.405,8.761,4.301,13.797,15.255,21.312,28.277,26.075,24.737,30.51,25.594,16.857,22.832,23.553,-12.191,NA,NA,6.883,23.871,NA,NA,20.499,35.229,27.852,27.1,27.271,20.28,21.583,13.331,13.89,-5.883,-2.581,-15.749,22.234,25.842,17.84,20.841,25.421,15.69,26.066,27.97,26.597,19.439,4.617,16.426
"1966-11",-7.322,-11.39,-10.381,11.989,24.683,15.998,22.839,26.748,26.38,23.068,26.231,25.67,NA,15.856,21.032,10.075,2.562,10.023,8.936,17.137,24.797,26.731,25.691,28.293,26.677,18.077,23.283,23.988,-17.601,NA,NA,0.12,17.68,NA,NA,15.675,27.242,26.996,26.887,27.843,21.048,22.591,13.803,15.019,-2.7,0.041,-23.748,21.017,25.948,18.606,19.181,25.722,16.704,26.505,26.847,26.707,20.109,5.357,16.146
"1966-12",-10.312,-14.265,-18.564,11.805,20.623,12.94,21.5,25.867,25.222,23.735,25.712,25.85,NA,17.029,22.972,11.404,2.121,9.004,4.466,14.655,21.947,27.168,26.783,26.632,26.945,19.186,24.653,25.29,-24.074,NA,NA,-4.92,13.115,NA,NA,12.908,23.137,25.755,26.354,27.366,21.85,23.62,15.033,16.144,0.371,2.025,-24.73,19.72,26.091,19.527,17.856,26.074,18.17,25.889,25.702,26.699,21.433,6.579,16.228
"1967-01",-11.684,-18.341,-23.208,10.386,19.293,10.936,20.073,25.431,24.577,24.628,25.465,25.962,NA,18.194,22.908,12.822,0.452,7.34,1.027,12.529,20.959,27.199,26.941,27.215,26.971,19.881,25.235,26.272,-27.628,NA,NA,-6.235,10.951,NA,NA,11.234,21.437,24.912,26.151,26.989,22.838,23.738,16.38,17.256,2.728,4.086,-29.945,18.752,26.289,20.638,16.655,26.357,19.117,25.393,25.319,26.606,22.855,7.833,16.325
"1967-02",-12.791,-18.608,-21.57,10.808,18.335,10.036,19.667,25.698,24.424,24.931,25.923,26.222,NA,18.693,23.566,12.985,-0.777,7.215,2.151,13.218,22.305,27.48,27.595,27.61,26.834,20.375,25.144,26.448,-27.917,NA,NA,-6.875,11.921,NA,NA,11.086,24.74,25.267,26.094,26.842,23.156,24.667,17.499,18.16,2.946,4.522,-28.811,18.403,26.488,21.34,16.156,26.735,19.939,25.291,25.723,27.04,23.398,8.265,16.591
"1967-03",-12.792,-15.538,-21.211,11.233,19.929,11.51,20.34,26.499,24.844,25.555,25.897,26.389,NA,18.779,23.016,12.495,0.714,7.268,5.603,12.732,23.948,27.511,28.079,27.966,27.147,20.449,25.683,26.594,-24.991,NA,NA,-6.03,16.125,NA,NA,12.251,28.949,26.468,26.511,26.984,24.346,23.704,17.214,17.373,0.867,2.786,-29.18,18.435,26.784,21.257,16.376,26.992,20.16,26.101,27.016,27.501,23.581,7.978,16.685
"1967-04",-9.205,-9.575,-13.508,12.322,20.32,12.872,21.31,26.964,25.267,25.084,26.516,26.15,NA,18.006,21.821,11.158,1.88,10.443,14.429,15.015,25.203,27.423,28.013,30.189,26.726,19.98,25.096,26.41,-17.667,NA,NA,-2.171,20.395,NA,NA,15.918,32.672,27.717,27.401,27.575,23.639,22.371,16.468,16.221,-1.701,0.967,-21.361,19.132,26.967,20.653,16.709,27.174,19.442,27.331,28.648,28.006,23.148,7.066,16.901
"1967-05",-3.448,-3.215,-7.55,13.378,23.413,16.262,22.502,27.223,26.196,24.163,26.814,26.118,NA,17.139,20.495,8.688,4.586,12.594,19.439,18.009,27.606,27.022,27.988,32.428,26.986,18.78,23.694,25.185,-6.176,NA,NA,2.491,24.902,NA,NA,18.726,39.066,28.718,27.504,26.581,23.008,20.505,15.291,14.788,-4.934,-0.552,-10.028,19.847,27.053,19.592,17.529,26.881,18.497,28.242,29.365,27.993,21.792,6.169,17.049
"1967-06",2.312,5.15,1.226,14.167,26.478,19.664,24.242,27.797,26.93,23.668,26.704,25.643,NA,15.8,18.878,6.931,7.601,15.917,28.72,21.576,30.201,26.976,26.983,35.228,26.321,18.037,22.757,23.88,0.827,NA,NA,7.193,33.001,NA,NA,21.442,44.014,29.212,27.661,25.787,21.268,20.064,14.279,13.564,-6.807,-2.055,-0.174,21.014,27.072,18.578,19.036,26.35,17.194,27.464,28.776,27.381,20.59,5.285,17.196
"1967-07",4.162,6.407,4.546,15.519,27.467,22.611,24.913,27.504,27.257,23.048,26.552,25.195,NA,15.105,18.294,7.463,11.158,18.356,31.992,25.192,30.215,26.611,24.597,35.216,25.571,16.616,21.761,23.241,1.91,NA,NA,11.387,35.779,NA,NA,23.207,44.934,28.473,27.332,25.428,20.444,19.492,13.489,13.494,-7.814,-6.194,0.309,22.112,26.884,17.868,20.531,25.479,16.285,26.693,28.585,26.942,19.827,4.549,17.172
"1967-08",4.476,6.74,4.335,17.018,28.246,23.148,25.704,27.758,27.433,22.792,26.733,24.878,NA,14.513,17.904,6.897,11.683,19.52,28.94,26.722,30.325,26.474,23.378,35.615,25.473,16.145,21.976,23.165,1.155,NA,NA,12.474,34.238,NA,NA,24.196,44.168,27.551,26.959,25.135,19.843,19.569,13.314,12.535,-7.935,-3.838,-0.535,23.083,26.779,17.339,21.54,25.06,15.612,26.177,27.713,26.766,19.322,4.463,17.177
"1967-09",1.686,4.629,2.932,17.096,28.07,21.855,25.75,27.995,27.336,22.771,26.922,24.912,NA,14.336,17.966,7.189,9.183,16.921,25.193,23.736,30.175,26.158,23.449,35.118,25.603,15.969,22.597,23.503,-1.105,NA,NA,10.517,31.704,NA,NA,23.305,41.811,27.981,26.954,25.57,20.442,20.278,13.315,13.106,-8.493,-3.834,-5.296,23.255,26.874,17.386,21.488,25.014,15.415,26.133,27.818,26.537,19.5,4.382,16.981
"1967-10",-3.035,-3.018,-4.052,15.68,26.313,19.152,24.458,27.655,26.896,22.942,26.94,25.382,NA,14.874,19.165,8.074,5.932,14.732,14.244,20.506,27.34,26.339,24.424,31.56,26.514,16.402,22.935,24.155,-9.174,NA,NA,5.638,22.866,NA,NA,20.501,35.055,28.341,27.222,26.649,20.37,21.793,13.653,13.844,-6.264,-2.888,-15.361,22.5,27.024,17.752,20.398,25.47,15.772,26.976,28.101,27.008,19.899,4.713,16.608
"1967-11",-8.291,-11.679,-10.179,14.838,23.383,14.737,23.434,27.076,26.221,23.661,26.841,25.906,NA,15.981,20.5,9.91,2.299,10.597,9.076,16.985,24.958,27.17,25.985,29.443,27.447,17.352,23.865,24.845,-18.976,NA,NA,1.431,18.348,NA,NA,16.723,28.817,27.672,27.332,27.708,20.842,23.262,14.301,14.515,-2.361,-0.06,-25.303,21.281,27.22,18.572,18.813,25.965,16.854,27.162,27.349,27.096,20.764,5.411,16.315
"1967-12",-10.178,-14.645,-14.482,12.579,20.828,13.313,21.206,26.677,25.642,24.707,26.192,26.403,NA,17.056,22.616,10.99,0.732,9.171,4.677,14.364,21.897,27.711,26.52,27.625,27.411,18.702,24.789,25.621,-23.123,NA,NA,-4.492,13.291,NA,NA,13.03,22.387,26,27.01,28.315,21.482,24.569,14.989,16.016,0.74,2.083,-27.552,20.005,27.298,19.634,17.751,26.243,18.234,26.401,25.937,27.078,21.931,6.611,16.365
"1968-01",-12.248,-15.499,-21.562,12.47,18.469,10.592,20.368,25.814,24.598,25.346,26.502,26.519,NA,18.167,23.027,11.898,0.154,7.519,-3.717,12.829,21.652,27.811,27.366,27.292,27.52,19.839,25.642,26.354,-24.001,NA,NA,-8.401,10.199,NA,NA,11.228,22.462,25.218,26.826,28.014,22.267,25.683,16.046,16.934,3.169,4.495,-27.898,18.84,27.293,20.904,16.813,26.738,19.22,25.666,25.559,27.052,23.319,7.952,16.613
"1968-02",-14.43,-16.096,-23.851,11.372,18.349,9.416,19.86,26.084,24.629,26.252,26.627,26.84,NA,19.083,23.717,12.422,-0.285,7.221,-0.715,12.737,23.239,28.206,27.938,27.695,28.327,20.944,25.985,26.62,-26.154,NA,NA,-8.821,11.45,NA,NA,11.492,25.43,25.501,26.813,27.987,23.943,25.808,16.651,18.248,3.672,4.532,-28.878,18.367,27.291,21.415,16.375,27.273,20.079,25.834,25.83,27.769,23.888,8.645,16.843
"1968-03",-13.224,-15.839,-21.665,11.489,19.058,10.756,19.941,26.777,24.955,26.547,27.215,27.399,NA,18.943,23.19,11.966,1.234,8.595,5.358,13.65,24.668,28.307,28.672,28.867,28.742,20.992,25.62,26.287,-22.131,NA,NA,-8.224,14.904,NA,NA,13.364,29.472,26.881,27.361,28.158,23.689,24.746,16.501,17.893,1.379,3.734,-26.416,18.421,27.563,21.469,16.416,27.876,20.112,26.543,27.57,28.444,23.778,8.332,17.043
"1968-04",-9.626,-9.196,-13.191,12.026,20.975,13.273,20.445,27.54,25.63,26.146,27.051,27.241,NA,18.167,22.136,10.471,0.849,9.844,11.101,15.247,28.085,28.4,29.168,31.306,28.439,20.69,25.318,25.856,-17.918,NA,NA,-3.386,20.029,NA,NA,16.128,36.871,28.406,28.127,27.976,23.949,24.004,15.849,17.247,-1.203,1.042,-22.171,18.86,27.744,20.793,16.677,27.895,19.462,27.859,29.376,28.94,23.236,7.47,17.128
"1968-05",-3.148,0.072,-4.891,13.427,23.308,16.497,22.016,28.113,26.522,25.413,27.24,26.843,NA,16.529,20.054,8.236,4.235,12.39,18.358,17.516,28.086,27.694,27.441,33.837,27.964,18.715,24.018,25.198,-8.293,NA,NA,1.774,23.717,NA,NA,18.833,38.793,29.347,28.365,27.701,23.01,22.423,15.492,15.848,-4.171,0.171,-10.14,19.757,27.741,19.749,17.775,27.185,18.296,28.853,30.343,28.924,22.196,6.401,17.277
"1968-06",2.885,5.578,2.619,14.675,26.028,19.741,24.04,28.232,27.434,23.867,27.354,26.736,NA,15.007,18.118,7.086,6.539,15.409,24.874,21.963,30.653,27.326,25.559,36.73,26.849,17.16,22.299,24.105,0.538,NA,NA,7.215,30.49,NA,NA,21.042,44.969,29.841,28.137,26.748,21.724,20.413,14.014,14.144,-5.258,-2.008,-0.335,21.049,27.462,18.84,19.199,26.319,17.199,28.059,29.97,28.213,20.907,5.459,17.372
"1968-07",5.025,6.365,5.016,15.96,27.633,22.121,24.84,27.88,27.721,22.728,27.272,25.932,NA,14.667,17.464,6.939,8.828,17.733,32.201,25.12,30.342,26.579,23.211,35.703,25.858,15.974,21.608,23.207,1.942,NA,NA,10.318,35.471,NA,NA,23.726,45.194,28.455,27.702,25.795,20.34,19.627,12.919,13.476,-7.033,-4.989,0.15,22.163,26.814,18.108,20.802,25.227,16.307,27.03,28.602,27.353,20.122,4.882,17.282
"1968-08",4.854,6.044,6.029,17.149,27.913,22.914,25.454,27.907,27.862,22.307,27.311,25.288,NA,14.196,17.982,6.947,9.601,19.293,28.514,26.579,30.844,25.816,22.546,31.3,25.612,15.699,21.668,22.764,1.094,NA,NA,12.583,32.979,NA,NA,24.512,44.549,27.87,27.479,25.893,19.789,19.646,12.716,13.247,-7.862,-3.628,-0.581,23.054,26.337,17.695,21.793,24.576,15.702,26.167,27.975,26.811,19.618,4.481,17.217
"1968-09",2.423,3.793,2.83,17.042,27.971,22.401,25.38,27.985,27.68,22.448,27.336,25.152,NA,14.291,18.093,7.199,8.448,17.46,21.791,23.734,30.618,25.813,23.739,33.63,25.557,15.959,22.298,23.068,-1.32,NA,NA,10.854,29.252,NA,NA,24.211,42.075,27.659,27.618,26.508,19.931,20.764,12.597,13.303,-7.806,-2.741,-5.811,23.138,26.008,17.732,21.752,24.81,15.589,25.849,27.748,26.622,19.513,4.452,16.996
"1968-10",-2.546,0.201,-2.147,16.081,26.252,19.572,24.212,27.459,27.16,22.861,26.956,25.457,NA,14.936,19.354,8.26,4.804,14.132,13.701,20.921,28.38,26.332,24.94,31.866,26.16,16.298,23.111,24.081,-9.649,NA,NA,4.933,22.05,NA,NA,21.13,34.976,27.902,27.592,26.997,20.852,21.14,13.207,13.765,-5.608,-2.48,-13.604,22.426,25.952,18.053,20.733,25.393,15.896,26.016,27.885,26.846,20,4.791,16.628
"1968-11",-8.451,-11.246,-9.342,13.531,23.686,15.713,22.704,26.722,26.267,23.561,26.573,26.047,NA,16.073,20.51,9.83,4.007,11.63,7.055,17.142,24.876,27.15,26.449,28.372,26.909,17.6,23.925,24.968,-19.245,NA,NA,-1.073,16.368,NA,NA,17.932,28.939,27.314,27.379,27.963,21.202,22.623,14.148,15.018,-2.61,-0.325,-23.688,21.071,25.906,18.719,19.08,26.102,16.804,26.373,27.113,26.937,20.801,5.413,16.279
"1968-12",-11.794,-12.889,-13.807,12.659,20.041,12.785,21.362,26.212,25.198,24.299,25.818,26.161,NA,17.376,22.305,11.627,1.64,8.644,6.575,14.247,22.804,27.39,26.85,26.246,26.993,18.721,24.629,25.616,-19.866,NA,NA,-2.578,13.378,NA,NA,11.831,23.179,25.442,26.669,27.882,21.601,24.006,15.323,16.512,0.559,2.029,-25.918,19.888,25.854,19.825,17.662,26.141,18.109,25.435,26.224,26.666,21.543,6.578,16.253
"1969-01",-14.259,-18.932,-20.799,11.274,19.185,10.356,20.431,26.102,24.869,24.433,25.745,26.107,NA,18.573,23.026,13.456,-0.036,7.139,-1.245,13.128,21.517,27.81,27.225,26.181,26.99,20.344,25.185,25.948,-24.033,NA,NA,-4.259,10.803,NA,NA,11.591,22.008,24.716,26.412,27.676,23.336,24.622,16.547,17.387,2.792,4.078,-26.863,18.861,25.802,20.884,16.843,26.601,19.321,24.811,25.201,26.553,22.629,7.852,16.455
"1969-02",-14.805,-19.566,-24.435,10.486,19.112,11.274,19.902,26.294,24.76,24.978,25.499,26.094,NA,19.074,24.383,13.454,0.281,7.572,-1.204,12.919,22.653,28.151,27.897,27.224,27.324,21.317,25.633,26.062,-27.536,NA,NA,-6.651,11.624,NA,NA,11.48,24.642,25.451,26.227,27.157,24.235,24.151,17.222,17.736,3.042,4.046,-28.715,18.453,26.132,21.397,16.421,26.81,20.522,25.216,25.516,26.834,23.282,8.36,16.648
"1969-03",-11.022,-15.958,-13.938,10.39,19.909,11.53,20.148,26.617,24.932,25.308,25.958,26.187,NA,19.105,23.041,12.554,-0.207,8.144,5.42,13.891,25.339,27.656,28.189,27.845,27.472,21.212,25.081,26.185,-24.032,NA,NA,-3.625,15.784,NA,NA,12.134,31.012,26.487,26.445,27.532,24.613,23.999,17.142,17.589,0.69,2.933,-26.965,18.545,26.236,21.27,16.224,27.077,20.395,25.995,26.881,27.372,23.271,7.972,16.766
"1969-04",-8.383,-13.47,-13.679,10.731,21.966,14.439,21.349,27.348,25.532,24.367,26.393,26.234,NA,18.301,22.262,11.271,2.257,10.39,11.367,15.2,26.907,27.402,28.437,30.373,27.454,20.346,24.204,25.633,-16.769,NA,NA,-1.879,18.928,NA,NA,15.064,33.967,28.036,26.946,27.296,24.69,22.546,16.169,16.296,-2.167,0.69,-19.319,18.845,26.39,20.695,16.975,27.141,19.66,27.453,28.38,27.79,22.753,7.098,16.887
"1969-05",-3.905,-3.549,-6.59,11.686,24.176,16.895,22.176,27.207,26.33,23.153,26.819,25.888,NA,17.529,19.457,9.863,4.718,13.19,19.685,18.068,28.376,26.655,27.693,33.689,26.788,19.013,23.733,25.054,-8.423,NA,NA,2.739,26.236,NA,NA,19.031,40.108,29.296,27.411,26.492,23.904,20.874,15.156,15.512,-4.637,-1.026,-10.497,19.651,26.46,19.749,17.832,26.768,18.047,28.189,29.23,27.693,21.856,6.194,17.021
"1969-06",1.288,3.292,1.086,13.212,26.945,20.432,23.956,27.228,27.011,21.778,26.514,25.474,NA,15.937,18.319,7.97,8.493,16.233,25.249,22.764,29.934,27.042,27.024,33.7,25.707,18.014,22.318,23.836,-0.21,NA,NA,7.359,30.145,NA,NA,22.09,43.427,28.55,27.386,25.908,22.095,19.579,14.269,14.089,-7.311,-1.837,-1.4,20.814,26.125,18.804,19.117,26.343,16.956,26.843,28.916,27.075,20.682,5.318,17.147
"1969-07",3.889,6.172,4.663,14.686,27.805,22.763,24.82,27.192,27.152,21.318,26.57,24.94,NA,15.623,18.091,8.087,10.71,18.357,30.323,25.694,30.222,26.405,25.531,32.464,24.929,17.134,21.68,23.086,1.616,NA,NA,11.251,33.887,NA,NA,24.343,44.47,27.68,27.448,25.697,21.165,18.915,13.492,13.463,-7.859,-2.858,0.229,21.894,25.713,17.942,20.487,25.662,16.227,25.596,28.584,26.498,19.831,4.704,17.129
"1969-08",3.805,6.102,5.273,15.779,27.809,23.611,25.276,27.203,27.119,21.134,26.848,24.595,NA,14.925,18.055,7.446,10.858,19.529,29.218,26.188,29.577,26.144,24.037,34.151,24.886,16.517,22.003,23.041,0.823,NA,NA,12.602,34.654,NA,NA,24.35,43.054,27.174,27.363,25.61,20.454,18.523,13.183,12.888,-7.164,-3.558,-1.162,22.609,25.331,17.596,21.485,25.142,15.57,25.441,28.093,26.373,19.393,4.481,17.053
"1969-09",1.02,2.864,2.484,15.891,27.846,22.115,24.821,26.714,26.93,21.014,26.893,24.97,NA,14.576,18.261,8.24,9.274,17.292,22.642,23.585,29.976,25.883,24.592,34.229,25.1,15.972,22.37,23.452,-2.34,NA,NA,10.609,30.366,NA,NA,23.893,41.204,27.033,27.298,26.586,20.44,20.256,13.315,13.314,-8.03,-3.84,-6.713,22.73,25.189,17.565,21.506,25.228,15.44,25.424,27.608,26.34,19.53,4.529,16.84
"1969-10",-4.433,-3.492,-4.74,15.202,25.954,19.359,23.559,26.859,26.626,21.468,26.811,25.53,NA,14.737,19.511,8.845,5.103,13.966,14.186,20.217,28.046,26.12,25.503,32.181,25.535,16.675,23.12,24.014,-9.752,NA,NA,5.178,24.357,NA,NA,21.684,36.114,27.511,27.314,27.435,20.979,21.576,13.274,13.903,-7.06,-1.905,-14.511,22.083,25.053,18.008,20.544,25.594,16.019,25.627,27.642,26.364,19.863,4.65,16.449
"1969-11",-8.24,-9.873,-7.555,12.76,24.533,16.254,22.328,26.631,25.975,22.251,26.155,25.772,NA,15.793,20.678,10.587,2.89,10.862,10.163,17.046,24.63,27.366,26.633,28.408,26.639,17.694,24.01,25.139,-19.215,NA,NA,-1.665,18.287,NA,NA,15.963,28.376,26.75,26.911,27.5,21.597,22.972,14.113,14.967,-2.425,-0.319,-20.747,20.73,25.084,18.665,19.068,26.065,16.949,25.873,27.237,26.508,20.809,5.34,16.17
"1969-12",-9.906,-13.037,-10.384,11.184,20.351,12.657,20.061,26.009,24.976,23.335,25.798,25.529,NA,17.207,22.042,11.681,-0.101,8.317,1.584,14.814,21.8,27.524,26.883,26.662,27.085,19.016,24.42,25.364,-20.138,NA,NA,-3.965,11.55,NA,NA,11.518,21.962,25.064,26.692,27.82,22.088,23.876,15.365,16.132,0.77,2.119,-21.977,19.504,25.315,19.592,17.644,26.251,18.018,25.419,26.035,26.532,21.875,6.604,16.222
"1970-01",-14.887,-14.465,-18.925,11.039,18.236,11.265,18.876,25.563,24.403,24.391,25.445,25.399,NA,18.693,23.281,13.34,0.357,6.345,-2.675,12.59,21.619,27.605,27.288,26.127,26.598,20.095,25.572,26.605,-25.702,NA,NA,-5.815,8.846,NA,NA,9.891,21.971,24.349,26.029,27.376,23.64,24.651,16.773,17.316,3.213,3.965,-29.342,18.6,25.782,20.685,16.711,26.416,19.468,24.663,25.247,26.362,23.112,7.926,16.337
"1970-02",-13.624,-18.18,-20.986,10.963,18.742,9.822,19.754,25.57,24.124,25.116,25.563,25.717,NA,19.136,23.86,13.281,0.439,7.301,0.926,12.136,22.541,27.642,27.951,26.659,26.877,21.113,26.023,26.542,-21.82,NA,NA,-5.158,12.458,NA,NA,10.116,25.879,25.038,25.95,27.04,24.688,25.119,16.893,18.314,3.334,4.047,-25.405,18.127,25.967,21.382,16.281,26.76,20.551,24.83,25.443,26.541,23.278,8.43,16.651
"1970-03",-14.317,-18.51,-20.528,10.851,19.432,11.315,20.086,25.922,24.43,25.3,25.95,26.286,NA,19.044,22.917,13.106,0.974,9.115,4.79,13.512,24.305,27.531,28.172,28.145,26.931,20.865,25.444,26.413,-23.553,NA,NA,-3.912,12.901,NA,NA,11.899,28.5,25.797,26.321,27.364,25.004,24.323,16.812,17.806,0.604,2.602,-29.002,18.22,26.14,21.399,16.373,27.169,20.499,25.788,26.491,27.196,23.374,8.123,16.632
"1970-04",-10.46,-13.118,-16.392,11.127,21.46,13.774,21.166,26.846,25.25,25.138,26.236,26.241,NA,18.32,21.401,11.229,1.041,10.124,13.124,15.005,26.728,26.965,28.125,30.554,27.034,20.296,24.881,25.684,-19.369,NA,NA,-0.947,19.947,NA,NA,14.885,34.018,27.566,26.97,27.529,24.882,22.922,15.883,16.821,-1.995,0.468,-24.059,18.806,26.572,20.756,16.883,27.014,19.575,27.002,28.335,27.657,22.86,7.171,16.714
"1970-05",-2.665,-3.01,-4.576,12.069,24.164,16.862,22.095,27.467,26.002,23.923,26.531,25.849,NA,17.302,19.62,9.907,3.975,12.902,17.683,17.822,27.707,26.626,28.329,32.544,26.536,19.503,24.01,24.861,-9.042,NA,NA,3.058,23.891,NA,NA,17.335,38.299,29.087,27.292,26.569,23.555,20.917,15.141,15.332,-4.634,-0.655,-11.734,19.702,26.672,19.794,17.872,26.902,18.329,28.017,29.269,27.43,21.862,6.221,16.976
"1970-06",2.423,4.686,2.36,13.339,26.753,20.115,23.605,27.38,26.673,22.599,26.356,25.612,NA,15.794,17.209,7.973,7.123,16.861,25.818,21.737,29.937,27.269,28.129,34.395,25.64,18.41,23.023,23.846,0.32,NA,NA,7.406,30.266,NA,NA,20.105,43.554,29.097,27.411,26.21,21.717,19.783,13.844,14.332,-6.171,-0.91,-0.624,20.715,26.403,18.9,19.354,26.526,16.842,26.881,28.551,26.61,20.703,5.351,17.137
"1970-07",3.917,5.512,5.587,14.559,27.94,22.406,24.324,27.362,27.197,21.833,26.704,25.039,NA,14.906,16.95,7.819,9.736,19.157,31.454,26.162,29.975,26.879,26.867,34.582,24.934,17.297,21.815,23.229,1.54,NA,NA,11.436,34.354,NA,NA,22.264,44.565,27.86,27.103,25.911,20.788,19.452,13.456,13.429,-7.927,-2.148,0.053,21.872,26.111,18.162,20.861,26.003,16.023,26.118,28.24,26.35,19.845,4.613,17.151
"1970-08",4.012,5.476,6.119,15.258,28.056,23.186,24.704,26.937,27.413,21.25,27.045,25.081,NA,13.776,17.332,7.257,10.96,19.484,29.395,26.703,29.475,26.639,25.33,34.77,24.772,16.593,22.146,23.168,1.23,NA,NA,13.114,33.372,NA,NA,23.914,43.315,27.228,27.282,26.25,20.56,19.96,13.177,13.268,-8.325,-2.12,-1.671,22.574,25.768,17.756,21.821,25.763,15.585,25.709,27.73,26.138,19.403,4.411,17.127
"1970-09",1.947,3.428,3.337,15.802,27.922,21.937,24.792,27.446,27.595,21.239,27.495,25.009,NA,13.806,18.283,8.084,8.336,17.441,22.71,24.167,29.967,26.473,25.036,34.918,25.165,16.442,22.723,23.68,-1.131,NA,NA,11.167,30.472,NA,NA,23.141,41.794,27.67,27.225,26.603,20.448,20.511,13.084,13.495,-8.848,-2.765,-4.735,22.828,25.505,17.64,21.644,25.605,15.431,25.709,28.185,26.414,19.639,4.373,16.936
"1970-10",-2.969,-3.086,-1.663,15.394,26.323,19.258,23.863,26.884,27.258,21.864,27.482,26.076,NA,14.56,19.137,9.256,5.408,14.333,12.848,20.526,28.2,26.37,25.797,31.818,26.232,16.859,23.01,24.221,-7.076,NA,NA,4.21,23.168,NA,NA,20.648,36.416,27.662,27.285,27.299,21.263,22.077,13.342,14.116,-5.9,-1.407,-14.869,21.99,25.593,18.035,20.474,26.16,15.763,26.422,27.688,26.791,19.973,4.705,16.56
"1970-11",-6.492,-10.107,-6.182,13.693,23.447,16.046,22.475,26.278,26.249,22.768,26.95,26.115,NA,15.56,20.951,10.512,2.563,11.567,10.225,17.217,25.499,27.284,26.819,29.209,26.705,17.802,24.092,25.174,-17.477,NA,NA,-1.341,18.847,NA,NA,15.451,28.856,26.84,27.161,27.924,21.457,23.013,13.57,14.611,-2.311,-0.213,-21.899,20.786,25.545,18.703,19.112,26.366,16.785,26.4,27.169,26.966,20.882,5.503,16.254
"1970-12",-11.046,-15.908,-14.193,11.449,21.194,12.189,20.739,26.068,25.25,23.628,26.037,25.72,NA,16.797,22.656,11.305,1.322,8.09,0.164,13.95,21.881,27.65,26.915,26.807,27.059,19.078,24.64,25.829,-19.965,NA,NA,-3.839,12.532,NA,NA,12.31,21.421,25.209,26.864,27.926,23.328,23.869,15.038,16.297,0.794,2.313,-25.805,19.586,25.608,19.812,17.687,26.246,18.084,25.32,26.133,26.638,21.952,6.572,16.236
"1971-01",-10.758,-17.432,-13.813,10.984,18.053,10.494,19.191,25.68,24.607,24.615,25.711,25.947,NA,18.127,23.496,12.46,-1.518,6.797,-1.845,13.281,21.939,27.795,27.162,26.225,26.345,20.286,25.025,26.027,-24.347,NA,NA,-6.074,10.829,NA,NA,9.884,22.087,24.627,26.41,27.904,25.028,25.388,16.148,17.865,2.755,4.228,-24.987,18.718,25.889,20.929,16.805,26.301,19.273,24.722,25.342,26.279,22.997,7.806,16.477
"1971-02",-13.294,-16.119,-16.072,10.553,18.559,11.125,19.394,25.6,24.192,25.307,25.845,26.14,NA,19.172,23.938,13.365,0.473,7.88,0.366,12.935,22.985,28.054,27.418,27.018,26.435,20.889,25.208,26.119,-25.116,NA,NA,-7.446,10.941,NA,NA,9.895,24.546,25.152,25.935,27.326,25.168,25.117,16.862,18.187,3.054,4.327,-26.664,18.215,26.229,21.35,16.414,26.723,20.23,24.901,25.495,26.458,23.462,8.408,16.618
"1971-03",-12.366,-14.557,-17.54,9.828,18.728,11.783,19.708,26.06,24.463,25.591,26.006,26.455,NA,18.96,22.738,12.257,-0.431,8.257,5.63,14.603,24.771,27.837,27.844,28.72,27.054,21.463,25.188,25.843,-23.599,NA,NA,-4.478,15.395,NA,NA,12.013,29.523,26.425,26.117,26.887,25.291,24.482,16.495,18.04,0.672,3.167,-28.296,18.258,26.36,21.407,16.418,26.922,20.317,26.009,26.902,27.25,23.409,8.063,16.697
"1971-04",-10.027,-8.129,-12.773,10.555,21.471,13.821,20.994,27.191,25.396,25.06,26.431,26.344,NA,18.155,21.331,10.994,1.316,10.482,12.309,15.011,27.645,27.118,28.267,30.519,27.735,20.168,24.624,25.753,-20.75,NA,NA,-1.526,20.58,NA,NA,14.972,36.519,27.949,26.925,27.798,24.658,23.171,16.53,16.787,-2.691,1.13,-23.689,18.841,26.671,20.857,16.926,27.099,19.773,27.473,28.081,27.877,22.784,7.25,16.795
"1971-05",-4.372,-4.682,-7.219,11.481,23.437,16.562,22.041,27.615,25.968,23.963,26.85,25.68,NA,16.987,20.441,8.942,3.862,12.863,19.741,18.26,27.812,26.862,27.282,32.44,27.315,18.988,23.835,25.108,-6.291,NA,NA,3.022,25.724,NA,NA,18.147,39.263,29.204,27.449,26.903,23.81,21.079,15.38,14.663,-4.558,-1.285,-9.694,19.703,26.768,19.77,17.705,26.779,18.76,28.262,29.219,27.825,21.835,6.191,17.031
"1971-06",2.069,4.41,2.191,13.975,26.237,20.279,23.75,27.888,26.82,22.8,26.405,25.434,NA,15.955,17.901,7.835,7.25,15.564,27.135,21.887,29.261,27.003,26.292,35.151,26.401,17.618,22.73,24.328,0.566,NA,NA,7.339,31.603,NA,NA,20.495,43.4,29.463,27.239,25.695,22.425,19.78,14.397,13.818,-6.669,-3.167,-0.4,20.872,26.595,18.776,19.11,26.305,17.335,27.64,28.878,27.288,20.83,5.349,17.194
"1971-07",4.079,5.574,5.731,15.158,27.725,22.662,25.132,27.45,27.052,22.242,26.339,24.967,NA,15.07,16.917,7.418,10.467,18.974,29.739,25.431,30.163,26.642,24.735,30.979,25.385,17.11,22.356,23.534,2.025,NA,NA,11.273,33.141,NA,NA,22.917,44.543,28.034,27.016,25.224,21.48,18.895,13.906,12.997,-8.635,-2.942,0.116,21.979,26.219,17.908,20.661,25.435,16.107,26.569,27.987,26.785,20.165,4.841,17.184
"1971-08",4.4,5.728,5.691,16.089,27.873,23.597,24.97,27.383,27.222,21.977,26.626,24.758,NA,14.488,16.672,7.406,10.221,19.206,29.483,26.598,29.831,26.152,23.756,32.394,24.646,16.351,21.87,23.065,1.194,NA,NA,12.565,33.433,NA,NA,24.471,43.74,27.38,26.98,25.279,20.771,19.406,13.449,13.125,-7.725,-2.239,-0.625,22.763,25.966,17.658,21.785,25.037,15.347,25.721,27.648,26.495,19.498,4.528,17.144
"1971-09",1.469,3.153,2.895,16.266,27.469,21.96,25.151,27.032,27.023,21.767,26.981,24.931,NA,14.253,17.362,8.04,9.239,17.647,23.572,23.68,30.046,25.998,23.852,34.345,25.228,16.603,22.817,23.673,-0.248,NA,NA,10.899,29.833,NA,NA,23.839,41.744,27.419,27.036,26.018,20.7,20.109,13.488,13.388,-8.128,-2.692,-4.937,22.875,25.799,17.542,21.567,25.1,15.275,25.802,27.813,26.831,19.699,4.512,16.974
"1971-10",-3.113,-5.075,-2.863,14.796,26.124,20.299,24.204,27.347,27.055,22.156,26.98,25.658,NA,14.539,18.56,8.519,6.842,14.781,11.505,19.478,28.284,26.253,25.035,31.507,26.358,16.652,23.494,24.471,-9.128,NA,NA,5.525,21.916,NA,NA,21.202,37.219,27.94,27.269,26.699,20.701,21.066,13.969,14.018,-5.297,-1.954,-15.767,22.244,25.774,17.851,20.602,25.519,15.594,26.47,27.514,26.98,20.153,4.779,16.598
"1971-11",-8.314,-9.984,-8.074,13.105,22.003,15.555,22.305,27.06,26.263,22.788,26.749,26.338,NA,15.635,20.69,9.787,3.288,10.509,5.463,16.308,24.866,27.005,26.11,28.954,27.421,17.834,24.433,25.256,-17.545,NA,NA,-2.427,16.846,NA,NA,15.242,29.132,27.92,27.1,28.024,22.043,22.362,14.299,14.858,-1.904,-0.058,-21.693,20.971,25.723,18.721,19.15,26.039,16.533,27.041,27.306,27.169,20.991,5.509,16.314
"1971-12",-12.758,-16.334,-13.86,11.865,21.246,13.066,21.16,26.173,25.222,23.39,26.085,26.34,NA,16.811,21.743,11.242,2.169,10.05,0.22,14.348,22.012,27.488,26.595,27.077,27.024,18.859,25.114,26.222,-22.18,NA,NA,-5.475,11.89,NA,NA,12.088,22.597,26.029,26.801,27.909,23.022,23.82,15.866,15.867,1.035,2.371,-27.678,19.435,25.76,19.763,17.798,26.281,17.686,26.149,26.208,26.998,22.281,6.687,16.223
"1972-01",-11.427,-19.991,-15.401,11.117,19.427,11.158,20.288,25.914,24.623,24.314,25.744,25.993,NA,18.273,23.377,12.813,0.631,8.166,-1.182,12.709,21.105,27.707,27.226,26.801,27.109,20.174,25.245,26.257,-28.518,NA,NA,-5.463,9.984,NA,NA,9.998,21.741,25,26.103,27.1,23.898,24.482,17.116,17.513,3.41,4.115,-30.08,18.483,26.009,20.797,16.937,26.412,19.116,25.316,25.545,26.969,23.214,8.068,16.41
"1972-02",-12.351,-18.634,-20.399,10.135,19.606,11.027,20.349,25.879,24.431,24.899,25.681,25.884,NA,19.004,23.725,13.402,-0.801,7.262,1.013,12.933,22.871,27.934,27.565,27.239,27.021,20.915,25.454,26.259,-25.478,NA,NA,-5.064,12.141,NA,NA,10.788,25.454,25.62,25.923,27.013,24.84,24.462,17.804,18.438,3.34,4.699,-28.037,18.132,26.117,21.37,16.486,26.736,20.044,25.418,25.754,26.931,23.731,8.615,16.631
"1972-03",-13.164,-16.989,-17.37,10.257,19.921,11.715,20.159,26.458,24.991,24.823,26.207,26.277,NA,18.814,22.624,12.762,-0.37,8.256,5.516,13.481,24.561,27.869,27.9,29.248,27.692,20.687,25.295,26.704,-24.451,NA,NA,-3.916,15.215,NA,NA,12.905,29.127,26.368,26.29,27.098,24.759,24.457,17.52,18.59,1.215,2.799,-28.873,18.113,26.369,21.381,16.53,27.061,19.969,26.475,26.706,27.543,23.747,8.208,16.685
"1972-04",-9.859,-9.749,-12.965,10.908,21.281,13.744,20.938,27.315,25.622,24.198,26.482,26.139,NA,18.235,21.148,11.233,1.555,10.142,14.275,15.695,26.51,27.93,28.32,29.118,27.458,19.862,24.852,26.211,-17.535,NA,NA,-2.227,21.128,NA,NA,15.799,33.882,27.678,27.008,27.225,23.729,23.135,16.557,16.86,-1.227,0.147,-21.835,18.755,26.582,20.656,16.845,27.075,19.32,27.615,28.327,28.309,23.124,7.341,16.87
"1972-05",-4.416,-6.531,-7.899,11.591,24.276,16.583,22.584,27.402,26.465,23.042,26.774,25.98,NA,16.943,19.03,9.187,5.665,12.951,17.948,17.791,28.185,26.735,27.537,31.435,27.266,19.019,23.736,25.084,-8.87,NA,NA,2.144,24.246,NA,NA,18.995,39.021,28.53,27.596,27.098,23.185,22.127,15.434,15.652,-3.891,-1.148,-12.043,19.565,26.676,19.679,17.781,26.726,18.147,28.554,28.873,28.293,22.152,6.349,17.047
"1972-06",1.705,2.01,1.136,13.263,27.012,19.907,24.222,27.606,27.159,22.551,26.747,25.696,NA,16.304,18.098,8.372,8.457,16.853,25.088,21.317,30.164,26.874,26.675,34.689,26.278,18.049,22.298,23.573,-0.369,NA,NA,6.701,29.686,NA,NA,21.584,43.987,28.408,27.707,25.874,21.406,19.224,14.334,14.091,-7.197,-1.468,-1.521,20.719,26.601,18.866,19.156,26.256,16.923,27.206,28.324,27.351,20.749,5.421,17.198
"1972-07",4.015,5.176,4.9,14.641,27.36,22.259,24.562,27.124,27.339,21.882,26.679,25.356,NA,15.113,16.648,7.68,10.073,18.911,30.54,25.249,29.944,26.537,24.753,32.695,25.518,16.945,21.869,23.199,1.04,NA,NA,10.458,33.713,NA,NA,24.061,44.429,27.682,27.266,25.413,20.572,18.424,13.305,13.53,-8.527,-2.262,0.087,21.749,26.322,18.194,20.621,25.532,15.906,26.123,27.81,26.737,20.023,4.834,17.155
"1972-08",3.993,4.922,5.03,15.583,28.172,23.263,25.493,27.546,27.349,21.593,26.833,24.902,NA,14.562,17.364,7.131,10.469,19.229,28.932,25.865,29.196,26.091,23.665,32.592,25.214,16.176,21.994,23.41,0.591,NA,NA,11.696,33.589,NA,NA,25.299,43.2,27.35,27.176,25.379,19.933,19.08,13.01,13.125,-8.758,-4.053,-0.969,22.749,25.878,17.761,21.437,24.927,15.468,25.713,27.654,26.393,19.586,4.456,17.06
"1972-09",1.842,1.751,3.168,16.043,28.051,21.696,25.698,27.539,27.208,21.994,26.972,24.716,NA,14.607,18.179,8.033,9.14,16.947,20.832,23.045,30.271,25.942,24.175,33.283,25.235,16.377,22.743,23.551,-2.086,NA,NA,10.248,28.236,NA,NA,24.218,41.725,27.379,27.267,26.147,19.798,19.972,13.007,13.323,-8.099,-3.069,-6.083,23.023,25.762,17.653,21.367,24.93,15.389,25.653,27.543,26.326,19.561,4.511,16.882
"1972-10",-3.751,-7.447,-5.14,14.872,26.464,19.659,24.53,27.085,26.674,22.603,27.02,25.378,NA,15.005,18.537,8.786,7.67,13.894,13.142,19.227,28.028,26.066,25.209,30.773,25.785,16.955,23.222,23.937,-10.047,NA,NA,4.558,21.849,NA,NA,20.865,35.546,28.007,27.255,26.726,20.037,21.376,13.367,13.921,-5.927,-1.263,-14.751,22.207,25.82,18.119,20.443,25.347,15.618,25.921,27.921,26.546,19.866,4.754,16.524
"1972-11",-9.185,-10.848,-10.209,12.934,23.549,15.593,22.281,26.481,26.148,23.082,26.322,25.722,NA,15.941,20.25,9.982,4.053,11.778,8.977,16.553,24.846,26.492,25.817,28.211,26.645,17.478,23.81,25.045,-18.308,NA,NA,-2.322,17.048,NA,NA,16.522,28.029,26.938,26.983,27.441,20.838,23.04,14.538,15.069,-2.367,0.636,-23.387,20.819,25.927,18.748,19.028,25.629,16.502,26.213,26.878,26.727,20.897,5.526,16.179
"1972-12",-10.409,-16.354,-16.102,11.075,20,12.479,20.475,26.067,25.488,23.792,25.833,25.401,NA,17.298,21.68,11.664,1.058,9.154,4.939,15.248,22.003,26.831,26.477,27.041,26.95,18.704,24.619,25.745,-20.918,NA,NA,-3.731,12.526,NA,NA,12.268,22.102,25.181,26.417,27.281,22.203,24.24,15.231,16.296,0.973,2.43,-24.84,19.554,25.956,19.952,17.591,25.857,17.744,25.555,25.917,26.424,22.1,6.741,16.218
"1973-01",-12.62,-21.943,-20.145,10.307,18.966,11.185,19.97,25.542,24.717,24.591,25.38,25.989,NA,18.412,22.438,12.664,0.193,8.093,0.969,13.594,21.673,27.207,26.865,26.102,27.056,19.634,25.182,26.194,-25.37,NA,NA,-2.711,11.284,NA,NA,10.293,22.136,24.682,25.882,27.153,23.801,25.82,16.339,17.716,3.353,4.347,-28.107,18.593,26.24,21.019,16.568,26.019,18.927,24.956,25.238,26.52,23.237,8.022,16.412
"1973-02",-15.375,-20.643,-24.554,10.385,19.697,10.76,20.415,25.582,24.607,25.562,25.693,25.861,NA,19.821,24.178,13.427,0.91,9.141,4.996,13.413,21.991,27.156,27.496,27.078,27.763,20.976,25.99,26.655,-27.788,NA,NA,-5.051,12.794,NA,NA,11.221,24.595,25.293,25.798,26.76,23.814,24.786,17,17.522,3.743,4.227,-32.071,18.12,26.324,21.581,16.258,26.406,20.279,25.355,25.644,26.981,23.647,8.704,16.578
"1973-03",-13.386,-16.891,-22.716,10.59,19.819,11.356,20.327,26.046,24.531,26.103,25.891,26.068,NA,19.34,23.361,12.193,0.551,8.359,8.459,13.573,23.9,27.421,28.188,27.993,28.137,20.386,25.414,26.882,-22.68,NA,NA,-5.444,14.905,NA,NA,13.522,28.168,26.494,26.634,27.304,24.019,24.008,17.027,17.394,1.712,2.281,-25.263,18.373,26.546,21.47,16.011,26.839,20.382,26.273,27.038,27.649,23.653,8.32,16.797
"1973-04",-9.668,-11.247,-13.27,10.906,21.578,13.956,21.378,27.118,25.327,25.164,26.72,26.165,NA,18.682,21.372,10.928,2.219,10.629,11.758,15.234,26.577,27.286,28.291,29.883,27.071,20.006,24.643,26.177,-19.131,NA,NA,-0.32,19.631,NA,NA,15.55,35.212,27.774,27.25,27.456,24.359,22.794,16.127,16.4,-1.014,0.054,-21.606,18.987,26.92,20.927,16.65,27.078,19.538,27.499,28.521,28.15,22.948,7.322,16.943
"1973-05",-5.457,-4.223,-7.126,11.759,23.98,17.021,22.316,27.718,26.186,24.431,26.644,25.784,NA,17.904,19.536,9.027,5.332,13.552,17.062,17.521,28.082,27.035,27.89,32.355,26.967,18.22,22.958,25.155,-8.885,NA,NA,3.149,23.763,NA,NA,18.358,39.876,29.441,27.577,26.805,22.96,21.335,14.887,15.161,-2.957,-1.654,-12.543,19.8,27.001,19.991,17.615,26.76,18.234,28.457,29.819,27.968,21.956,6.264,17.046
"1973-06",1.078,3.21,0.015,12.762,26.319,20.186,23.597,27.385,26.949,23.351,26.844,25.866,NA,16.656,17.913,7.696,7.122,16.263,26.838,22.296,30.259,26.981,26.943,35.183,26.092,17.688,22.142,23.688,0.54,NA,NA,7.552,31.418,NA,NA,21.055,44.389,28.998,27.464,25.972,21.411,20.095,13.915,14.063,-5.296,-3.068,-0.982,20.853,26.915,18.869,19.137,26.236,17.014,27.285,28.931,27.222,20.61,5.461,17.205
"1973-07",4.211,5.95,4.168,14.648,27.461,22.198,24.765,27.525,27.323,22.93,26.984,25.328,NA,15.772,17.834,6.751,9.254,19.649,31.601,25.981,30.977,26.492,24.463,35.232,25.563,17.071,22.069,23.261,1.154,NA,NA,11.445,34.851,NA,NA,23.27,45.227,27.853,27.213,25.328,20.741,18.947,13.057,12.904,-6.385,-3.2,0.112,21.993,26.658,18.097,20.805,25.494,16.033,26.201,28.134,26.743,19.881,4.801,17.23
"1973-08",3.815,5.5,4.704,16.191,28.348,23.164,25.708,27.929,27.583,22.526,27.157,24.923,NA,15.054,17.445,7.005,11.427,19.164,27.321,26.879,29.991,26.143,23.005,34.742,25.356,16.472,22.022,22.671,0.901,NA,NA,12.294,33.832,NA,NA,24,43.456,27.727,27.074,25.413,20.178,19.907,12.91,12.993,-7.81,-3.401,-1.104,22.921,26.374,17.707,21.631,24.873,15.317,25.875,28.092,26.581,19.466,4.572,17.193
"1973-09",0.829,2.315,0.57,16.603,27.749,21.6,25.308,27.608,27.469,22.513,27.278,24.845,NA,14.984,17.627,8.013,9.206,16.807,23.418,23.191,30.708,25.978,24.11,34.6,25.505,16.675,22.831,23.387,-1.458,NA,NA,10.9,30.455,NA,NA,23.633,41.194,27.367,27.271,26.027,19.517,21.39,12.946,13.026,-7.435,-3.494,-6.093,23.103,26.325,17.73,21.503,25.046,15.095,25.798,27.989,26.647,19.498,4.673,16.996
"1973-10",-3.761,-3.201,-3.367,15.753,25.679,18.519,24.126,27.33,27.108,22.529,27.307,25.396,NA,15.248,19.588,9.015,5.352,13.717,16.612,20.328,28.19,26.294,25.521,31.406,26.307,17.497,24.107,24.458,-8.906,NA,NA,6.326,24.384,NA,NA,21.064,35.213,27.71,27.291,26.657,19.671,21.735,12.871,13.336,-6.294,-2.332,-16.109,22.35,26.326,18.125,20.152,25.664,15.83,26.218,27.581,26.739,19.987,4.932,16.622
"1973-11",-8.743,-10.691,-10.545,14.139,23.437,15.961,22.901,27.108,26.628,22.985,26.551,26.044,NA,15.817,20.716,9.956,1.708,10.246,8.058,16.756,25.433,26.999,26.315,28.474,27.37,18.19,23.91,24.983,-18.717,NA,NA,1.375,18.473,NA,NA,16.154,29.39,26.908,26.968,27.497,20.69,23.176,14.115,14.964,-2.57,-0.897,-23.828,21.215,26.27,18.817,18.934,25.811,16.893,26.312,26.713,26.818,20.711,5.552,16.294
"1973-12",-13.835,-15.98,-19.947,12.713,22.616,13.268,22.044,26.6,25.796,23.613,26.095,26.197,NA,17.079,22.597,11.299,2.849,8.316,1.159,13.405,21.913,27.409,26.824,26.88,27.346,19.143,24.845,25.817,-23.35,NA,NA,-2.832,12.522,NA,NA,12.337,23.317,25.696,26.621,27.679,21.676,23.822,15.27,16.835,0.41,1.967,-29.678,19.778,26.36,19.763,17.79,26.283,18.249,25.752,25.836,26.641,21.932,6.646,16.219
"1974-01",-12.984,-14.12,-18.964,11.886,19.267,9.396,20.539,26.244,24.848,24.617,26.019,26.033,NA,18.07,23.89,12.384,0.251,8.399,-1.398,13.415,21.23,27.733,27.18,26.474,27.46,20.486,25.422,26.024,-24.738,NA,NA,-6.076,9.388,NA,NA,11.109,21.961,24.465,26.3,27.11,22.621,24.385,17.034,18.244,2.693,3.803,-25.572,18.815,26.528,20.816,16.474,26.508,19.59,24.872,25.102,26.666,22.829,7.797,16.481
"1974-02",-15.546,-19.293,-23.694,11.659,17.935,10.692,20.096,25.941,24.356,25.247,26.318,26.412,NA,18.739,24.086,12.729,-0.751,7.057,1.994,13.036,22.874,28.291,27.631,25.707,27.31,21.01,25.724,26.547,-26.706,NA,NA,-6.165,11.267,NA,NA,11.068,24.705,24.863,25.97,26.677,23.276,24.236,17.395,18.385,2.94,3.612,-28.307,18.346,26.654,21.28,16.385,26.929,20.557,24.698,26.067,26.924,23.573,8.284,16.624
"1974-03",-15.485,-17.728,-24.466,11.709,19.198,11.437,20.648,26.364,24.707,25.492,26.656,26.692,NA,18.846,23.078,11.977,1.223,7.873,-0.453,12.743,24.895,28.034,28.179,29.157,27.551,21.143,25.177,26.212,-21.477,NA,NA,-5.173,12.805,NA,NA,13.002,29.143,26.467,26.673,27.31,23.455,24.581,16.913,18.115,1.272,2.446,-27.03,18.483,26.945,21.374,16.478,27.376,20.547,25.936,27.224,27.503,23.309,8,16.792
"1974-04",-9.117,-10.402,-12.739,11.553,21.236,13.515,21.377,27.294,25.483,25.399,27.117,26.671,NA,18.141,20.995,10.432,1.449,10.474,12.672,15.582,26.927,27.785,28.374,29.421,27.402,21.099,25.271,26.132,-17.229,NA,NA,-2.423,20.144,NA,NA,16.359,34.599,28.055,27.568,27.638,23.42,23.074,16.125,16.617,-1.993,1.154,-21.124,19.023,27.209,20.706,16.835,27.43,19.653,27.376,29.125,28.267,23.093,7.283,17.042
"1974-05",-5.594,-5.219,-9.522,12.68,23.822,16.705,22.694,27.799,26.29,23.933,27.146,26.403,NA,16.624,19.337,8.848,5.296,13.31,18.515,17.67,27.617,27.594,28.279,33.74,27.324,19.693,24.066,25.437,-10.052,NA,NA,2.471,25.446,NA,NA,19.208,39.337,29.505,27.883,26.801,23.059,21.076,15.092,15.538,-4.315,-0.945,-13.334,19.924,27.3,19.765,17.814,27.259,18.409,28.57,29.71,28.207,22.266,6.229,17.123
"1974-06",0.406,4.149,0.261,13.709,27.101,19.619,24.238,27.973,27.075,23.331,26.769,26.285,NA,15.703,18.386,7.469,8.148,16.436,27.426,21.474,30.69,27.584,27.083,35.609,26.601,18.665,22.619,23.928,0.201,NA,NA,7.421,32.065,NA,NA,21.651,44.576,29.754,27.597,25.596,21.755,19.7,14.414,14.282,-6.08,-1.518,-1.889,20.933,27.257,18.721,19.313,26.684,17.146,27.678,29.486,27.543,20.951,5.38,17.316
"1974-07",3.206,5.459,3.97,15.387,27.89,22.092,25.555,28.21,27.531,23.198,27.05,25.969,NA,15.416,17.924,7.018,11.137,19.287,31.621,25.413,29.888,26.899,25.526,35.348,25.898,17.508,22.147,23.69,1.695,NA,NA,10.5,35.123,NA,NA,23.788,44.947,27.936,27.09,24.55,20.72,18.535,13.475,12.901,-8.504,-3.203,0.173,22.155,26.998,17.979,20.551,25.821,16.351,26.673,27.991,26.96,20.177,4.769,17.303
"1974-08",3.361,6.212,4.182,16.287,27.822,23.233,26.001,28.229,27.622,23.219,27.278,25.485,NA,14.934,18.933,6.377,11.605,19.084,28.031,25.756,30.402,26.507,24.23,35.374,25.6,17.03,22.312,23.342,0.857,NA,NA,12.717,33.6,NA,NA,24.611,44.309,27.542,26.786,24.557,20.034,18.67,13.07,12.196,-8.355,-4.251,-0.613,23.023,26.805,17.468,21.42,25.317,15.975,26.163,27.699,26.75,19.706,4.557,17.245
"1974-09",0.631,0.955,0.464,16.453,28.26,22.169,25.739,28.068,27.378,23.238,27.482,25.331,NA,14.922,18.592,7.358,10.854,17.093,21.365,23.006,30.346,26.219,24.686,34.771,25.863,16.976,23.232,24.06,-2.201,NA,NA,10.392,29.341,NA,NA,23.688,41.845,27.676,27.089,25.443,19.833,20.115,13.291,12.847,-6.996,-2.891,-6.348,23.078,26.775,17.465,21.346,25.307,15.668,26.186,27.69,26.655,19.808,4.581,17.061
"1974-10",-6.227,-6.106,-6.148,15.072,25.821,18.643,24.44,27.431,27.072,23.455,27.455,25.917,NA,14.957,19.165,8.275,8.087,14.423,13.572,19.817,28.081,26.439,26.014,31.573,26.606,17.241,23.96,24.934,-10.001,NA,NA,4.386,23.293,NA,NA,21.349,36.014,28.257,27.496,26.871,21.185,21.548,13.572,14.168,-6.336,-1.426,-17.489,22.39,27.02,17.863,20.304,26.012,15.947,27.247,28.391,26.924,20.268,4.794,16.691
"1974-11",-8.82,-14.153,-12.642,14.016,23.476,15.794,22.976,26.962,26.296,24.247,26.836,26.64,NA,16.232,21.018,9.966,4.309,11.337,10.556,16.429,24.633,27.567,26.774,28.664,27.484,18.052,24.368,25.334,-16.614,NA,NA,-1.821,17.866,NA,NA,17.543,27.18,27.344,27.617,27.872,21.684,23.072,14.103,14.781,-2.91,-0.508,-19.401,21.035,27.115,18.615,18.872,26.339,17.112,27.08,27.567,27.167,21.18,5.454,16.497
"1974-12",-11.924,-13.931,-17.311,13.479,19.928,12.851,21.054,26.277,25.351,24.942,26.723,26.725,NA,17.294,22.914,10.858,2.367,8.065,4.841,13.022,21.523,27.793,27.327,27.375,27.698,19.366,25.123,25.911,-21.185,NA,NA,-4.874,12.45,NA,NA,13.087,21.113,25.234,27.338,27.996,22.44,24.789,15.387,16.178,0.762,2.411,-23.18,19.707,27.194,19.771,17.782,26.695,18.299,25.853,26.253,27.176,22.232,6.613,16.522
"1975-01",-14.251,-15.76,-22.377,11.875,17.793,10.017,19.557,25.74,24.493,25.188,26.661,27.058,NA,18.468,23.213,12.409,1.505,6.737,-1.924,12.141,20.604,28.072,28.102,27.416,27.65,20.638,25.857,26.539,-22.869,NA,NA,-8.739,8.332,NA,NA,11.492,20.428,24.677,27.151,28.002,23.153,25.302,16.196,17.103,3.203,4.461,-27.741,18.616,27.174,21.023,16.662,27.265,19.387,25.229,25.623,27.246,23.442,7.958,16.656
"1975-02",-13.485,-15.595,-21.613,11.893,18.608,10.342,19.885,26.107,24.473,25.622,26.869,26.793,NA,19.101,23.832,12.685,0.795,7.407,2.555,13.541,22.87,28.784,28.843,27.38,27.666,21.339,25.924,26.83,-27.036,NA,NA,-6.149,11.597,NA,NA,11.68,25.541,25.143,27.129,27.664,23.538,25.115,16.712,17.706,3.31,4.787,-28.654,18.231,27.355,21.535,15.939,27.765,20.28,25.35,26.328,27.737,24.19,8.493,16.88
"1975-03",-14.142,-18.233,-23.89,11.463,19.816,12.629,20.525,26.767,25.06,26.071,26.732,26.57,NA,19.009,23.608,12.418,3.228,9.23,3.919,13.287,24.643,28.667,28.434,29.206,28.537,21.201,25.99,26.889,-26.807,NA,NA,-5.4,13.414,NA,NA,14.53,29.415,26.921,27.436,27.723,24.069,24.797,16.924,17.551,0.774,3.525,-29.916,18.172,27.32,21.517,16.404,27.572,20.353,26.613,27.692,28.243,24.022,8.101,16.934
"1975-04",-10.454,-8.291,-16.273,11.836,20.825,12.927,21.202,27.457,25.541,25.606,27.131,26.68,NA,18.187,21.589,10.144,1.188,10.142,12.799,15.647,26.631,27.877,28.685,30.075,27.596,20.105,24.792,26.152,-20.055,NA,NA,-1.59,20.045,NA,NA,16.755,34.142,28.464,27.922,28.048,24.056,23.872,16.174,16.921,-2.533,1.889,-22.896,18.86,27.516,20.834,16.593,27.64,19.737,28.064,29.469,28.811,23.372,7.126,16.996
"1975-05",-1.995,-3.883,-4.272,12.709,23.3,16.33,22.07,28.414,26.603,24.369,27.488,26.495,NA,17.327,19.934,9.25,4.718,12.655,20.297,17.945,28.398,27.737,27.833,34.474,27.401,19.134,23.638,25.31,-8.183,NA,NA,2.613,26.647,NA,NA,19.11,40.001,29.468,28.085,27.501,22.97,21.907,15.073,15.353,-4.513,-0.481,-9.453,19.768,27.569,19.872,17.775,27.419,18.51,28.922,29.642,28.508,22.305,6.168,17.305
"1975-06",1.858,3.755,1.326,14.345,25.492,19.545,23.655,28.435,27.206,22.761,27.489,26.514,NA,15.61,18.522,7.724,7.174,15.504,27.667,22.017,29.946,27.469,27.02,36.765,27.365,18.068,22.91,24.645,0.223,NA,NA,6.586,32.485,NA,NA,21.368,44.472,29.928,27.931,26.204,21.6,20.485,14.05,13.829,-6.005,-2.918,-1.156,20.893,27.329,18.703,19.103,26.931,17.463,28.215,29.434,27.744,21.244,5.439,17.393
"1975-07",3.802,5.869,4.179,15.884,27.088,22.208,24.492,27.956,27.607,22.252,27.347,26.013,NA,15.101,18.049,7.482,10.649,17.751,29.2,24.941,30.974,27.306,25.388,36.033,26.629,17.38,22.733,24.053,1.537,NA,NA,10.558,34.611,NA,NA,23.518,45.72,29.063,27.579,25.515,20.4,19.118,13.352,12.755,-7.105,-3.244,0.27,21.943,26.813,17.919,20.625,26.147,16.446,27.085,28.599,27.235,20.3,4.913,17.351
"1975-08",3.955,5.888,4.854,16.661,28.062,23.068,25.556,27.931,27.665,22.057,27.487,25.735,NA,14.297,18.111,6.7,11.683,19.118,28.592,25.806,30.785,26.638,24.364,34.725,26.194,17.037,22.776,23.597,1.011,NA,NA,11.919,33.444,NA,NA,24.764,44.482,27.656,27.364,25.756,20.087,20.138,13.062,12.916,-7.547,-3.934,-0.882,22.845,26.373,17.506,21.555,25.558,15.909,26.458,27.868,26.892,19.784,4.58,17.27
"1975-09",1.04,2.097,1.017,16.432,28.172,21.535,25.508,27.275,27.579,21.616,27.499,25.7,NA,14.042,18.118,7.535,9.36,16.142,22.469,23.129,30.462,26.561,25.254,35.339,26.176,17.207,23.293,23.955,-1.921,NA,NA,10.91,29.806,NA,NA,23.709,42.118,27.683,27.367,26.318,19.623,21.228,13.035,13.294,-8.417,-2.825,-8.149,23.004,26.18,17.544,21.491,25.754,15.717,26.288,27.478,26.749,19.742,4.655,17.023
"1975-10",-4.931,-7.148,-5.729,15.9,25.595,18.355,24.245,27.22,26.988,22.352,27.427,26.131,NA,14.786,19.128,9.095,6.741,13.683,17.038,20.111,27.944,26.776,25.993,31.767,26.595,17.333,23.765,24.739,-8.536,NA,NA,6.75,24.724,NA,NA,20.776,35.334,27.562,27.443,27.312,20.193,22.25,13.239,13.97,-6.042,-2.842,-17.14,22.371,26.097,17.906,20.178,26.037,16.037,26.483,27.619,27.077,20.147,4.854,16.619
"1975-11",-10.317,-10.046,-10.972,14.096,22.964,15.623,22.645,26.511,26.396,22.82,26.826,26.499,NA,15.991,20.667,10.621,4.827,11.426,7.899,16.789,24.382,27.632,26.645,28.824,27.088,18.136,24.327,25.491,-18.261,NA,NA,-0.19,17.061,NA,NA,17.339,27.879,27.299,27.363,28.429,20.806,23.838,13.733,14.775,-1.923,-0.497,-22.496,21.055,26.045,18.796,18.844,26.461,17.066,26.786,27.253,27.16,21.082,5.508,16.379
"1975-12",-9.395,-14.078,-15.325,11.66,21.727,13.026,21.133,26.382,25.696,23.89,26.403,26.352,NA,17.169,21.905,11.336,1.368,8.293,5.224,14.186,21.273,27.755,26.901,27.405,27.136,18.919,24.766,26.132,-24.329,NA,NA,-4.976,13.481,NA,NA,13.139,22.244,25.56,26.965,28.275,21.775,24.623,15.358,16.497,0.841,1.905,-27.204,19.765,25.977,19.769,17.504,26.516,18.22,26.088,26.167,26.889,22.295,6.682,16.311
"1976-01",-12.315,-15.712,-19.77,10.449,19.897,11.268,20.035,26.224,25.177,24.658,25.883,26.104,NA,18.784,23.532,12.93,1.379,8.266,-0.158,12.293,20.529,27.763,27.16,26.639,26.941,20.185,25.443,26.293,-23.665,NA,NA,-4.868,9.981,NA,NA,10.865,20.27,24.514,26.334,27.73,23.328,25.351,16.891,17.827,3.091,3.943,-25.873,18.89,25.813,20.798,16.74,26.565,19.542,25.103,24.971,26.79,23.183,7.926,16.538
"1976-02",-15.777,-17.572,-24.301,9.534,18.238,11.084,19.892,25.883,24.554,25.293,25.73,26.24,NA,19.333,24.196,12.628,1.126,8.049,1.311,12.722,21.195,27.846,27.859,27.055,26.971,20.9,25.641,26.425,-27.785,NA,NA,-4.675,11.707,NA,NA,11.68,23.774,25.255,26.237,27.763,24.855,25.399,17.223,19.14,3.137,4.157,-30.223,18.508,26.112,21.365,16.181,26.915,20.471,25.147,25.649,26.952,23.632,8.438,16.664
"1976-03",-14.851,-13.609,-24.205,10.321,19.786,12.149,20.439,26.231,24.556,25.576,25.507,26.199,NA,18.994,23.516,11.903,1.528,8.495,7.381,12.989,25.545,27.498,27.75,29.529,27.506,20.79,25.568,26.435,-21.732,NA,NA,-4.459,16.657,NA,NA,13.255,32.492,26.84,26.535,27.556,24.514,24.861,16.942,19.043,0.92,2.572,-25.513,18.565,26.18,21.304,16.141,26.908,20.454,26.229,27.103,27.59,23.526,8.105,16.793
"1976-04",-9.337,-11.518,-13.173,10.423,21.239,13.915,20.783,27.201,25.334,24.485,26.251,26.417,NA,18.265,21.612,11.013,2.354,9.93,15.448,15.002,27.331,27.242,28.202,31.142,27.762,19.946,25.12,26.359,-15.733,NA,NA,-0.994,22.862,NA,NA,16.031,36.434,28.335,27.266,28.128,24.794,23.567,16.455,17.735,-1.829,1.464,-19.745,18.983,26.452,20.755,16.652,27.079,19.517,27.55,28.428,27.917,23.19,7.259,16.969
"1976-05",-3.297,-3.399,-5.988,11.524,24.735,17.485,22.489,27.729,26.309,23.041,26.591,26.037,NA,17.082,19.798,9.715,5.088,13.064,19.844,17.935,28.263,27.175,27.755,34.657,26.775,19.005,24.089,25.642,-8.497,NA,NA,2.562,25.898,NA,NA,19.213,40.166,29.564,27.584,27.4,24.111,21.652,15.433,15.754,-4.95,-0.394,-11.402,19.663,26.369,19.785,17.854,26.917,18.427,28.322,29.267,27.648,22.173,6.326,17.103
"1976-06",2.168,3.334,1.303,12.622,27.058,20.462,23.043,27.054,26.683,21.89,26.494,25.753,NA,15.926,18.59,7.888,8.435,16.445,25.599,21.675,30.442,27.175,27.091,35.753,26.601,17.721,22.955,24.648,-0.128,NA,NA,8.077,30.913,NA,NA,21.411,44.428,29.067,27.46,26.282,22.406,20.045,14.315,14.572,-7.232,-1.585,-1.277,20.627,26.096,18.725,19.302,26.543,17.388,27.269,28.837,27.298,20.979,5.431,17.192
"1976-07",4.344,5.46,4.36,14.016,27.603,22.807,24.297,27.198,26.923,21.148,26.635,25.207,NA,15.044,17.638,7.508,10.451,18.488,30.607,25.644,30.394,26.446,24.728,33.241,25.713,16.672,22.129,23.543,1.806,NA,NA,11.507,33.689,NA,NA,23.859,44.745,27.63,27.326,25.898,21.762,19.105,13.477,13.928,-7.72,-3.251,0.109,21.848,25.693,18.046,20.727,25.658,16.339,26.097,27.971,26.718,20.062,4.846,17.168
"1976-08",4.381,5.011,4.617,15.182,28.175,23.531,25.232,27.042,27.291,21.019,26.715,24.988,NA,14.489,17.667,7.058,11.19,18.695,28.829,26.513,29.849,26.224,23.344,31.563,25.271,16.055,22.103,23.166,0.872,NA,NA,12.668,33.031,NA,NA,24.878,43.557,27.335,27.245,25.843,20.783,19.024,13.398,13.437,-8.147,-2.893,-1.671,22.573,25.15,17.63,21.563,25.111,15.548,25.633,27.985,26.429,19.597,4.516,17.069
"1976-09",1.537,1.525,2.053,15.262,27.983,22.437,24.656,27.192,27.191,20.933,26.925,24.98,NA,14.305,18.11,7.604,10.072,16.764,23.598,23.978,30.163,25.86,23.571,35.089,25.227,16.188,22.416,23.096,-2.019,NA,NA,11.477,30.29,NA,NA,23.597,41.75,27.326,27.315,26.559,21.268,20.112,13.07,13.656,-8.592,-2.395,-6.242,22.715,24.962,17.648,21.515,24.916,15.474,25.728,27.807,26.511,19.487,4.462,16.865
"1976-10",-1.727,-2.993,-2.837,14.935,25.76,19.555,24.046,26.482,26.932,21.517,26.693,25.362,NA,14.686,18.236,8.251,4.164,14.088,13.695,20.764,28.656,26.291,24.52,31.571,25.82,16.663,22.914,24.095,-10.514,NA,NA,5.899,23.065,NA,NA,20.873,36.276,27.382,27.204,27.195,21.601,21.323,13.645,14.179,-5.73,-2.241,-14.832,22.092,25.037,18.046,20.511,25.312,15.674,25.84,27.383,26.575,19.943,4.8,16.445
"1976-11",-6.704,-11.381,-8.659,13.709,23.79,16.423,22.482,26.617,26.108,22.497,26.427,25.87,NA,15.988,20.232,10.135,2.17,10.323,9.955,16.765,24.819,26.901,25.492,28.32,26.658,17.703,23.622,24.673,-18.338,NA,NA,1.539,18.762,NA,NA,15.972,28.578,26.933,26.857,27.559,22.325,22.446,14.158,15.267,-1.793,-0.498,-21.132,20.953,25.202,18.854,19.065,25.607,16.732,26.215,26.752,26.619,20.72,5.454,16.244
"1976-12",-11.404,-17.89,-15.797,11.533,21.164,13.469,21.261,25.987,25.157,23.386,25.581,25.8,NA,17.579,22.246,11.73,1.251,8.725,6.142,14.248,21.894,27.168,25.953,25.993,26.412,18.681,24.612,25.836,-19.586,NA,NA,-0.716,13.637,NA,NA,12.243,22.175,24.969,26.382,27.948,23.146,23.139,15.752,16.295,0.956,2.143,-26.453,19.709,25.358,19.79,17.691,25.729,18.106,25.315,25.7,26.354,22.209,6.679,16.253
"1977-01",-14.839,-15.862,-20.52,12.03,18.798,11.536,19.829,25.49,24.587,24.492,25.737,25.913,NA,18.636,23.338,13.234,2.071,7.679,0.823,12.608,21.084,27.381,26.795,25.442,26.154,20.204,24.829,25.924,-23.131,NA,NA,-5.572,8.684,NA,NA,9.672,20.088,23.424,25.995,27.808,24.416,24.611,17.042,17.523,3.042,4.247,-27.348,18.618,25.752,21.005,16.921,26.1,19.378,24.053,24.804,26.19,23.001,7.932,16.434
"1977-02",-14.296,-20.889,-24.457,11.826,18.85,11.022,20.143,25.719,24.328,25.161,25.793,26.041,NA,19.257,23.68,12.795,0.963,7.713,2.102,12.756,22.639,27.503,27.328,26.505,26.564,21.044,25.206,26.087,-27.733,NA,NA,-6.162,11.991,NA,NA,10.65,25.264,24.407,25.901,27.143,25.211,24.937,17.478,18.44,3.415,4.202,-30.753,18.142,26.08,21.543,16.557,26.569,20.253,24.377,25.27,26.385,23.349,8.564,16.588
"1977-03",-12.541,-14.345,-19.494,11.049,20.03,12.467,20.23,26.439,24.957,25.329,26.025,25.995,NA,18.833,22.959,12.053,-0.091,7.303,7.797,13.248,25.161,27.518,27.877,28.151,27.565,21.024,25.329,26.249,-26.446,NA,NA,-4.55,17.453,NA,NA,12.7,31.288,26.31,26.102,26.887,25.715,23.99,17.109,18.03,0.782,2.95,-25.172,18.255,26.361,21.442,16.694,26.888,20.207,25.765,26.541,27.211,23.367,8.312,16.819
"1977-04",-10.096,-10.706,-13.697,11.422,21.573,14.422,21.076,27.118,25.381,25.005,26.579,26.032,NA,18.315,21.156,10.565,2.148,9.707,12.591,14.308,26.43,26.753,27.813,29.169,26.662,19.914,24.688,26.162,-19.572,NA,NA,-1.6,20.479,NA,NA,15.837,34.026,27.937,26.821,26.994,25.548,22.198,16.602,16.522,-1.79,0.73,-23.726,18.829,26.698,20.803,17.097,27,19.308,27.524,28.343,27.501,23.183,7.305,16.891
"1977-05",-3.687,-1.462,-6.586,12.42,24.317,17.57,22.144,27.492,26.293,24.323,26.862,25.845,NA,17.653,20.038,9.556,4.816,12.465,19.389,17.177,28.326,26.91,26.776,34.378,26.902,18.738,23.014,24.586,-8.319,NA,NA,2.504,24.538,NA,NA,18.223,39.419,29.057,27.238,26.491,24.195,20.677,15.426,15.059,-4.068,-0.695,-10.202,19.612,26.81,19.895,18.173,26.738,18.168,28.018,28.829,27.546,21.871,6.284,17.082
"1977-06",1.96,4.497,1.601,13.887,26.436,20.196,23.484,27.221,26.693,23.078,26.601,25.658,NA,15.709,17.621,7.799,8.496,16.549,26.046,21.289,28.866,26.91,27.004,35.749,26.468,17.774,21.999,23.606,0.467,NA,NA,7.881,30.816,NA,NA,20.983,43.065,29.169,27.083,25.642,22.407,19.234,14.322,13.816,-5.252,-1.597,-0.441,20.658,26.549,18.915,19.417,26.282,17.117,27.363,28.573,27.152,20.789,5.54,17.247
"1977-07",3.814,6.792,4.962,15.078,27.282,22.603,24.345,27.322,27.026,22.644,26.405,25.163,NA,15.373,17.795,7.533,10.212,19.096,31.143,24.041,30.35,26.457,24.775,34.797,25.756,16.929,21.718,22.934,1.885,NA,NA,12.028,33.364,NA,NA,23.541,44.105,28.023,26.913,25.113,21.584,18.299,13.32,13.325,-7.268,-1.984,0.299,21.91,26.319,17.985,20.854,25.554,16.195,26.323,28.021,26.782,20.076,4.949,17.242
"1977-08",3.914,6.409,5.044,16.299,27.814,23.496,25.117,27.6,27.502,22.524,27.272,25.052,NA,14.76,17.464,6.924,10.773,19.844,29.821,25.769,30.264,26.38,23.778,34.565,25.676,17.018,22.444,23.25,1.251,NA,NA,12.423,34.015,NA,NA,24.396,43.594,27.306,26.561,24.658,21.166,18.205,13.229,12.483,-7.349,-2.831,-0.607,22.821,26.167,17.489,21.797,25.254,15.547,25.854,27.575,26.53,19.665,4.711,17.23
"1977-09",0.903,3.147,1.546,16.841,28.345,22.648,25.58,27.88,27.613,22.903,27.513,25.283,NA,14.878,17.958,7.525,10.283,17.899,21.264,23.411,30.74,26.202,24.698,35.006,25.976,16.657,22.947,23.877,-2.662,NA,NA,10.976,28.947,NA,NA,23.898,42.197,27.335,26.782,25.496,21.023,19.668,13.35,12.92,-7.006,-2.501,-6.437,23.045,26.244,17.625,21.772,25.449,15.48,25.958,27.225,26.623,19.699,4.507,17.074
"1977-10",-3.783,-6.138,-6.501,15.555,26.441,19.165,24.169,26.885,26.893,23.054,27.328,26.033,NA,14.836,18.485,8.699,6.775,14.225,14.506,19.986,28.082,26.312,25.633,31.027,26.245,16.824,23.11,24.183,-9.361,NA,NA,6.106,23.139,NA,NA,21.263,35.534,28.196,27.022,26.592,21.6,20.894,13.747,13.494,-5.509,-2.502,-15.116,22.208,26.351,17.99,20.702,25.972,15.836,26.909,27.879,26.839,20.152,4.802,16.68
"1977-11",-6.792,-12.724,-10.154,14.301,22.829,15.637,22.396,26.094,26.126,23.448,26.9,26.391,NA,16.01,20.411,10.097,3.581,10.565,7.398,16.412,24.903,27.191,26.557,29.427,27.085,17.971,23.894,24.968,-16.14,NA,NA,-0.878,16.35,NA,NA,17.481,28.048,27.282,27.347,28.008,22.011,22.496,14.581,14.944,-2.614,-0.521,-19.355,21.06,26.346,18.748,19.113,26.275,16.802,27.026,26.919,27.213,20.896,5.534,16.509
"1977-12",-12.068,-14.608,-16.013,13.564,19.896,13.057,20.971,25.412,25.118,24.325,26.601,26.573,NA,17.367,22.23,11.535,0.827,9.07,3.788,14.281,21.788,27.925,27.25,27.158,27.214,19.121,24.426,25.474,-20.754,NA,NA,-6.787,12.366,NA,NA,11.496,21.72,25.08,26.92,28.036,22.477,24.515,15.747,15.993,0.819,2.221,-24.481,19.635,26.473,19.914,17.972,26.584,18.214,25.545,25.867,26.994,21.872,6.636,16.374
"1978-01",-11.095,-11.118,-17.592,12.505,18.695,10.616,20.059,25.717,24.981,25.018,26.357,26.348,NA,18.512,23.496,12.632,0.144,7.892,1.067,14.009,21.664,27.702,27.522,26.614,26.937,20.164,24.995,25.717,-22.735,NA,NA,-7.13,11.258,NA,NA,9.742,22.322,24.645,26.111,27.04,23.153,24.888,16.739,17.352,3.074,4.276,-23.158,18.576,26.646,20.921,17.076,26.524,19.46,25.111,25.48,26.97,22.814,7.918,16.636
"1978-02",-10.952,-12.342,-18.75,11.944,17.468,11.548,19.825,25.566,24.161,25.341,26.405,26.46,NA,19.099,23.777,12.973,0.085,7.035,-0.488,12.135,22.884,28.023,27.897,27.336,27.524,20.975,25.517,26.648,-24.137,NA,NA,-7.325,11.229,NA,NA,10.442,25.602,25.416,26.077,27.299,24.311,26.097,17.149,18.74,3.047,4.467,-22.845,18.23,26.688,21.511,16.574,26.902,20.322,25.288,25.737,27.46,23.509,8.357,16.864
"1978-03",-13.154,-15.995,-23.086,11.719,19.705,12.614,20.387,26.16,24.833,25.577,26.699,26.727,NA,19.185,23.118,12.151,1.043,8.777,4.446,13.013,24.217,27.451,28.106,30.379,27.795,20.845,25.632,26.702,-23.469,NA,NA,-5.819,13.866,NA,NA,12.348,28.458,26.531,26.606,27.937,24.695,25.07,17.068,18.65,0.616,2.871,-24.25,18.35,26.845,21.483,16.702,27.288,20.253,26.427,27.392,27.801,23.608,7.995,16.907
"1978-04",-10.04,-12.706,-17.984,11.809,20.984,14.052,21.109,27.382,25.599,25.52,26.849,26.628,NA,18.772,22.497,10.272,2.093,10.165,12.598,15.015,26.114,26.929,28.587,30.24,28.255,20.409,25.167,26.458,-16.568,NA,NA,-2.791,18.419,NA,NA,16.293,32.363,27.997,27.585,28.264,23.911,23.535,16.457,17.075,-0.975,0.52,-21.077,18.986,27.205,20.708,17.026,27.256,19.656,27.695,29.055,28.32,23.158,7.129,17.036
"1978-05",-3.046,-1.907,-5.334,12.449,23.091,16.702,21.943,27.795,26.69,24.302,27.532,26.454,NA,17.393,19.987,9.193,3.711,12.942,21.236,18.287,27.693,26.862,28.33,32.164,27.404,18.892,24.271,25.582,-7.077,NA,NA,2.511,25.774,NA,NA,19.556,38.317,29.119,27.992,27.571,23.354,22.103,15.559,16.087,-3.92,-0.83,-10.991,19.894,27.304,19.766,17.974,27.308,18.416,28.869,29.612,28.27,22.305,6.275,17.294
"1978-06",2.056,5.368,2.018,14.207,26.612,20.019,24.135,28.532,27.625,23.182,27.523,26.272,NA,16.102,18.442,7.006,6.72,15.26,26.282,22.519,30.589,27.433,27.755,36.215,26.744,17.671,22.372,24.169,0.186,NA,NA,8.052,29.581,NA,NA,21.743,44.299,29.528,28.068,26.537,21.409,20.681,14.285,14.512,-6.158,-1.743,-0.792,21.055,27.232,18.779,19.582,26.71,17.264,28.258,29.658,27.787,20.998,5.402,17.429
"1978-07",4.458,7.407,5.321,15.324,27.813,22.829,24.887,27.847,27.748,22.745,27.133,25.779,NA,15.304,17.602,7.051,9.352,18.359,30.056,26.257,31.452,27.47,25.918,35.113,25.757,16.837,22.061,23.656,1.29,NA,NA,12.095,33.064,NA,NA,23.634,45.8,28.251,27.653,25.699,20.619,19.267,13.122,13.614,-6.381,-4.563,0.25,22.128,26.967,18.058,21.215,26.013,16.359,26.664,28.558,27.105,20.064,4.933,17.393
"1978-08",4.578,7.023,5.341,16.441,28.429,23.604,25.767,28.18,27.708,22.303,27.207,25.42,NA,14.749,17.519,7.87,10.664,18.889,28.336,26.651,29.921,26.889,25.044,34.53,25.559,16.72,22.215,23.384,1.067,NA,NA,12.568,33.288,NA,NA,24.976,44.068,27.886,27.464,25.645,20.053,20.366,13.071,13.51,-7.992,-5.656,-0.569,23.146,26.451,17.606,22.065,25.702,15.825,26.104,27.948,26.841,19.612,4.461,17.352
"1978-09",2.114,3.874,2.228,16.732,27.725,22.779,25.373,27.424,27.504,22.275,27.571,25.756,NA,14.716,18.559,8.023,9.21,17.774,23.451,23.64,30.518,26.603,25.41,34.921,25.551,16.841,22.91,23.789,-1.862,NA,NA,10.445,30.417,NA,NA,23.92,41.951,28.008,27.6,26.411,20.277,21.221,13.11,13.513,-7.302,-3.015,-5.594,23.109,26.312,17.544,22.129,25.964,15.644,26.113,28.258,26.725,19.63,4.568,17.169
"1978-10",-3.362,-2.628,-4.275,14.98,26.971,19.802,24.773,27.655,27.224,22.787,27.62,26.165,NA,14.885,19.578,9.03,5.814,14.524,16.277,20.329,28.698,26.66,25.581,31.81,26.718,16.663,23.305,24.684,-10.001,NA,NA,6.152,23.946,NA,NA,20.865,36.27,28.153,27.655,27.256,20.783,22.584,13.649,13.918,-5.492,-2.244,-15.153,22.558,26.231,17.901,20.901,26.084,15.923,26.499,28.388,27.186,20.211,4.771,16.745
"1978-11",-8.255,-7.608,-9.945,13.813,23.372,15.969,23.118,26.674,26.325,22.987,26.918,26.761,NA,15.539,21.08,9.89,3.57,11.547,10.69,16.923,25.18,27.446,26.369,29.024,27.254,17.625,24.138,25.271,-17.353,NA,NA,0.753,18.216,NA,NA,16.614,28.739,27.412,27.501,28.07,21.592,24.071,13.81,15.55,-2.036,0.076,-21.571,21.149,26.223,18.781,19.302,26.343,16.919,26.884,27.231,27.337,20.946,5.492,16.438
"1978-12",-9.687,-11.297,-11.777,12.82,20.254,12.385,20.894,25.924,25.335,23.857,26.336,26.621,NA,16.971,22.656,11.89,1.103,8.557,4.509,13.549,22.797,27.837,27.296,27.077,27.124,18.969,24.986,26.116,-19.312,NA,NA,-3.751,11.795,NA,NA,11.01,22.043,25.29,27.033,27.821,22.626,24.596,14.926,16.189,0.833,2.227,-23.419,19.74,26.352,19.992,18.059,26.558,18.166,25.562,26.472,27.037,21.971,6.706,16.469
"1979-01",-11.606,-16.976,-19.809,12.209,19.383,9.766,20.59,25.769,24.774,24.859,26.025,26.055,NA,18.477,23.154,13.392,0.677,8.715,3.704,13.472,21.963,27.949,27.349,26.571,27.579,20.132,25.662,26.617,-25.295,NA,NA,-4.725,12.267,NA,NA,10.012,22.696,25.086,26.636,28.122,23.273,25.443,16.417,17.379,2.893,4.073,-25.606,18.882,26.237,21.095,16.877,26.752,19.425,25.202,25.652,26.954,22.997,7.838,16.627
"1979-02",-10.188,-17.547,-20.37,12.253,18.877,11.175,20.216,25.838,24.374,25.315,26.09,26.328,NA,18.966,24.609,13.418,0.083,7.127,1.695,12.801,22.814,28.007,28.035,26.556,27.216,20.756,25.656,26.737,-26.416,NA,NA,-5.658,11.696,NA,NA,10.238,25.241,25.724,26.218,27.365,23.645,25.502,17.042,17.855,3.071,4.515,-25.679,18.3,26.351,21.553,16.538,27.09,20.321,25.594,25.976,27.124,23.493,8.369,16.758
"1979-03",-13.467,-12.988,-20.475,11.829,19.957,11.259,20.447,26.514,25.001,25.292,26.587,26.221,NA,18.896,23.061,12.82,0.711,9.179,4.248,13.755,24.571,27.546,28.164,28.925,27.312,20.174,25.43,26.825,-23.977,NA,NA,-5.148,13.544,NA,NA,12.754,29.287,26.582,26.578,27.623,23.94,25.432,17.057,18.245,1.199,3.209,-28.963,18.344,26.631,21.417,16.632,27.305,20.355,26.575,27.121,27.665,23.417,8.115,16.776
"1979-04",-8.953,-8.12,-14.099,11.358,21.684,14.184,21.082,27.27,25.474,24.334,27.109,26.396,NA,18.052,21.871,11.007,2.018,10.02,12.684,14.993,27.057,27.617,28.491,30.657,27.815,19.417,25.11,26.583,-16.523,NA,NA,-1.468,20.617,NA,NA,16.256,35.237,28.483,27.468,28.23,23.84,23.601,16.157,16.79,-1.055,0.344,-19.296,18.989,26.787,20.8,17.086,27.477,19.695,27.915,29.04,28.317,23.019,7.148,17.039
"1979-05",-3.096,-1.322,-4.259,12.026,24.049,17.461,22.198,27.154,26.303,23.084,26.949,25.91,NA,16.794,19.947,9.563,4.639,13.443,20.463,17.952,28.727,26.867,27.294,33.024,27.396,18.474,23.351,25.266,-7.576,NA,NA,3.462,26.751,NA,NA,19.368,40.637,29.531,27.837,27.371,23.04,22.086,14.92,15.487,-3.108,-1.927,-9.823,19.77,26.789,19.897,18.031,26.856,18.326,28.688,29.526,28.025,21.804,6.187,17.162
"1979-06",2.109,4.692,1.98,13.562,26.145,20.315,23.582,27.698,26.865,22.277,26.499,25.947,NA,16.081,18.546,7.951,7.728,16.245,28.189,21.615,30.847,27.362,27.086,34.63,26.066,17.457,22.696,24.401,0.201,NA,NA,8.304,32.812,NA,NA,22.35,44.466,29.149,27.787,26.112,22.023,19.982,13.772,13.898,-5.73,-2.902,-0.455,20.92,26.619,18.83,19.482,26.461,17.353,27.338,29.078,27.332,20.739,5.433,17.321
"1979-07",4.107,6.734,5.776,15.14,27.145,22.824,24.122,27.298,27.201,21.629,26.84,25.389,NA,15.138,17.798,7.383,10.274,19.379,33.725,25.719,30.436,26.735,25.19,33.666,25.376,16.672,22.339,23.461,1.821,NA,NA,12.384,35.996,NA,NA,23.601,45.23,27.852,27.349,25.504,21.609,19.33,13.407,13.595,-6.99,-2.933,0.279,21.99,26.239,18.065,20.988,25.766,16.209,26.313,28.127,26.816,20.046,4.834,17.292
"1979-08",4.306,6.751,5.761,16.53,27.782,23.803,25.225,27.377,27.433,21.022,27.051,25.068,NA,14.341,17.679,7.469,10.871,19.81,29.654,25.789,30.852,26.254,24.055,33.484,24.874,15.799,22.086,23.313,1.352,NA,NA,13.94,34.256,NA,NA,24.823,43.834,27.254,27.114,25.453,21.393,19.158,12.834,13.221,-8.184,-4.708,-0.429,22.9,25.747,17.705,22.064,25.027,15.568,25.664,27.967,26.614,19.664,4.59,17.202
"1979-09",1.603,3.34,2.296,16.502,27.498,22.344,25.059,27.264,27.131,21.46,27.013,24.908,NA,14.28,18.543,8.201,9.027,17.858,23.537,24.222,30.564,25.873,24.422,34.716,25.159,16.088,22.982,23.742,-1.83,NA,NA,12.24,30.842,NA,NA,24.217,41.893,27.376,27.366,26.184,20.849,20.811,12.917,13.492,-8.831,-2.743,-6.252,23.083,25.487,17.707,21.926,25.01,15.503,25.658,27.654,26.698,19.692,4.554,17.019
"1979-10",-3.487,-4.196,-4.222,15.513,26.327,20.384,24.656,27.337,26.961,21.795,27.046,25.447,NA,14.608,19.136,9.083,7.207,14.517,13.041,19.828,28.977,26.187,25.427,31.64,25.912,16.979,23.767,24.621,-9.156,NA,NA,6.325,22.942,NA,NA,21.256,36.118,27.479,27.328,26.98,21.769,21.478,13.068,13.75,-6.926,-2.13,-14.843,22.354,25.326,18.093,20.932,25.45,15.9,25.828,27.161,26.719,20.005,4.739,16.619
"1979-11",-8.391,-12.049,-9.439,13.192,23.762,16.398,22.553,26.138,26.067,22.432,26.473,26.223,NA,15.514,20.214,10.468,4.547,11.884,8.472,16.938,25.385,27.34,26.387,28.344,26.528,18.17,24.194,25.039,-16.167,NA,NA,1.965,17.708,NA,NA,16.487,28.19,26.735,27.162,27.828,22.426,22.697,14.18,14.865,-2.738,-0.182,-20.806,20.864,25.481,18.746,19.318,25.98,16.801,25.903,27.01,26.805,20.704,5.526,16.32
"1979-12",-9.555,-14.234,-11.361,11.773,20.273,12.643,20.855,25.533,25.18,23.277,26.318,25.945,NA,16.946,22.262,11.779,2.271,8.192,1.415,13.568,22.468,27.623,27.013,26.987,27.122,19.325,25.033,25.629,-21.103,NA,NA,-3.506,14.338,NA,NA,13.197,23.019,25.379,26.72,27.484,23.005,24.031,15.661,16.4,0.636,2.095,-22.074,19.622,25.465,19.626,17.997,26.263,18.229,25.5,26.047,26.883,22.052,6.522,16.362
"1980-01",-14.688,-18.618,-22.144,9.927,21.106,11.918,20.031,26.065,25.22,24.02,25.552,25.784,NA,18.14,23.147,12.662,1.395,7.478,-1.795,11.624,21.257,27.756,27.317,26.144,26.855,20.717,25.451,26.095,-24.518,NA,NA,-5.848,9.831,NA,NA,10.821,20.66,24.171,26.527,27.446,24.069,25.035,17.213,17.995,2.85,4.051,-29.206,18.79,25.732,20.587,17.051,26.473,19.549,24.513,25.479,26.77,23.129,7.811,16.451
"1980-02",-14.503,-18.492,-25.51,9.96,19.884,12.347,20.043,25.949,24.674,24.558,25.467,26.334,NA,18.536,23.662,12.583,1.875,7.536,-1.894,11.769,23.084,27.614,28.25,27.038,27.098,21.098,25.872,26.446,-24.201,NA,NA,-5.572,10.957,NA,NA,11.802,26.333,25.314,26.551,27.603,24.542,24.939,17.818,18.8,2.972,4.094,-26.345,18.336,26.154,21.112,16.609,26.869,20.344,24.942,25.91,27.053,23.491,8.282,16.7
"1980-03",-11.584,-19.088,-21.267,9.772,20.516,12.978,20.562,26.258,24.598,25.018,25.563,26.052,NA,18.209,22.935,11.863,1.572,9.097,3.547,13.412,23.905,26.821,28.249,28.17,27.513,21.348,25.78,26.469,-24.374,NA,NA,-2.415,13.371,NA,NA,12.726,27.813,26.3,26.91,27.618,23.979,24.164,17.893,18.929,0.929,3.044,-25.202,18.5,26.235,21.147,16.575,26.965,20.232,25.986,27.53,27.91,23.623,7.985,16.836
"1980-04",-10.096,-14.093,-16.506,10.137,21.698,14.657,21.144,27.166,25.13,23.767,26.378,26.338,NA,17.507,21.403,10.439,4.206,10.622,10.445,14.93,26.601,27.616,27.824,29.598,27.239,19.785,24.515,25.879,-15.982,NA,NA,-1.338,19.07,NA,NA,15.999,35.151,27.879,27.453,27.509,23.949,23.353,16.42,17.65,-1.583,0.56,-20.417,19.022,26.326,20.631,16.963,27.16,19.47,27.137,28.79,28.156,23.002,7.122,16.918
"1980-05",-2.591,-4.66,-6.101,11.17,23.817,17.241,22.321,27.15,25.986,22.542,26.598,25.978,NA,16.509,19.558,8.443,5.114,14.033,19.907,17.843,27.54,26.443,27.33,32.866,27.06,19.192,23.537,24.52,-5.481,NA,NA,3.049,25.315,NA,NA,18.642,38.089,28.964,27.891,26.921,23.471,21.584,15.117,16.161,-4.518,-0.637,-9.03,19.849,26.168,19.729,17.897,26.638,18.04,28.098,29.1,28.048,21.919,6.106,17.081
"1980-06",2.029,3.761,1.529,13.003,26.618,20.628,23.616,27.237,26.697,21.369,26.344,25.527,NA,15.74,18.904,8.484,8.488,15.843,26.685,22.662,30.474,26.418,26.067,35.242,26.174,17.566,22.202,23.506,0.309,NA,NA,8.243,31.518,NA,NA,21.026,44.49,28.669,27.596,26.419,21.77,20.078,13.895,14.971,-5.706,-2.052,-1.395,20.894,25.905,18.831,19.377,26.115,17.196,26.82,28.454,27.234,20.584,5.304,17.174
"1980-07",4.511,6.137,5.031,14.928,27.498,22.778,24.367,27.032,26.929,20.76,26.443,24.904,NA,15.035,17.808,7.772,11.133,18.873,30.933,26.079,29.502,26.142,23.859,31.309,25.157,16.651,21.899,22.981,2.082,NA,NA,12.432,33.827,NA,NA,23.746,43.613,27.588,27.366,26.077,20.969,19.532,13.153,13.914,-7.362,-2.432,0.329,21.986,25.523,18.074,20.88,25.395,15.995,26.021,27.977,26.621,20.021,4.87,17.184
"1980-08",4.719,5.041,5.001,15.663,27.561,23.724,25.087,26.997,27.12,20.861,26.532,24.698,NA,14.686,18.536,7.053,12.897,19.479,27.036,26.624,29.159,25.704,22.998,31.126,24.753,16.406,21.872,22.86,1.359,NA,NA,13.291,32.801,NA,NA,25.151,43.006,27.252,27.322,25.724,20.743,19.002,12.989,13.041,-7.123,-4.735,-0.03,22.768,25.102,17.724,21.903,24.803,15.522,25.487,27.916,26.27,19.567,4.384,17.154
"1980-09",1.329,-0.681,1.177,15.834,27.74,22.525,24.87,26.831,27.041,20.842,26.779,24.624,NA,14.438,19.001,7.221,11.097,17.841,21.771,23.864,30.521,25.731,23.451,32.015,24.88,16.226,22.411,23.409,-1.075,NA,NA,11.022,29.017,NA,NA,24.379,41.434,27.126,27.376,26.391,20.401,19.907,12.818,13.617,-6.665,-4.69,-6.103,22.939,24.876,17.62,21.772,24.702,15.389,25.462,27.55,26.524,19.642,4.271,16.887
"1980-10",-3.524,-8.647,-4.625,14.918,26.448,19.63,24.143,26.355,26.584,21.455,26.913,25.305,NA,14.754,19.024,8.458,8.603,14.853,13.027,20.298,28.263,26.004,24.924,31.98,25.657,16.748,23.347,24.209,-8.115,NA,NA,5.839,22.923,NA,NA,22.042,35.982,27.907,27.462,27.509,21.326,21.782,13.296,14.244,-5.311,-1.711,-15.31,22.173,24.939,18.081,20.485,25.313,15.683,26.194,27.418,26.542,20.032,4.802,16.554
"1980-11",-8.517,-13.041,-9.051,13.42,24.03,16.357,22.73,25.996,25.74,22.012,26.22,25.581,NA,15.734,20.397,9.929,5.294,11.963,7.429,16.164,24.735,26.757,25.519,28.32,26.274,17.353,23.554,24.846,-15.832,NA,NA,-0.953,17.365,NA,NA,16.184,27.999,27.141,27.114,27.751,21.596,22.939,14.009,14.893,-2.284,0.537,-23.892,21.011,24.997,18.914,19.065,25.515,16.616,26.072,27.162,26.572,20.55,5.548,16.182
"1980-12",-11.378,-15.99,-13.979,11.471,21.273,14.283,20.582,25.819,25.094,23.062,25.457,25.772,NA,17.023,22.344,11.624,1.601,9.219,3.778,14.43,22.929,27.533,26.37,26.411,26.538,18.768,24.59,25.867,-20.912,NA,NA,-3.09,14.091,NA,NA,12.559,23.518,25.706,26.624,27.473,22.034,23.691,15.33,16.067,0.641,2.468,-23.274,19.528,25.352,19.781,18.038,25.834,17.899,25.617,25.986,26.431,21.779,6.808,16.255
"1981-01",-13.79,-21.471,-21.229,11.354,19.598,11.364,20.32,25.054,24.159,24.297,25.457,25.386,NA,18.297,23.577,12.803,1.945,8.634,4.305,13.076,22.06,27.62,26.859,25.966,26.717,19.745,25.228,26.011,-27.379,NA,NA,-3.948,12.648,NA,NA,11.787,22.524,24.916,25.918,27.031,23.165,24.636,16.502,17.898,3.201,4.454,-31.557,18.544,25.768,20.744,17.031,26.183,19.255,24.934,25.345,26.426,22.976,8.101,16.362
"1981-02",-15.049,-21.822,-24.264,9.605,19.824,10.458,19.558,25.511,24.303,25.084,25.496,25.33,NA,18.799,23.412,13.193,1.411,8.202,3.384,13.359,23.183,27.508,27.05,27.116,26.898,20.611,25.162,26.095,-24.09,NA,NA,-5.987,13.42,NA,NA,11.102,25.394,25.542,26.06,27.238,24.973,24.982,16.898,18.773,3.395,4.378,-30.646,18.21,26.06,21.394,16.54,26.246,20.079,25.153,25.456,26.706,23.547,8.626,16.602
"1981-03",-12.252,-18.624,-19.164,10.885,20.088,12.584,20.432,25.982,24.349,25.463,25.895,25.809,NA,18.959,22.07,12.757,1.592,8.334,4.605,13.845,25.298,27.383,27.502,28.986,27.424,20.159,25.029,26.142,-21.926,NA,NA,-4.445,15.064,NA,NA,11.744,30.451,26.628,26.039,26.878,24.972,24.523,17.002,18.008,1.478,2.755,-26.665,18.205,26.276,21.423,16.62,26.72,19.996,26.264,26.848,27.358,23.37,8.293,16.749
"1981-04",-10.188,-14.241,-14.241,10.812,21.302,13.678,20.944,26.933,25.234,24.955,26.6,25.95,NA,18.216,21.132,11.356,2.686,10.386,9.779,15.307,26.873,27.214,27.816,29.802,27.127,19.497,24.537,25.891,-18.739,NA,NA,-0.948,18.842,NA,NA,15.005,35.041,28.077,26.798,27.024,24.514,23.594,15.703,17.082,-1.831,0.374,-23.431,18.873,26.493,20.82,16.988,26.906,19.476,27.765,28.288,27.879,22.934,7.357,16.819
"1981-05",-2.758,-5.004,-4.803,11.96,24.451,16.722,22.721,27.502,26.072,23.965,26.866,25.548,NA,16.874,19.911,9.154,5.649,13.293,20.117,17.687,28.759,26.082,26.812,34.288,26.904,18.252,23.609,25.292,-9.558,NA,NA,2.478,26.222,NA,NA,18.955,40.032,29.206,27.366,26.985,23.63,21.779,15.229,15.198,-4.385,-1.139,-11.962,19.845,26.649,19.839,17.937,26.377,18.403,28.398,29.273,27.763,22.066,6.304,17.06
"1981-06",2.523,3.337,2.021,12.952,26.96,19.959,24.089,27.485,26.923,22.892,26.413,25.316,NA,16.276,17.769,8.557,8.921,15.98,25.786,21.721,30.54,26.866,26.284,35.13,25.996,17.525,22.689,24.132,-0.12,NA,NA,7.319,30.289,NA,NA,21.408,43.598,28.938,27.61,26.216,22.185,19.644,13.955,14.051,-5.8,-3.894,-0.705,20.957,26.421,18.885,19.417,26.017,17.139,27.069,29.046,27.201,20.878,5.435,17.249
"1981-07",4.641,5.687,5.522,14.357,27.736,22.519,24.575,27.19,26.99,22.287,26.602,24.877,NA,15.255,16.964,7.289,11.656,19.08,28.847,26.063,30.482,26.298,24.5,34.21,25.12,16.91,21.943,23.376,1.638,NA,NA,10.714,33.16,NA,NA,23.686,44.313,27.928,27.142,25.521,21.528,19.159,13.851,13.647,-9.16,-2.446,0.447,22.063,26.119,18.101,20.868,25.42,16.1,25.764,28.195,26.548,20.014,4.796,17.224
"1981-08",4.951,4.418,5.776,15.456,27.796,23.197,25.233,27.659,27.19,21.641,26.838,24.593,NA,14.538,17.647,7.276,13.054,20.328,27.655,26.055,30.013,26.129,23.312,31.792,24.88,16.481,21.948,22.7,1.166,NA,NA,12.042,32.571,NA,NA,24.911,43.556,27.207,26.965,25.413,21.26,19.369,12.836,13.302,-9.341,-6.365,-0.537,22.884,25.8,17.713,21.75,24.92,15.685,25.453,27.62,26.391,19.486,4.376,17.129
"1981-09",2.349,1.632,2.396,16.009,27.457,22.325,24.939,26.961,27.059,21.862,27.02,24.802,NA,14.561,17.942,7.948,11.062,18.699,20.213,23.69,29.353,26.032,23.56,34.913,25.134,16.274,22.216,23.067,-1.299,NA,NA,10.436,27.928,NA,NA,24.366,41.121,27.055,27.383,26.435,20.147,20.704,12.807,13.451,-7.754,-3.633,-6.195,22.91,25.795,17.758,21.774,24.999,15.432,25.657,27.365,26.558,19.401,4.442,16.972
"1981-10",-3.113,-5.634,-4.126,15.58,26.385,19.13,24.389,26.701,26.856,22.423,26.856,25.327,NA,14.955,19.253,8.872,5.875,15.479,16.406,20.932,28.64,26.34,24.587,31.193,25.938,17.18,23.06,23.783,-9.797,NA,NA,6.453,24.369,NA,NA,21.064,36.206,27.863,27.259,27.147,21.125,21.926,13.456,14.257,-5.302,-3.467,-17.372,22.318,25.723,17.999,20.701,25.407,15.982,26.05,27.527,26.774,19.836,4.803,16.559
"1981-11",-6.282,-12.436,-8.946,13.935,23.627,15.636,22.608,26.78,26.434,23.353,26.419,25.796,NA,16.195,20.347,10.421,3.564,10.721,9.073,16.718,25.545,27.287,25.705,28.17,27.235,18.384,23.613,24.405,-16.88,NA,NA,0.896,18.31,NA,NA,16.142,28.462,27.043,26.881,27.433,21.967,23.096,13.629,14.955,-2.698,-0.786,-21.508,21.038,25.793,18.76,19.328,25.79,16.771,26.325,27.121,27.09,20.566,5.635,16.336
"1981-12",-12.007,-19.117,-17.549,12.547,20.921,11.26,21.417,26.116,25.326,24.142,26.36,26.02,NA,17.937,21.504,11.968,3.365,9.761,-0.636,14.302,22.447,27.871,26.887,26.68,27.07,19.656,24.705,25.544,-23.343,NA,NA,-1.377,11.661,NA,NA,13.509,22.923,25.697,26.599,27.926,22.933,24.58,15.151,16.108,0.795,1.807,-28.101,19.593,25.917,20.026,17.738,26.315,18.027,25.771,25.885,27.084,21.964,6.842,16.302
"1982-01",-15.473,-19.098,-24.743,11.686,20.032,10.839,20.595,25.634,24.898,25.02,26.007,26.11,NA,18.88,22.774,12.782,3.205,8.59,-4.947,12.064,20.185,28.054,27.5,26.473,26.87,20.335,25.07,25.934,-22.98,NA,NA,-5.383,7.508,NA,NA,11.493,19.429,24.809,26.449,27.78,23.935,25.284,16.433,17.53,3.249,3.692,-28.662,18.742,26.258,20.951,16.686,26.587,19.168,24.906,25.448,26.854,23.206,8.114,16.574
"1982-02",-14.072,-21.192,-26.187,9.628,19.923,11.68,20.258,26.025,24.903,25.768,26.082,26.373,NA,19.922,23.406,13.607,1.073,6.2,-2.228,11.71,23.997,27.873,27.821,26.636,26.861,21.191,25.854,26.427,-23.777,NA,NA,-3.671,11.802,NA,NA,11.007,27.3,25.7,26.234,27.428,25.359,25.4,17.522,17.827,3.47,3.719,-27.39,18.384,26.573,21.658,16.338,26.927,19.819,25.136,25.734,27.061,23.839,8.632,16.847
"1982-03",-11.453,-17.953,-19.128,10.527,20.036,12.781,20.701,26.273,24.808,26.015,26.261,26.64,NA,19.717,22.99,12.796,1.506,8.391,2.495,11.985,24.587,28.087,28.194,28.913,27.383,20.669,25.075,26.103,-23.267,NA,NA,-2.177,14.758,NA,NA,12.672,30.043,26.763,26.383,27.595,25.385,24.554,17.192,17.745,1.559,2.146,-25.369,18.467,26.883,21.71,16.546,27.303,20.201,26.205,26.925,27.714,23.582,8.243,16.997
"1982-04",-8.953,-14.252,-15.902,11.981,21.07,13.861,21.628,27.11,25.503,25.934,27.068,26.554,NA,18.984,21.956,11.177,2.97,10.447,10.134,15.058,26.99,27.396,28.232,29.715,27.43,20.112,24.577,25.831,-15.454,NA,NA,-0.889,18.477,NA,NA,14.792,34.654,28.179,27.073,27.843,24.951,23.538,16.389,17.019,-1.054,-0.661,-20.221,19.116,27.123,21.064,17.184,27.332,19.502,27.488,28.53,28.105,23.009,7.391,17.139
"1982-05",-2.785,-5.134,-7.034,12.828,23.661,17.265,22.785,27.698,26.34,24.852,27.03,26.56,NA,17.903,20.371,8.958,5.092,13.271,19.063,17.668,27.958,26.925,27.52,31.585,27.161,18.477,23.289,25.131,-6.098,NA,NA,3.324,25.374,NA,NA,18.164,37.994,29.626,27.728,27.342,23.602,22.065,15.385,15.369,-3.168,-1.655,-10.767,19.946,27.212,19.989,17.976,27.025,18.456,28.733,29.688,28.386,22.011,6.306,17.26
"1982-06",2.155,3.596,0.974,13.832,26.279,20.037,24.113,27.944,27.2,23.918,27.298,26.09,NA,16.549,17.966,7.754,8.128,16.246,25.281,21.093,30.006,27.145,26.713,34.287,26.632,17.406,22.284,23.958,-0.69,NA,NA,7.924,31.35,NA,NA,21.033,44.1,29.441,27.733,26.743,22.01,20.915,13.872,14.581,-6.021,-2.464,-1.906,21.211,27.143,19.013,19.285,26.605,17.184,28.068,29.372,27.862,20.925,5.53,17.402
"1982-07",3.857,5.831,4.813,15.055,27.345,22.851,24.736,27.877,27.501,23.477,27.046,25.89,NA,15.961,17.663,7.577,10.857,17.706,28.33,25.338,31.181,27.163,25.239,34.728,25.49,16.936,22.041,23.256,2.135,NA,NA,11.54,32.5,NA,NA,23.362,45.328,28.662,27.682,26.054,21.337,18.701,13.139,13.021,-7.483,-2.354,0.308,22.259,26.93,18.143,20.761,25.897,16.259,26.664,28.914,27.22,20.074,4.991,17.443
"1982-08",4.465,5.827,5.181,16.109,27.854,23.812,25.475,27.954,27.777,22.951,27.404,25.437,NA,15.15,17.769,6.605,11.617,19.703,27.782,25.983,30.62,26.441,23.842,34.928,25.176,16.418,21.681,22.741,1.405,NA,NA,13.319,32.358,NA,NA,24.706,44.459,27.672,27.396,26.042,20.931,20.092,13.152,13.063,-7.265,-4.355,-0.854,23.096,26.699,17.73,21.739,25.262,15.58,26.103,28.481,27.024,19.735,4.514,17.362
"1982-09",1.486,2.069,1.331,16.62,28.055,22.592,25.816,28.363,27.88,23.114,27.289,25.47,NA,15.102,17.653,7.769,10.311,17.411,21,24.028,29.935,26.386,24.636,34.641,25.377,16.274,22.329,23.171,-0.829,NA,NA,11.075,28.782,NA,NA,23.828,41.905,28.109,27.447,26.392,20.417,21.008,13.225,13.226,-7.311,-3.145,-6.011,23.434,26.656,17.689,21.629,25.448,15.385,26.141,28.442,27.044,19.654,4.662,17.223
"1982-10",-2.074,-5.633,-3.719,15.26,26.339,19.549,24.478,27.622,27.219,23.472,27.127,26.075,NA,15.514,19.493,8.817,7.581,14.729,14.746,20.994,28.388,26.914,26.078,31.068,26.487,16.831,23.226,24.27,-7.78,NA,NA,5.966,23.937,NA,NA,21.025,35.989,28.35,27.376,27.362,21.313,21.836,13.526,13.561,-5.641,-2.061,-12.333,22.423,26.776,18.012,20.611,26.093,15.988,26.408,28.424,27.263,20.266,4.908,16.895
"1982-11",-9.903,-10.652,-12.468,13.046,24.211,15.906,22.864,27.307,26.517,23.98,26.754,26.663,NA,16.17,20.678,10.065,5.604,11.08,7.934,16.044,25.498,27.22,26.764,29.222,27.208,17.74,23.413,24.456,-13.357,NA,NA,0.081,17.815,NA,NA,16.861,29.831,27.519,27.415,28.014,21.76,23.049,14.401,14.745,-2.374,0.293,-20.792,21.31,26.723,18.785,19.033,26.406,16.808,26.935,27.374,27.392,20.775,5.6,16.549
"1982-12",-11.02,-11.168,-14.564,10.891,21.756,13.405,21.131,26.617,25.635,24.361,26.022,26.555,NA,17.54,22.253,11.732,1.895,9.575,5.523,13.977,22.289,28.1,27.303,27.243,27.098,19.516,24.893,26.065,-18.003,NA,NA,-3.444,13.221,NA,NA,12.053,21.956,25.563,26.757,27.583,22.397,24.606,15.523,16.397,0.708,2.203,-23.208,19.93,26.63,19.936,17.762,26.707,18.161,25.784,26.816,27.243,21.997,6.73,16.541
"1983-01",-11.188,-16.38,-20.958,10.595,20.095,11.683,20.58,26.117,24.994,24.986,25.828,26.466,NA,18.523,23.511,12.834,1.19,8.153,-1.623,12.933,21.489,27.982,27.54,26.578,27.018,20.246,25.313,26.603,-22.039,NA,NA,-5.873,10.165,NA,NA,10.409,21.903,25.008,26.372,27.208,23.571,25.168,16.715,17.736,2.941,4.076,-21.636,18.898,26.745,20.956,16.967,26.664,19.624,25.324,25.839,27.025,23.226,7.891,16.763
"1983-02",-14.402,-18.039,-21.445,11.18,19.107,10.898,20.228,26.137,24.558,25.94,26.305,26.393,NA,19.356,23.791,13.189,0.566,7.627,1.256,14.201,24.047,28.363,28.201,26.191,27.198,20.883,25.764,26.79,-22.835,NA,NA,-5.672,12.453,NA,NA,11.183,26.908,25.492,26.154,27.124,23.921,24.849,17.269,18.193,3.203,4.296,-26.39,18.388,26.882,21.458,16.432,27.187,20.429,25.303,26.248,27.368,23.973,8.373,16.872
"1983-03",-13.118,-17.198,-24.065,11.346,19.929,11.926,21.102,26.617,24.65,26.314,26.292,26.26,NA,19.329,23.071,12.362,2.516,8.588,5.861,13.173,25.09,28.12,28.376,29.941,28.563,20.569,25.511,26.9,-23.931,NA,NA,-4.305,15.366,NA,NA,13.008,29.631,26.554,27.023,27.737,24.055,24.642,16.974,18.338,1.172,2.696,-23.231,18.553,27.023,21.342,16.549,27.498,20.558,26.448,27.2,28.271,23.934,8.082,17.013
"1983-04",-9.121,-10.793,-15.048,12.337,20.942,13.68,21.836,27.345,25.615,25.306,26.803,26.227,NA,18.542,21.874,10.8,3.025,10.781,8.875,14.683,26.188,27.573,28.158,32.382,28.35,20.255,24.892,26.24,-14.239,NA,NA,-1.211,18.184,NA,NA,15.758,33.857,28.395,27.49,27.789,23.986,23.762,16.555,17.427,-2.085,0.737,-18.231,19.098,27.313,20.737,17.007,27.441,19.603,27.987,28.94,28.692,23.327,7.295,17.149
"1983-05",-2.97,-2.534,-6.332,12.785,23.973,16.988,22.88,28.096,26.247,24.502,26.734,26.213,NA,17.29,19.556,9.209,5.024,13.152,18.71,17.624,27.652,26.95,27.097,33.309,27.618,18.413,23.431,25.25,-5.923,NA,NA,3.158,25.684,NA,NA,18.796,39.878,29.936,27.777,27.264,23.314,22.65,15.196,16.148,-4.188,-1.31,-9.157,19.972,27.492,19.74,17.847,26.971,18.389,29.015,29.509,28.579,22.401,6.262,17.268
"1983-06",1.799,3.549,0.703,13.87,26.68,20.597,23.669,27.888,26.898,23.649,27.008,26.207,NA,16.31,18.337,7.596,8.627,16.365,27.386,21.627,30.386,27.092,26.159,36.132,26.928,17.575,22.014,23.541,0.702,NA,NA,6.979,32.27,NA,NA,21.274,44.637,30.092,27.952,26.375,21.812,20.877,14.082,14.881,-6.223,-2.316,-1.017,20.869,27.402,18.796,19.266,26.562,17.163,28.207,29.817,27.984,20.864,5.437,17.355
"1983-07",3.884,6.165,3.899,15.747,27.727,22.876,25.185,27.837,27.344,23.16,26.649,25.503,NA,15.179,17.035,7.677,10.24,18.029,30.304,25.758,31.129,26.96,24.812,35.175,26.032,17.005,22.025,23.341,1.672,NA,NA,10.63,34.051,NA,NA,23.822,45.519,28.719,27.714,25.842,20.83,20.05,13.126,13.573,-8.249,-3.867,0.206,22.088,27.173,18.094,20.752,25.685,16.05,26.891,28.786,27.382,20.306,4.93,17.366
"1983-08",4,5.829,4.781,17.078,28.372,23.325,25.958,28.437,27.7,22.599,27.13,24.956,NA,14.6,17.449,7.299,11.082,18.976,28.3,25.619,31.376,26.497,24.286,34.977,25.616,16.704,22.004,22.833,1.782,NA,NA,11.793,32.927,NA,NA,24.455,44.261,27.612,27.425,25.585,20.392,19.982,12.856,12.98,-7.724,-4.098,-0.947,23.117,26.88,17.689,21.555,25.1,15.375,26.087,28.003,27.086,19.709,4.464,17.309
"1983-09",1.401,1.644,0.073,17.36,28.629,22.877,25.883,27.932,27.489,22.505,27.149,25.183,NA,14.634,18.054,7.963,10.167,17.121,20.61,23.671,30.909,26.313,24.672,34.968,26.148,16.66,22.743,23.63,-0.127,NA,NA,10.45,29.046,NA,NA,23.115,42.186,28.024,27.351,26.003,20.175,20.772,13.226,13.507,-8.883,-3.299,-6,23.147,26.795,17.526,21.695,25.25,15.355,26.195,28.078,27.119,19.573,4.568,17.103
"1983-10",-2.901,-3.048,-6.96,16.143,26.438,19.493,24.605,27.424,27.058,23.315,26.789,26.225,NA,15.512,19.297,8.772,7.446,14.345,15.185,19.067,28.367,27.075,26.159,32.256,27.071,17.5,24.124,24.747,-4.168,NA,NA,5.916,24.372,NA,NA,21.006,35.698,28.143,27.457,27.075,20.827,21.992,13.232,14.02,-7.003,-2.015,-8.596,22.428,27.078,17.969,20.681,26.082,15.808,26.755,28.222,27.156,20.043,4.824,16.88
"1983-11",-9.315,-10.856,-11.349,13.351,24.088,16.168,23.38,27.404,26.469,23.753,26.835,26.379,NA,16.281,20.339,10.646,3.989,10.603,7.523,16.197,25.245,27.558,26.796,28.804,27.424,18.499,24.667,25.642,-14.552,NA,NA,-1.259,18.292,NA,NA,16.602,28.539,27.687,27.769,28.483,22.159,23.928,14.203,14.927,-3.354,-0.192,-19.853,21.298,27.135,18.944,19.205,26.238,16.706,26.939,27.361,27.289,20.973,5.467,16.595
"1983-12",-11.313,-13.371,-16.921,12.975,20.454,12.933,21.76,26.572,25.389,24.832,26.775,26.726,NA,17.857,22.186,12.491,2.795,8.691,-0.231,14.19,22.867,27.959,27.308,27.414,28.073,19.264,25.333,26.254,-20.143,NA,NA,-5.002,12.305,NA,NA,11.954,23.279,26.102,27.07,28.066,22.478,24.611,15.294,15.683,0.443,1.789,-22.879,19.888,27.199,20.187,18.098,26.562,18.041,26.26,26.039,27.321,22.311,6.549,16.616
"1984-01",-12.244,-14.969,-19.369,12.255,17.852,10.381,20.472,26.057,24.686,25.404,26.997,26.749,NA,18.927,23.56,13.462,0.011,6.53,-5.074,13.61,22.872,28.355,28.137,26.967,27.793,20.695,25.9,26.737,-21.49,NA,NA,-6.644,9.612,NA,NA,10.691,24.111,25.499,26.755,27.669,23.283,25.777,16.833,17.292,2.454,3.774,-22.987,18.92,27.184,20.908,16.942,27.118,19.551,25.731,25.578,27.457,23.488,7.675,16.833
"1984-02",-11.591,-18.198,-17.494,10.958,18.451,9.943,20.23,26.531,24.857,25.827,27.081,27.021,NA,19.499,23.74,13.456,0.554,8.374,-0.155,13.601,23.066,28.739,28.245,27.458,28.26,20.54,25.909,27.082,-25.833,NA,NA,-7.299,11.154,NA,NA,10.262,25.286,26.004,26.609,27.051,23.679,25.887,17.429,18.114,2.928,3.917,-29.112,18.385,27.218,21.585,16.524,27.377,20.375,26.065,26.294,27.899,23.998,8.234,16.899
"1984-03",-12.851,-17.116,-19.66,11.59,18.89,11.591,20.648,26.75,24.886,25.885,27.233,26.891,NA,19.426,23.163,12.539,1.588,8.514,2.217,13.781,25.385,28.648,28.701,29.25,29.17,20.669,25.8,27.072,-24.948,NA,NA,-6.258,13.876,NA,NA,13.535,30.612,27.211,27.175,27.338,23.72,25.293,17.043,18.287,0.679,2.837,-27.348,18.526,27.421,21.475,16.495,27.798,20.38,26.995,27.59,28.52,24.004,7.992,17.064
"1984-04",-9.277,-8.972,-15.378,11.753,20.892,14.172,21.48,27.901,25.961,25.697,27.199,26.759,NA,18.308,21.928,10.967,1.783,9.792,9.655,14.887,27.431,27.528,28.958,32.719,29.115,20.251,25.321,26.812,-17.343,NA,NA,-2.057,19.547,NA,NA,16.713,35.436,28.38,27.593,27.62,24.475,23.7,16.676,16.192,-1.7,1.181,-20.61,19.088,27.65,20.828,16.958,27.711,19.695,28.161,29.238,28.904,23.45,7.165,17.163
"1984-05",-2.876,-3.253,-6.594,12.709,24.055,17.166,22.605,28.442,26.865,24.278,27.411,26.451,NA,17.341,20.158,10.062,4.583,12.221,16.945,17.533,28.998,28.053,28.029,33.959,28.362,19.251,23.861,25.3,-6.304,NA,NA,1.635,25.07,NA,NA,18.876,40.097,29.635,27.961,27.011,23.21,22.139,15.07,14.915,-4.017,-0.718,-9.948,19.859,27.662,19.807,18.197,27.554,18.64,29.178,29.855,28.819,22.21,6.245,17.346
"1984-06",2.195,3.979,1.427,14.304,26.684,20.161,24.313,28.7,27.569,23.431,27.192,26.643,NA,15.729,18.198,7.64,7.572,15.92,23.552,22.131,30.972,27.774,26.78,36.793,27.38,17.895,22.791,24.224,0.25,NA,NA,6.575,29.806,NA,NA,21.542,44.889,29.596,27.963,26.268,22.058,20.413,14.254,13.938,-6.786,-1.132,-0.767,21.113,27.511,18.672,19.406,26.839,17.443,28.213,29.556,28.252,21.291,5.447,17.483
"1984-07",4.246,7.048,4.496,15.784,27.529,22.839,25.279,27.9,27.775,22.534,27.36,26.195,NA,14.775,17.02,6.575,10.318,18.609,30.824,25.875,30.217,27.472,25.551,33.342,26.569,17.01,22.303,23.794,2.005,NA,NA,11.133,34.062,NA,NA,23.713,45.794,28.92,27.607,25.317,20.81,19.887,13.742,13.277,-5.914,-4.282,0.311,22.215,27.181,17.781,20.865,26.135,16.521,27.296,28.841,27.736,20.537,4.895,17.474
"1984-08",4.591,6.106,4.879,17.363,28.554,23.691,26.596,27.955,28.097,22.477,27.542,25.724,NA,14.067,16.561,7.281,12.184,18.859,28.878,25.922,30.375,27.014,24.715,33.527,26.325,16.784,22.509,23.448,1.558,NA,NA,12.439,33.773,NA,NA,24.502,44.753,28.399,27.54,25.21,20.475,20.34,13.533,13.223,-8.412,-2.733,-0.493,23.146,27.027,17.418,21.858,25.688,15.763,26.658,28.458,27.371,20.115,4.562,17.447
"1984-09",1.478,1.473,1.675,17.565,27.643,22.198,26.368,28.192,27.918,22.326,27.674,26.028,NA,13.894,17.675,7.248,10.393,17.753,23.765,23.803,30.82,26.747,25.428,35.531,26.633,16.827,22.992,23.855,-0.42,NA,NA,11.483,30.268,NA,NA,23.85,42.196,28.118,27.417,25.715,20.619,20.963,13.499,13.61,-8.223,-4.249,-6.228,23.46,26.852,17.352,21.843,25.983,15.692,26.631,28.138,27.369,19.957,4.392,17.216
"1984-10",-3.778,-5.799,-6.56,16.259,25.959,20.211,25.653,27.719,27.197,22.752,27.421,26.545,NA,14.503,19.041,8.373,7.052,15.186,14.681,20.521,28.836,27.188,26.377,32.064,27.2,17.311,24.24,24.974,-6.753,NA,NA,5.132,23.413,NA,NA,21.558,37.027,28.414,27.712,27.101,21.943,22.591,13.652,14.01,-5.527,-2.805,-12.416,22.729,26.973,17.893,20.86,26.488,16.015,27.232,27.928,27.562,20.62,4.703,16.941
"1984-11",-8.664,-12.721,-11.882,14.13,22.457,16.097,23.344,27.778,26.615,23.501,27.179,27.117,NA,15.771,20.295,9.86,3.314,11.215,10.242,17.83,25.383,28.046,26.931,29.682,28.099,17.716,23.988,25.211,-16.567,NA,NA,0.05,18.677,NA,NA,17.524,29.077,27.798,27.991,28.587,22.79,24.478,14.158,14.898,-1.406,-0.547,-22.671,21.558,26.976,18.833,19.072,26.805,16.67,27.497,27.405,27.948,21.167,5.517,16.631
"1984-12",-11.7,-13.252,-17.196,13.544,20.479,13.348,21.809,26.688,25.619,24.288,26.999,26.67,NA,17.196,21.595,11.992,2.374,9.255,3.197,14.434,22.5,28.394,27.64,28.099,28.281,18.418,25.359,26.959,-20.343,NA,NA,-3.617,12.991,NA,NA,12.956,23.355,26.212,27.3,27.984,22.935,25.115,15.17,16.33,1.041,2.101,-24.819,20.118,26.984,20.036,17.907,27.106,17.816,26.81,26.47,27.75,22.446,6.748,16.634
"1985-01",-12.468,-17.193,-20.891,11.891,18.805,11.543,20.521,26.343,25.06,25.275,26.597,26.77,NA,18.598,22.436,13.201,0.739,7.535,1.714,12.853,22.027,28.391,28.208,27.362,27.887,19.648,26.151,27.69,-24.209,NA,NA,-3.934,11.124,NA,NA,10.892,22.417,25.562,26.683,28.172,23.306,25.43,16.675,17.138,3.282,3.926,-29.538,19.052,27.018,21.098,16.995,27.318,19.135,25.922,25.976,27.604,23.88,7.909,16.777
"1985-02",-16.108,-18.548,-26.084,12.298,18.912,10.771,20.459,26.538,24.951,25.727,26.395,26.632,NA,19.325,23.442,13.36,2.323,8.369,1.882,12.31,22.195,28.534,28.386,27.885,27.562,20.036,25.669,27.093,-23.141,NA,NA,-5.749,10.983,NA,NA,12.351,24.407,25.709,26.656,27.522,24.027,25.982,16.938,18.348,3.525,4.164,-28.518,18.647,27.058,21.744,16.277,27.392,20.041,25.741,26.243,28.044,24.094,8.367,16.89
"1985-03",-13.008,-13.226,-20.551,12.22,19.487,12.036,20.318,26.808,25.2,25.795,27.021,27.325,NA,19.603,23.432,12.584,1.397,8.673,1.773,13.252,25.44,28.321,29.005,29.646,28.256,20.586,25.928,27.011,-21.063,NA,NA,-5.364,13.47,NA,NA,12.281,30.781,26.924,26.908,27.719,24.339,25.418,16.742,17.574,1.557,2.091,-25.456,18.594,27.226,21.715,16.637,27.762,20.21,26.67,27.307,28.295,23.987,8.065,17.091
"1985-04",-7.97,-11.541,-14.158,12.409,20.533,13.86,20.954,27.425,25.88,24.631,27.795,27.032,NA,18.693,21.887,11.005,1.928,10.322,10.379,15.232,27.527,27.673,28.886,33.042,28.313,19.806,24.714,26.26,-16.227,NA,NA,-1.602,18.775,NA,NA,15.364,35.681,28.303,27.773,28.077,24.25,24.487,15.905,16.774,-1.903,0.943,-21.275,19.098,27.087,21.163,17.157,27.82,19.323,28.04,29.174,28.925,23.232,7.264,17.147
"1985-05",-3.758,-4.786,-8.248,12.802,23.319,17.343,21.892,27.244,26.64,23.118,27.838,26.589,NA,17.25,19.842,9.296,4.703,12.883,18.782,18.358,28.428,27.729,28.235,34.009,27.843,18.964,24.563,25.533,-7.436,NA,NA,3.173,25.133,NA,NA,18.67,39.568,29.731,28.178,27.556,23.441,22.475,15.029,15.657,-4.025,-0.224,-11.72,19.825,26.856,19.956,17.994,27.456,18.23,29.246,30.076,28.718,22.34,6.292,17.254
"1985-06",1.837,3.705,0.714,14.011,26.233,20.117,23.879,27.965,27.453,22.153,27.405,26.313,NA,16.207,18.235,7.596,8.104,16.253,25.331,21.43,30.618,27.339,26.954,36.108,26.713,18.226,23.062,24.378,0.509,NA,NA,8.075,29.925,NA,NA,21.616,44.352,29.164,28.127,26.576,22.115,20.742,13.826,14.314,-5.282,-1.831,-1.07,21.115,26.511,18.839,19.351,26.683,17.085,27.972,29.342,28.04,21.014,5.265,17.371
"1985-07",3.924,6.791,4.403,15.539,27.883,22.633,24.829,27.407,27.54,21.554,27.136,25.924,NA,15.4,18.269,7.69,10.146,18.971,30.639,25.596,30.927,26.952,25.241,34.106,25.675,17.648,22.838,23.796,2.24,NA,NA,10.947,33.426,NA,NA,23.677,45.248,28.228,27.782,26.078,20.666,19.517,13.141,13.59,-7.37,-3.146,0.229,22.155,25.873,18.231,20.784,25.88,16.414,26.307,28.312,26.964,20.157,4.754,17.319
"1985-08",4.008,6.617,4.909,16.384,28.015,23.692,25.299,27.188,27.551,20.965,27.178,25.6,NA,14.503,17.436,7.147,10.274,19.12,28.635,27.189,30.929,26.309,24.44,33.83,25.292,16.913,22.448,23.322,1.918,NA,NA,12.997,32.571,NA,NA,24.55,44.021,27.697,27.783,26.268,20.582,19.99,12.861,13.487,-8.662,-2.857,-0.598,22.839,25.339,17.864,21.835,25.341,15.597,25.633,28.08,26.404,19.689,4.499,17.21
"1985-09",1.547,2.249,1.077,16.453,27.971,22.689,25.712,27.539,27.638,21.202,27.393,25.412,NA,14.552,18.792,7.782,8.897,17.909,21.79,23.94,31.123,25.955,24.607,34.729,25.247,16.683,23.429,24.014,-0.419,NA,NA,11.016,29.045,NA,NA,24.234,41.828,27.43,27.57,26.899,20.885,20.773,12.798,13.557,-8.132,-3.457,-4.692,23.14,25.037,17.701,21.818,25.393,15.603,25.585,27.755,26.353,19.815,4.387,17.004
"1985-10",-2.943,-2.418,-4.159,15.747,25.856,19.399,24.236,26.633,27.175,21.896,27.477,26.079,NA,14.834,18.77,8.555,6.282,15.449,12.895,20.813,28.188,26.548,25.926,31.932,25.966,17.025,23.445,24.375,-8.368,NA,NA,5.603,22.551,NA,NA,21.187,35.735,27.763,27.497,27.544,21.283,21.809,13.314,14.317,-5.676,-2.129,-12.324,22.242,25.286,17.984,20.656,25.937,15.903,25.924,27.628,26.473,20.161,4.802,16.658
"1985-11",-7.725,-14.345,-10.489,13.148,24.007,15.881,22.642,26.136,26.325,22.43,26.555,26.361,NA,16.139,20.11,10.235,3.613,12.635,5.811,18.017,25.318,26.991,26.761,28.74,26.397,18.177,24.028,24.883,-16.963,NA,NA,1.07,16.216,NA,NA,16.443,28.445,27.138,27.24,27.674,21.708,22.928,13.933,15.507,-2.533,-0.315,-22.079,21.01,25.246,18.807,19.106,26.225,16.84,26.217,26.993,26.767,20.722,5.399,16.301
"1985-12",-11.212,-16.228,-17.938,11.3,21.788,13.992,21.315,25.624,25.513,22.977,25.927,26.558,NA,17.3,21.743,11.359,1.162,9.808,3.272,14.791,21.679,27.444,27.318,27.443,27.161,19.539,25.066,25.911,-22.036,NA,NA,-3.002,11.435,NA,NA,13.205,22.121,25.83,26.794,27.795,22.836,24.451,15.214,16.855,0.543,1.958,-25.161,19.712,25.326,19.958,17.786,26.474,18.134,25.84,26.043,26.752,21.826,6.471,16.266
"1986-01",-14.318,-17.702,-24.849,8.972,19.941,12.45,19.768,25.378,24.865,24.047,25.302,25.997,NA,18.468,23.339,13.233,1.488,9.177,1.102,12.952,21.104,27.694,27.602,26.205,27.006,20.336,25.629,26.455,-22.825,NA,NA,-4.112,9.177,NA,NA,11.215,20.552,24.367,26.358,27.636,24.593,24.6,16.812,17.891,2.779,3.671,-25.673,18.856,25.545,20.839,16.876,26.561,19.566,24.62,25.697,26.515,23.234,7.638,16.472
"1986-02",-11.369,-17.197,-24.043,10.436,20.007,10.65,20.235,25.449,24.463,25.104,25.252,25.764,NA,19.01,23.44,13.239,1.275,6.357,-0.407,11.264,22.663,27.558,28.295,27.184,27.362,21.211,26.382,26.956,-25.157,NA,NA,-4.47,11.837,NA,NA,11.067,26.41,25.594,26.188,27.566,25.964,25.036,17.594,18.501,2.834,4.298,-26.81,18.49,25.822,21.311,16.29,26.892,20.428,25.103,26.057,26.784,23.978,8.189,16.707
"1986-03",-14.019,-16.182,-24.537,9.365,21.448,11.771,20.641,26.423,24.795,25.125,25.489,25.982,NA,18.681,22.891,12.493,1.486,7.913,2.593,11.624,24.154,26.852,28.321,30.164,27.312,21.105,26.241,26.886,-21.77,NA,NA,-2.496,13.263,NA,NA,13.191,29.591,27.007,26.624,27.439,26.471,24.339,17.611,18.034,0.655,2.569,-28.388,18.632,26.133,21.371,16.349,27.008,20.258,26.426,27.407,27.526,24.077,7.818,16.748
"1986-04",-9.576,-11.393,-15.045,10.698,22.126,13.276,21.254,26.98,25.207,24.295,26.318,26.261,NA,17.849,21.355,11.246,2.461,10.333,10.331,14.464,26.325,27.007,28.296,30.683,27.499,20.06,24.846,26.121,-15.315,NA,NA,-0.569,18.013,NA,NA,15.699,34.638,28.265,27.347,27.418,25.336,23.53,16.687,17.118,-2.255,0.706,-20.222,19.13,26.398,20.869,16.688,27.257,19.54,27.794,28.983,28.258,23.27,7.022,16.943
"1986-05",-3.751,-3.134,-7.064,12.238,24.426,17.01,22.653,27.316,25.938,23.502,26.46,25.839,NA,17.227,19.868,10.072,5.445,12.914,17.528,17.334,26.952,26.653,27.649,34.678,27.08,18.853,23.524,24.919,-7.883,NA,NA,3.754,23.309,NA,NA,18.601,37.719,28.939,27.841,26.689,23.844,20.799,15.056,15.512,-4.884,-1.177,-11.462,19.987,26.561,20.001,17.791,26.851,18.299,28.281,28.9,27.681,22.064,6.13,17.093
"1986-06",1.993,4.178,0.892,13.281,26.206,20.097,23.71,26.965,26.644,22.332,26.446,25.306,NA,16.065,18.299,7.439,8.482,16.175,26.298,21.635,29.874,26.851,27.388,35.535,26.294,17.922,22.571,24.133,0.008,NA,NA,8.772,31.186,NA,NA,20.919,44.217,28.842,27.683,26.034,22.58,19.846,14.389,14.549,-6.983,-1.948,-0.906,21.068,26.422,18.905,19.15,26.283,17.115,26.912,28.665,26.98,20.896,5.281,17.237
"1986-07",4.389,6.077,4.013,14.652,27.81,22.897,24.882,27.504,27.311,21.987,26.712,24.665,NA,15.154,17.871,6.044,10.715,17.97,30.376,25.02,30.539,26.372,26.032,32.829,25.219,17.113,22.459,23.494,1.612,NA,NA,12.808,33.341,NA,NA,23.762,44.619,27.829,27.358,25.488,21.675,19.033,13.709,13.443,-7.037,-3.852,0.301,22.289,26.265,18.016,20.609,25.816,16.212,25.938,28,26.429,20.316,4.654,17.267
"1986-08",4.142,5.378,4.109,15.948,28.739,23.433,25.563,27.577,27.311,21.935,26.67,24.606,NA,14.849,18.112,6.358,11.636,18.85,29.623,26.08,30.314,26.46,24.356,34.814,24.775,16.626,22.168,23.069,1.271,NA,NA,13.706,33.355,NA,NA,24.754,43.67,27.32,27.502,25.812,21.211,19.502,13.365,13.539,-7.431,-4.284,-0.786,23.145,26.029,17.698,21.393,25.396,15.456,25.481,28.195,26.321,19.721,4.233,17.215
"1986-09",1.706,0.757,1.479,15.793,28.111,22.249,24.91,26.965,27.055,21.917,26.909,24.888,NA,14.499,18.185,7.396,9.614,17.41,22.805,24.066,30.673,26.178,24.904,34.695,25.092,16.852,22.942,23.583,-0.904,NA,NA,12.008,30.036,NA,NA,23.209,41.943,27.437,27.439,26.522,21.334,20.332,13.474,13.671,-7.509,-3.614,-6.172,23.198,25.818,17.697,21.323,25.463,15.372,25.528,27.715,26.452,19.734,4.299,17.001
"1986-10",-3.698,-5.953,-6.507,15.153,27.406,20.169,24.335,27.154,26.787,22.106,26.686,25.687,NA,14.416,18.591,8.148,7.339,14.028,14.089,20.192,28.45,26.379,26.229,31.407,25.91,16.885,23.25,24.191,-5.645,NA,NA,6.811,23.425,NA,NA,20.168,36.368,27.749,27.305,27.297,21.257,21.803,13.484,14.675,-5.704,-1.673,-12.777,22.443,25.631,18.014,20.59,25.907,15.66,25.806,27.851,26.71,20.084,4.753,16.67
"1986-11",-8.74,-13.892,-10.682,13.451,23.682,16.384,22.576,26.447,26.224,22.764,25.79,26.283,NA,15.635,20.292,10.235,2.785,11.602,9.015,16.578,25.729,27.355,26.879,28.216,27.033,18.061,24.05,25.138,-16.703,NA,NA,0.543,18.178,NA,NA,15.243,29.625,27.413,27.003,27.977,21.724,23.082,13.921,15.081,-1.934,-0.493,-22.704,21.01,25.824,18.847,19.233,26.4,16.833,26.393,27.195,26.845,20.911,5.343,16.284
"1986-12",-12.118,-15.068,-19.31,10.805,20.931,13.919,20.704,26.028,25.262,23.703,25.44,26.184,NA,17.071,22.155,11.79,2.693,8.464,2.355,13.885,23.491,27.549,27.319,26.386,26.964,18.755,24.988,26.499,-17.663,NA,NA,-1.322,12.182,NA,NA,11.67,24.709,25.505,26.328,27.705,22.707,24.668,15.275,16.178,0.924,2.129,-23.493,19.831,25.986,19.889,17.976,26.47,18.274,25.63,25.871,26.651,22.219,6.592,16.372
"1987-01",-13.001,-17.403,-19.691,10.968,20.059,11.353,20.449,25.513,24.667,24.458,25.821,26.278,NA,18.533,23.921,12.876,1.695,7.621,-2.994,12.138,22.198,27.688,27.611,26.545,27.042,19.856,25.533,27.04,-24.903,NA,NA,-4.566,9.555,NA,NA,10.177,22.553,25.007,26.068,27.707,23.855,25.768,16.672,16.876,3.494,4.321,-27.98,18.784,26.191,20.98,17.048,26.714,19.838,24.98,25.475,26.567,23.187,7.759,16.554
"1987-02",-14.205,-17.201,-22.644,11.216,21.164,11.799,20.532,25.978,24.738,25.434,25.677,26.097,NA,19.247,24.494,13.228,2.171,7.91,0.701,11.502,23.137,27.775,28.098,27.458,27.278,20.723,25.751,26.971,-24.783,NA,NA,-6.666,12.582,NA,NA,10.372,25.229,25.34,25.731,27.011,24.644,25.27,17.09,17.85,3.367,4.623,-24.34,18.26,26.307,21.575,16.682,26.847,20.543,25.253,25.79,26.886,23.774,8.439,16.789
"1987-03",-13.365,-15.81,-24.354,11.381,20.524,11.885,21.006,26.114,24.448,25.742,25.798,26.458,NA,18.786,23.377,12.275,2.147,8.69,5.444,12.269,24.854,27.293,28.421,30.154,27.622,20.425,25.403,26.927,-22.776,NA,NA,-3.212,14.864,NA,NA,12.866,29.499,26.571,26.178,27.143,25.027,24.07,17.173,17.414,1.581,2.961,-24.969,18.555,26.5,21.399,16.562,27.181,20.436,26.427,26.933,27.36,24.024,8.124,16.866
"1987-04",-7.919,-10.127,-14.811,11.526,22.679,14.509,21.478,27.269,25.422,25.149,26.358,26.235,NA,17.893,21.821,11.041,3.289,10.025,10.91,14.047,26.816,26.301,28.196,31.535,27.572,20.084,24.603,26.325,-16.774,NA,NA,-1.834,18.639,NA,NA,15.549,33.71,28.434,27.186,27.604,24.837,23.287,16.244,16.626,-1.127,1.041,-19.284,19.078,26.865,20.893,17.05,27.121,19.412,27.89,28.761,28.146,23.418,7.202,17.063
"1987-05",-2.548,-2.602,-6.53,12.807,25.001,17.592,22.672,27.287,26.136,24.054,26.658,26.263,NA,17.139,19.708,9.084,6.627,12.853,18.121,16.872,28.561,26.831,27.968,33.998,27.258,19.34,23.836,25.16,-8.609,NA,NA,3.071,24.706,NA,NA,18.417,39.702,29.706,27.582,26.814,23.34,21.511,15.078,15.736,-3.466,-0.596,-9.927,19.857,27.147,19.818,18.113,26.9,18.109,28.806,29.483,28.117,22.187,6.222,17.198
"1987-06",2.36,4.334,1.338,13.671,27.064,20.333,24.199,27.881,26.827,23.441,26.539,25.683,NA,15.864,18.275,7.831,8.794,16.545,25.244,21.284,31.001,26.907,27.158,36.442,26.744,17.994,22.24,23.887,0.14,NA,NA,8.177,30.325,NA,NA,20.994,44.21,29.215,27.749,25.998,21.536,19.607,13.982,13.966,-5.266,-1.811,-0.885,21.061,27.015,18.87,19.427,26.457,17.087,27.707,28.65,27.608,20.786,5.511,17.353
"1987-07",4.284,6.099,4.127,15.234,28,23.025,25.316,27.881,27.317,22.7,26.617,25.187,NA,15.083,17.443,7.182,11.442,18.484,30.817,25.653,31.172,26.661,25.155,34.393,26.104,16.705,21.851,23.474,1.799,NA,NA,11.535,33.081,NA,NA,23.574,44.936,28.015,27.47,25.345,21.274,18.81,13.461,13.444,-7.817,-3.682,0.419,22.213,26.756,18.066,20.991,25.665,16.304,26.629,28.187,27.159,20.126,4.736,17.357
"1987-08",4.672,5.939,4.705,16.351,28.418,23.22,26.028,28.164,27.485,22.801,26.861,24.753,NA,14.51,17.615,6.788,11.204,19.075,27.911,26.407,30.807,26.404,23.21,34.588,25.625,16.034,21.946,23.307,1.603,NA,NA,11.959,32.473,NA,NA,24.831,44.213,27.693,27.258,25.228,20.264,19.332,12.658,13.144,-7.846,-4.359,-0.737,23.235,26.604,17.69,21.891,25.006,15.654,26.099,27.88,26.94,19.598,4.423,17.279
"1987-09",1.339,2.374,1.481,16.517,28.777,22.511,26.041,28.223,27.592,22.946,27.159,24.856,NA,14.464,18.666,7.512,9.86,17.236,23.186,23.963,30.923,26.217,23.874,35.444,25.93,16.24,22.32,23.275,-1.025,NA,NA,10.683,29.828,NA,NA,23.738,42.368,27.75,27.331,26.267,20.261,20.943,13.111,13.26,-7.242,-5.796,-6.097,23.397,26.495,17.657,21.736,25.113,15.49,26.252,27.753,27.018,19.42,4.437,17.111
"1987-10",-3.979,-4.51,-4.459,15.726,27.032,19.061,25.103,27.949,27.316,23.003,26.943,25.522,NA,14.758,19.852,8.304,6.753,14.827,16.776,20.396,29.01,26.295,25.138,31.648,26.636,16.705,23.269,24.432,-8.546,NA,NA,5.375,25.069,NA,NA,20.384,36.694,28.326,27.501,27.222,20.428,21.606,13.041,14.038,-6.67,-3.233,-14.21,22.657,26.546,18.003,20.735,25.546,15.908,26.622,28.302,27.261,19.913,4.772,16.735
"1987-11",-8.829,-11.051,-10.263,13.871,25.187,16.787,23.335,27.323,26.402,23.238,26.441,26.266,NA,15.807,20.491,10.155,4.317,12.513,10.175,17.423,25.287,27.319,26.577,28.651,27.2,17.982,24.178,25.078,-18.098,NA,NA,-0.444,19.023,NA,NA,16.53,28.376,27.758,27.382,28.354,21.785,23.251,13.879,15.393,-2.443,-0.358,-22.598,21.274,26.434,18.917,19.358,26.147,16.673,27.186,27.231,27.353,20.918,5.48,16.48
"1987-12",-11.148,-18.513,-16.595,10.888,22.08,13.1,21.118,26.969,25.807,23.911,25.935,26.288,NA,16.997,22.331,10.936,1.315,8.648,3.894,14.11,22.688,27.627,26.939,27.671,27.458,19.165,24.638,25.466,-22.072,NA,NA,-2.975,14.17,NA,NA,13.386,23.52,26.148,26.954,28.515,22.564,24.21,15.035,17.3,0.643,1.682,-26.815,19.93,26.382,19.954,18.159,26.224,18.08,26.305,26.272,27.259,21.926,6.577,16.424
"1988-01",-15.421,-19.264,-24.22,10.977,20.454,11.009,20.59,26.185,24.792,24.787,25.937,26.301,NA,18.496,23.608,12.208,0.749,6.178,2.006,12.188,21.914,28.084,27.622,26.813,27.522,20.253,25.273,26.223,-23.194,NA,NA,-4.208,12.56,NA,NA,12.275,22.706,25.323,26.484,27.497,22.759,25.599,16.463,18.345,3.035,3.603,-27.337,18.998,26.531,20.972,16.92,26.857,19.262,25.727,25.54,27.102,23.039,7.779,16.617
"1988-02",-16.727,-17.768,-26.482,8.681,20.982,12.087,20.453,26.502,24.948,25.506,25.766,26.413,NA,19.22,24.212,12.648,2.919,8.017,-0.248,12.374,21.895,28.363,28.177,27.801,27.729,21.465,26.089,26.629,-24.377,NA,NA,-6.163,10.203,NA,NA,12.807,22.934,25.328,26.655,27.515,23.84,25.643,16.808,18.567,3.417,3.761,-27.463,18.604,26.657,21.525,16.684,27.154,20.242,25.408,25.866,27.549,23.766,8.355,16.894
"1988-03",-14.651,-17.356,-20.886,8.956,21.429,12.151,20.44,26.978,24.983,25.689,26.147,26.294,NA,19.109,23.718,12.284,2.399,9.245,4.378,13.314,24.727,27.958,28.334,29.131,27.649,21.132,25.692,26.375,-25.836,NA,NA,-3.801,13.069,NA,NA,13.853,29.393,26.668,26.867,27.464,23.752,24.966,16.737,18.107,1.496,2.195,-29.96,18.517,26.923,21.581,16.739,27.3,20.364,26.488,27.234,28.067,23.686,8.155,16.946
"1988-04",-9.283,-8.058,-12.998,9.829,22.573,13.998,20.987,27.611,25.776,24.93,26.938,26.534,NA,18.443,21.375,10.499,3.387,10.202,10.535,15.077,26.108,27.707,28.531,30.74,27.804,19.937,25.068,26.134,-17.964,NA,NA,-1.626,18.893,NA,NA,17.182,34.146,28.293,27.521,27.89,24.041,23.545,16.101,17.012,-0.834,0.036,-21.667,19.122,27.254,20.872,17.209,27.47,19.619,27.982,28.845,28.527,23.242,7.254,17.161
"1988-05",-3.614,-5.532,-7.204,11.209,24.173,16.604,21.984,27.699,26.522,23.953,27.352,26.293,NA,17.535,20.444,8.635,4.787,12.753,19.575,18.456,28.195,27.36,28.259,33.135,27.21,19.082,23.889,24.994,-7.63,NA,NA,2.695,24.252,NA,NA,19.568,39.068,29.137,28.008,27.281,23.219,22.105,15.092,15.746,-4.241,-1.617,-11.875,19.939,27.217,19.833,18.07,27.206,18.571,28.811,29.798,28.382,22.173,6.198,17.237
"1988-06",2.506,3.367,1.32,12.778,26.385,20.024,23.529,28.028,27.206,22.76,27.438,25.818,NA,16.191,19.069,7.265,7.829,15.553,25.907,22.013,30.817,27.11,26.561,36.32,26.659,17.222,22.091,24.022,-0.228,NA,NA,7.978,30.627,NA,NA,21.712,45.023,29.185,28.077,26.217,21.625,19.798,13.747,13.931,-6.57,-3.428,-0.939,21.093,27.012,18.896,19.577,26.565,17.407,27.649,29.519,27.976,20.952,5.379,17.383
"1988-07",4.312,6.331,4.346,14.37,27.608,22.689,25.068,27.917,27.806,22.264,27.089,25.302,NA,15.154,18.149,7.174,10.825,17.918,30.325,26.282,31.315,26.798,24.095,34.56,25.913,16.767,22.187,23.457,2.188,NA,NA,11.325,34.312,NA,NA,23.927,45.921,28.094,27.542,25.808,20.846,19.873,13.421,13.514,-7.194,-4.997,0.395,22.296,26.681,18.049,21.253,25.541,16.357,26.605,28.545,27.353,20.302,4.794,17.409
"1988-08",4.392,5.184,4.868,15.649,28.491,23.537,25.717,28.143,27.899,21.808,27.484,24.959,NA,14.766,18.611,7.205,11.458,19.242,29.556,26.48,30.461,26.169,23.295,32.777,25.505,16.155,22.098,23.306,1.031,NA,NA,12.548,33.863,NA,NA,24.864,43.778,27.536,27.251,25.466,19.839,19.244,12.502,12.984,-8.18,-6.002,-0.42,23.129,26.284,17.697,22.246,24.924,15.925,25.847,27.815,26.853,19.631,4.53,17.299
"1988-09",2.171,1.809,1.547,16.211,28.632,22.473,26.381,28.061,27.939,21.859,27.299,24.968,NA,14.55,18.625,8.081,9.297,16.722,24.888,24.57,30.475,26.038,23.893,34.455,25.855,16.416,22.706,23.744,-1.895,NA,NA,10.985,30.667,NA,NA,24.193,42.039,27.768,27.247,26.403,20.103,20.44,12.62,13.141,-7.181,-5.533,-6.03,23.355,26.045,17.74,22.191,25.034,15.701,25.962,27.998,26.876,19.606,4.426,17.131
"1988-10",-2.818,-2.89,-5.17,15.177,26.41,19.825,24.42,27.628,27.585,21.85,27.253,25.649,NA,14.483,19.227,8.65,7.062,13.557,15.093,20.208,28.612,26.373,25.148,31.119,26.742,16.613,23.809,24.639,-6.622,NA,NA,5.541,24.21,NA,NA,20.569,36.553,28.182,27.396,27.424,20.981,21.793,13.336,13.91,-6.081,-3.578,-11.691,22.489,25.8,17.988,21.19,25.537,15.999,26.768,28.182,27.079,20.217,4.884,16.816
"1988-11",-8.561,-12.058,-12.224,14.05,24.431,16.722,22.914,27.4,26.845,22.603,27.073,26.332,NA,15.603,20.568,10.22,3.66,10.771,11.093,17.445,25.864,27.163,25.86,29.387,27.687,17.472,24.223,25.373,-16.052,NA,NA,0.769,19.68,NA,NA,16.508,29.505,27.64,27.204,27.89,21.787,23.082,14.357,14.689,-2.557,-0.866,-21.181,21.278,25.693,18.655,19.506,25.904,16.9,26.915,27.194,27.336,20.913,5.499,16.443
"1988-12",-9.557,-12.538,-16.376,12.333,20.719,13.003,21.007,26.352,25.57,23.568,26.104,26.461,NA,17.247,22.532,11.506,2.517,9.111,0.671,14.237,22.736,27.854,26.611,27.326,27.763,18.455,24.687,25.921,-19.211,NA,NA,-4.189,12.103,NA,NA,12.523,22.816,25.914,27.009,27.773,22.503,24.588,15.455,15.959,0.613,1.583,-21.381,19.924,25.813,19.833,18.018,26.201,18.313,26.173,26.333,27.114,21.903,6.515,16.475
"1989-01",-14.708,-17.655,-24.21,10.45,19.475,13.309,19.95,26.179,25.121,24.615,25.594,26.547,NA,18.318,23.641,12.035,2.24,7.806,-2.829,12.107,21.141,27.917,26.961,26.527,27.182,20.056,25.699,26.343,-26.935,NA,NA,-5.822,9.27,NA,NA,12.152,21.047,24.977,26.754,28.229,23.86,25.705,16.756,17.382,3.017,3.617,-28.618,19.063,26.179,20.924,17.124,26.296,19.376,25.287,25.732,26.902,23.021,7.762,16.554
"1989-02",-13.222,-18.231,-22.214,10.359,20.206,12.093,20.497,26.172,24.651,25.531,25.878,26.744,NA,19.36,23.768,13.131,0.741,8.348,-0.465,13.316,22.495,27.968,27.567,27.445,27.801,20.338,25.945,26.697,-26.89,NA,NA,-6.2,10.78,NA,NA,12.105,24.408,25.366,26.594,27.416,24.295,25.422,17.222,17.68,3.289,3.83,-30.657,18.46,26.506,21.66,16.692,26.82,20.286,25.391,26.133,27.296,23.527,8.367,16.764
"1989-03",-12.732,-15.456,-19.209,10.336,20.29,11.669,20.277,26.677,24.69,25.608,26.312,26.347,NA,19.175,22.531,12.152,1.148,7.66,4.385,12.47,25.671,27.408,27.822,28.364,27.633,20.114,25.405,26.605,-18.701,NA,NA,-2.421,14.272,NA,NA,13.458,31.244,26.792,27.079,27.696,24.19,24.621,17.355,17.927,1.091,2.118,-23.77,18.757,26.574,21.574,16.38,27.059,20.311,26.31,27.704,27.744,23.639,7.952,17.001
"1989-04",-9.508,-11.548,-16.139,11.084,22.294,14.734,21.54,27.471,25.403,24.972,26.563,26.515,NA,18.333,21.13,10.429,2.693,9.379,12.504,14.753,26.972,27.319,27.725,31.234,27.463,19.508,24.71,26.378,-16.304,NA,NA,-1.193,18.909,NA,NA,16.401,34.701,28.402,27.663,27.949,24.087,23.869,16.769,17.416,-2.071,1.24,-17.536,19.279,26.758,20.951,16.944,27.097,19.241,27.715,29.025,28.245,23.103,7.075,17.081
"1989-05",-3.04,-3.274,-7.054,12.031,24.586,17.541,23.119,27.71,26.174,23.588,26.792,26.117,NA,17.541,19.909,9.82,6.082,12.861,19.947,18.166,28.969,27.245,27.548,33.999,27.592,18.496,23.887,25.649,-7.391,NA,NA,3.523,26.687,NA,NA,19.64,41.707,29.924,27.901,26.989,23.609,21.821,16.036,15.676,-4.358,-1.36,-10.951,20.03,26.826,19.902,18.06,26.963,18.166,28.455,29.516,27.977,22.134,6.098,17.242
"1989-06",2.598,3.889,1.731,13.419,26.952,20.826,24.19,27.771,26.934,22.817,26.913,25.911,NA,16.201,18.231,8.109,8.235,15.314,27.738,21.961,30.138,26.811,26.404,35.9,26.652,17.612,22.653,24.293,0.298,NA,NA,8.44,31.438,NA,NA,21.341,44.095,28.939,27.728,26.371,21.997,20.572,14.639,14.554,-6.424,-0.936,-0.472,21.16,26.519,18.771,19.529,26.354,17.079,27.325,28.854,27.445,20.969,5.265,17.338
"1989-07",4.552,6.422,4.812,14.681,28.059,23.298,24.959,27.663,27.334,22.371,26.791,25.54,NA,15.523,18.48,7.318,11.122,18.054,31.287,25.794,30.357,26.66,25.171,33.229,25.702,16.989,22.018,23.503,1.769,NA,NA,11.723,33.34,NA,NA,24.01,44.519,27.809,27.386,25.892,21.033,19.544,13.581,13.432,-7.917,-3.803,0.402,22.287,26.187,18.112,20.987,25.638,16.337,26.192,28.073,26.942,20.108,4.638,17.319
"1989-08",4.844,6.102,5.233,16.405,28.247,24.144,25.699,27.688,27.667,21.613,27.022,25.101,NA,14.731,17.848,7.273,12.047,18.596,28.886,25.8,29.934,26.328,23.648,33.174,25.113,16.056,22.066,23.41,1.469,NA,NA,13.243,33.241,NA,NA,25.236,43.533,27.312,27.352,25.727,20.72,18.918,12.909,13.189,-9.571,-3.757,-0.601,23.21,25.648,17.771,21.953,25.204,15.611,25.597,27.762,26.488,19.653,4.531,17.261
"1989-09",3.029,1.225,2.014,16.771,28.372,23.021,25.251,27.028,27.41,21.584,27.127,25.232,NA,14.69,18.716,8.179,10.372,17.162,21.671,23.405,30.9,26.216,24.386,34.501,25.282,16.201,22.572,23.571,-1.377,NA,NA,11.553,27.884,NA,NA,24.703,41.285,27.371,27.532,26.853,20.516,20.349,13.092,13.668,-8.106,-2.545,-4.444,23.253,25.486,17.771,22.063,25.318,15.632,25.643,27.711,26.561,19.647,4.41,17.102
"1989-10",-2.518,-4.16,-4.833,15.218,27.162,19.953,24.167,27.105,27.185,21.754,27.023,25.658,NA,14.657,18.596,8.918,6.868,14.01,13.065,20.438,28.912,26.455,25.323,31.566,26.177,16.66,23.23,24.447,-6.083,NA,NA,6.949,22.325,NA,NA,21.014,36.384,28.126,27.62,27.832,20.429,21.897,13.398,14.125,-6.15,-1.627,-12.178,22.429,25.169,18.098,21.014,25.802,15.89,26.072,27.57,26.618,20.079,4.762,16.716
"1989-11",-7.649,-11.764,-8.629,13.634,24.156,17.172,22.72,26.584,26.595,22.637,26.957,26.067,NA,15.939,20.485,10.428,3.913,11.342,7.886,17.55,24.834,27.273,26.066,28.369,27.333,17.686,23.55,24.671,-17.135,NA,NA,1.12,16.405,NA,NA,16.46,27.589,27.508,27.19,27.837,21.242,23.193,13.834,15.064,-2.315,-0.192,-22.85,21.126,25.314,18.895,19.482,26.088,17.041,26.6,27.094,26.841,20.698,5.447,16.353
"1989-12",-12.342,-16.963,-18.651,12.989,19.825,12.048,20.993,26.102,25.529,23.848,26.128,26.087,NA,17.458,21.829,11.567,2.908,9.623,2.347,15.693,23.148,27.622,26.591,26.73,26.778,19.143,24.357,25.338,-20.375,NA,NA,-2.148,13.166,NA,NA,12.492,23.537,25.829,26.509,27.603,21.956,24.493,14.996,17.09,0.71,2.196,-26.154,19.914,25.695,19.894,18.051,26.182,18.249,25.873,26.002,26.642,21.772,6.557,16.358
"1990-01",-12.086,-18.498,-21.972,11.171,19.257,11.205,19.589,26.137,25.224,24.501,25.909,25.776,NA,18.939,23.459,13.175,1.675,7.913,0.256,12.594,21.32,27.718,26.958,26.538,27.006,20.749,25.195,26.025,-23.962,NA,NA,-5.298,11.552,NA,NA,11.52,22.219,25.158,26.29,28.166,23.613,25.103,16.593,17.75,2.936,4.22,-26.335,18.909,25.95,20.966,17.256,26.386,19.595,25.296,25.283,26.671,23.013,7.788,16.622
"1990-02",-13.523,-20.596,-21.093,10.634,20.362,10.933,20.271,26.266,24.882,25.708,25.77,26.244,NA,19.794,23.301,13.707,1.93,8.244,2.653,11.945,22.407,27.919,27.494,27.517,27.448,21.255,25.461,26.227,-23.992,NA,NA,-3.67,12.176,NA,NA,11.233,24.567,25.518,26.137,27.492,24.29,25.049,17.568,18.495,3.233,4.461,-28.303,18.398,26.353,21.488,16.763,26.82,20.272,25.395,25.596,26.986,23.607,8.345,16.824
"1990-03",-12.436,-18.852,-19.522,10.363,20.879,12.907,20.694,26.853,25.273,25.88,25.916,26.159,NA,19.763,23.113,13.03,2.421,8.468,8.034,12.992,24.243,27.109,27.759,29.542,27.601,21.32,25.736,26.592,-18.41,NA,NA,-3.586,14.625,NA,NA,13.103,28.092,26.478,26.479,27.458,24.382,24.913,17.344,18.539,0.949,3.135,-25.982,18.559,26.451,21.517,16.854,26.975,20.332,26.42,27.004,27.356,23.694,8.039,17.021
"1990-04",-9.361,-11.509,-13.962,10.313,22.906,14.606,21.358,27.694,25.978,25.129,26.816,26.622,NA,18.45,21.835,11.169,3.012,10.541,12.931,14.87,26.654,27.078,28.477,30.514,27.861,20.27,25.074,26.524,-15.763,NA,NA,-0.138,20.191,NA,NA,15.797,34.895,27.96,27.152,27.966,24.418,22.863,16.787,17.049,-2.142,1.436,-20.431,18.998,26.802,20.9,17.355,27.423,19.793,27.624,28.427,27.908,23.152,7.154,17.081
"1990-05",-2.898,-3.557,-5.577,11.496,24.503,16.798,21.798,27.487,26.8,23.976,27.536,26.499,NA,16.971,20.551,9.456,5.17,13.8,19.638,18.245,28.309,26.68,28.069,31.993,27.062,19.568,23.776,25.073,-7.775,NA,NA,3.863,25.584,NA,NA,19.63,39.391,28.876,27.812,27.395,23.197,21.59,15.998,15.776,-4.806,0.028,-11.037,19.797,26.857,19.889,18.32,27.144,18.684,28.442,29.353,27.974,21.989,6.123,17.253
"1990-06",2.846,3.998,2.011,13.399,27.414,20.214,23.822,27.946,27.204,22.823,27.02,25.991,NA,15.739,18.301,8.22,7.822,16.307,26.672,22.853,30.306,27.153,27.495,35.664,26.408,18.218,22.666,24.117,0.704,NA,NA,8.343,31.563,NA,NA,21.733,44.437,29.084,27.815,26.368,21.559,19.894,14.523,14.686,-6.301,-0.571,-0.333,21.01,26.704,18.896,19.782,26.755,17.47,27.189,28.822,27.375,20.792,5.262,17.41
"1990-07",4.625,5.429,4.971,14.221,28.23,22.798,24.494,27.478,27.673,22.124,27.105,25.362,NA,14.968,17.791,7.974,10.943,19.63,32.152,25.808,30.924,26.976,26.496,35.951,25.889,17.584,22.378,23.399,1.756,NA,NA,12.583,35.273,NA,NA,24.146,45.352,27.878,27.488,25.86,20.957,19.285,13.914,13.737,-7.31,-2.826,0.334,22.152,26.46,18.073,21.245,26.129,16.415,26.462,27.954,26.905,20.014,4.802,17.437
"1990-08",5.308,5.834,5.534,15.278,29.452,23.919,25.539,27.895,28.081,21.938,27.624,25.335,NA,14.181,16.663,6.906,10.748,19.984,30.324,27.075,29.7,26.659,24.688,34.952,25.582,16.802,22.477,23.48,1.209,NA,NA,13.895,34.801,NA,NA,25.628,43.692,27.515,27.432,26.048,20.259,20.102,13.073,13.614,-7.408,-2.335,-0.291,23.078,26.136,17.798,22.171,25.751,15.58,26.123,27.398,26.637,19.591,4.429,17.385
"1990-09",2.363,1.311,2.483,15.766,28.817,23.187,25.383,27.703,27.864,21.832,27.491,25.414,NA,14.175,18.171,7.747,10.617,18.196,24.23,24.134,30.544,26.572,24.932,34.843,25.56,16.551,22.862,23.76,-0.541,NA,NA,11.008,30.787,NA,NA,24.7,41.963,27.787,27.542,26.819,20.806,20.33,13.037,13.502,-8.324,-1.579,-5.44,23.067,25.904,17.774,22.31,25.693,15.4,26.119,27.604,26.554,19.633,4.588,17.203
"1990-10",-2.269,-5.011,-2.509,14.526,26.397,20.231,24.273,27.422,27.325,22.23,27.331,26.18,NA,14.735,18.768,9.082,8.006,15.861,13.68,20.61,28.768,26.717,26.108,31.945,26.298,17.142,23.987,24.716,-7.17,NA,NA,7.617,23.06,NA,NA,21.58,36.314,28.353,27.591,27.405,21.041,21.508,13.898,14.178,-5.452,-2.607,-12.429,22.345,25.774,18.096,21.135,26.288,15.854,26.582,27.984,26.799,20.248,4.789,16.868
"1990-11",-6.897,-9.149,-8.275,12.856,23.809,15.826,22.569,26.868,26.746,22.804,26.98,26.457,NA,15.907,20.237,10.344,5.258,12.223,6.502,17.126,24.734,27.361,26.486,28.954,26.956,17.497,23.776,25.503,-16.086,NA,NA,0.977,16.181,NA,NA,17.158,27.675,28.007,27.422,27.724,21.746,22.565,14.281,15.156,-2.425,-0.035,-18.866,21.065,25.885,18.951,19.634,26.366,16.74,27.067,27.618,27.104,20.881,5.528,16.544
"1990-12",-8.8,-17.005,-11.198,11.521,19.853,12.252,20.511,26.177,25.7,23.463,26.331,26.499,NA,17.37,21.815,12.093,1.95,9.577,4.62,15.439,22.576,27.791,26.769,27.466,27.133,18.787,24.457,26.16,-21.749,NA,NA,-0.294,14.474,NA,NA,13.062,23.997,26.463,26.896,28.077,22.83,24.134,15.542,16.493,0.658,2.069,-24.812,19.789,25.985,20.17,18.213,26.517,18.094,26.304,26.409,27.145,21.946,6.466,16.496
"1991-01",-9.725,-17.419,-16.817,10.07,19.514,12.765,20.437,25.769,25.079,24.299,25.989,26.124,NA,18.502,23.168,13.197,2.72,7.08,-2.525,12.814,21.822,27.701,27.41,26.737,26.998,20.336,25.722,26.785,-20.634,NA,NA,-3.34,11.399,NA,NA,10.966,22.999,25.273,26.051,27.722,23.85,25.091,16.71,17.432,2.798,3.947,-21.422,18.748,26.143,21.154,17.437,26.621,19.497,25.725,25.146,26.82,22.93,7.639,16.779
"1991-02",-11.396,-17.312,-20.349,9.878,19.911,11.178,20.633,26.321,25.167,25.083,25.889,26.357,NA,19.112,23.479,13.137,1.48,6.601,-2.017,13.173,23.36,27.763,27.946,27.273,27.771,21.158,26.096,26.984,-25.148,NA,NA,-4.123,12.318,NA,NA,11.486,26.366,25.966,25.746,27.086,24.255,24.731,17.528,18.213,3.068,4.038,-26.871,18.526,26.304,21.607,17.015,26.988,20.367,25.944,25.541,27.205,23.392,8.142,16.845
"1991-03",-12.397,-17.768,-21.739,10.132,19.676,11.996,20.509,26.849,25.175,25.609,26.246,26.389,NA,19.038,22.414,12.404,1.15,8.095,3.43,14.113,25.513,28.148,28.208,27.748,27.8,20.365,25.604,26.962,-27.093,NA,NA,-3.282,14.867,NA,NA,14.279,30.637,26.467,26.506,27.348,24.349,24.866,17.551,18.429,1.044,2.567,-27.265,18.681,26.653,21.492,16.753,27.331,20.295,26.582,26.845,27.71,23.706,7.869,16.887
"1991-04",-7.667,-12.353,-10.936,9.968,22.002,14.387,21.327,27.487,25.783,24.39,26.708,26.441,NA,17.831,21.256,10.515,2.781,10.582,11.762,15.362,27.023,27.551,28.206,30.414,27.108,19.239,24.942,26.8,-19.296,NA,NA,-1.542,19.262,NA,NA,16.841,33.844,28.123,27.276,27.39,24.196,23.334,16.492,17.122,-0.844,0.668,-21.473,19.124,26.875,20.945,17.312,27.24,19.577,27.831,28.553,28.148,23.178,7.066,17.045
"1991-05",-3.494,-4.141,-5.401,11.303,24.471,17.485,22.555,27.883,26.727,23.365,27.071,25.937,NA,16.776,20.202,9.108,6.332,13.036,20.735,18.413,28.42,27.171,27.277,34.79,27.153,18.404,23.796,25.613,-7.769,NA,NA,3.184,26.175,NA,NA,19.419,39.852,29.462,27.683,27.17,23.422,21.48,15.64,15.784,-3.98,-0.907,-11.667,19.887,26.874,19.902,18.167,26.95,18.417,28.624,29.04,28.188,22.031,6.144,17.196
"1991-06",2.131,2.257,1.638,13.509,26.901,20.737,23.738,27.555,27.15,22.43,27.048,25.711,NA,15.894,18.75,7.657,8.567,16.644,26.579,22.575,29.162,26.958,25.983,35.316,26.611,17.421,22.391,24.294,-0.57,NA,NA,8.03,31.422,NA,NA,21.324,44.009,30.303,27.668,26.372,21.84,20.466,13.945,14.617,-5.056,-2.529,-2.344,21.118,26.729,18.931,19.649,26.345,17.392,28.155,29.354,27.667,20.859,5.16,17.332
"1991-07",4.462,6.135,6.257,14.756,28.344,23.212,25.127,27.817,27.695,22.086,26.886,25.303,NA,15.303,18.006,7.928,11.779,18.778,31.622,26.016,30.493,26.739,25.005,32.799,25.964,17.08,22.206,23.524,2.061,NA,NA,12.095,34.151,NA,NA,23.556,45.082,28.165,27.345,26.003,21.001,19.436,13.197,13.438,-7.885,-2.478,0.245,22.272,26.429,18.109,21.194,25.58,16.397,26.73,28.065,27.019,20.035,4.893,17.397
"1991-08",4.734,5.473,5.939,15.624,28.533,23.947,25.532,27.649,27.671,21.584,27.196,24.867,NA,14.409,17.528,7.481,11.718,19.566,28.06,27.272,30.313,26.292,23.854,33.565,25.491,16.429,22.116,23.287,1.19,NA,NA,13.658,33.067,NA,NA,24.938,43.704,27.721,27.303,25.971,20.844,19.642,13.122,13.507,-7.281,-4.756,-0.636,23.092,25.963,17.768,22.082,25.045,15.611,26.02,28.016,26.777,19.55,4.64,17.33
"1991-09",1.295,0.88,2.29,16.124,27.953,22.576,25.308,27.226,27.38,21.388,27.195,24.757,NA,14.271,18.033,7.704,10.912,17.601,21.1,24.415,30.313,26.166,24.113,35.162,25.639,16.398,22.653,23.565,-0.773,NA,NA,11.223,28.821,NA,NA,24.498,41.437,27.506,27.389,26.403,20.398,20.396,12.827,13.914,-7.829,-4.278,-4.417,23.193,25.685,17.684,22.022,24.958,15.534,26.01,27.905,26.816,19.425,4.489,17.08
"1991-10",-3.715,-4.785,-5.081,15.766,26.148,19.886,24.591,27.052,27.081,21.706,26.969,25.476,NA,14.687,18.804,8.919,7.774,14.195,13.818,20.559,28.29,26.158,25.344,31.084,26.297,16.948,23.697,24.548,-10.395,NA,NA,4.335,23.35,NA,NA,20.803,35.846,27.597,27.168,27.174,20.536,22.068,13.025,14.531,-6.267,-2.287,-15.14,22.408,25.575,17.998,20.962,25.455,15.924,26.195,27.544,26.776,19.972,4.824,16.642
"1991-11",-6.579,-9.309,-7.878,12.881,24.599,16.828,22.607,26.69,26.698,22.464,26.298,26.042,NA,15.725,20.118,10.333,2.992,10.921,10.865,16.375,24.998,26.9,25.973,27.817,27.101,17.919,24.01,25.067,-18.244,NA,NA,-0.423,18.874,NA,NA,16.374,28.594,27.005,26.877,27.946,21.282,23.71,13.838,15.638,-2.067,-0.109,-22.434,21.105,25.588,18.72,19.664,25.78,16.844,26.48,26.519,26.891,20.655,5.502,16.325
"1991-12",-8.695,-14.813,-14.062,11.409,21.972,13.968,21.112,26.384,25.89,23.078,25.618,26.119,NA,17.232,22.102,11.418,1.45,7.541,4.823,13.45,21.421,26.923,26.539,25.874,27.197,19.108,24.914,25.924,-19.603,NA,NA,-3.113,13.719,NA,NA,12.397,21.992,25.33,26.333,27.558,22.015,24.928,15.012,16.316,0.732,1.924,-20.774,19.871,25.763,19.845,18.129,25.916,18.06,25.504,25.416,26.561,21.787,6.65,16.4
"1992-01",-8.824,-14.279,-17.411,11.69,19.129,11.832,20.404,25.421,24.632,23.94,25.518,26.213,NA,18.266,23.554,12.508,1.187,5.82,0.683,13.04,21.668,27.205,27.149,25.564,27.07,20.352,25.569,26.405,-24.467,NA,NA,-5.94,11.397,NA,NA,10.745,22.13,24.449,25.578,27.179,22.693,24.958,16.439,17.964,3.066,3.807,-24.876,18.726,25.974,20.789,17.152,26.242,19.294,24.915,24.661,26.448,22.949,7.923,16.545
"1992-02",-12.198,-16.863,-19.842,10.989,19.462,11.76,20.527,25.183,24.336,25.364,25.841,26.134,NA,19.396,23.194,13.401,1.153,7.149,1.385,12.228,22.386,27.577,27.599,26.641,26.824,21.269,25.543,26.36,-22.864,NA,NA,-2.498,12.431,NA,NA,10.886,24.953,25.074,25.399,26.872,24.097,24.811,17.237,18.629,2.901,4.087,-25.443,18.246,26.216,21.464,16.674,26.699,19.977,25.022,25.083,26.692,23.585,8.493,16.758
"1992-03",-14.31,-17.401,-20.311,11.082,20.122,12.237,20.291,26.061,24.643,25.395,25.917,26.32,NA,19.166,22.349,12.863,2.187,8.619,5.063,13.569,24.145,27.562,28.176,27.493,27.422,20.703,25.134,26.374,-20.234,NA,NA,-3.002,15.054,NA,NA,13.065,28.411,26.095,25.798,26.784,24.958,24.442,16.8,18.337,0.904,2.703,-26.766,18.287,26.39,21.436,16.574,26.962,20.029,25.787,26.047,27.219,23.707,8.126,16.793
"1992-04",-10.367,-10.562,-17.804,11.501,21.718,14.33,21.189,26.984,25.313,24.639,26.344,26.018,NA,18.498,21.208,11.338,2.528,9.655,14.294,15.652,26.94,27.266,28.086,28.711,26.935,19.966,24.749,26.148,-17.055,NA,NA,-0.906,21.83,NA,NA,16.134,35.222,27.521,26.897,26.983,24.423,23.352,16.183,17.243,-2.512,1.224,-21.571,18.968,26.806,20.822,16.986,26.914,19.328,27.111,27.916,27.947,23.316,7.168,16.9
"1992-05",-4.446,-2.467,-6.803,12.368,24.344,17.046,22.398,27.69,26.126,24.078,26.424,25.699,NA,17.525,19.505,9.385,5.406,12.831,19.838,17.736,27.421,26.332,27.112,31.183,26.972,18.327,23.452,25.271,-8.343,NA,NA,3.405,25.185,NA,NA,19.131,37.14,28.787,27.263,26.533,23.88,21.494,14.942,15.429,-4.713,-1.176,-12.71,19.84,26.88,19.708,17.923,26.529,18.256,28.12,29.062,27.781,22.28,6.227,17.05
"1992-06",2.034,3.44,1.091,13.704,26.572,20.756,24.003,27.761,26.793,22.823,26.412,25.553,NA,16.168,18.399,7.764,8.202,15.979,25.617,22.423,30.055,26.738,25.984,33.999,26.071,17.384,21.934,23.857,-0.371,NA,NA,7.459,29.326,NA,NA,22.198,43.317,28.568,27.485,25.986,22.646,19.987,14.18,14.298,-7.016,-2.795,-1.804,20.915,26.77,18.728,19.468,26.068,16.986,27.06,28.558,27.13,20.888,5.178,17.201
"1992-07",4.774,6.227,5.033,14.989,27.512,22.66,24.689,27.407,27.27,22.517,26.348,24.972,NA,15.79,18.171,7.584,10.446,17.911,30.114,25.581,30.533,26.382,24.1,33.042,25.545,16.694,21.741,23.298,1.924,NA,NA,10.435,33.353,NA,NA,23.392,44.462,27.607,27.156,25.273,20.851,19.273,13.409,13.008,-8.35,-2.714,0.132,22.037,26.572,18.057,20.943,25.204,16.238,26.082,27.96,26.723,19.918,4.679,17.223
"1992-08",4.638,6.057,5.219,16.193,27.671,23.445,25.319,27.461,27.241,22.563,26.761,24.689,NA,15.336,18.126,6.595,11.892,19.008,27.851,25.64,30.481,26.029,22.964,34.007,25.301,16.424,22.021,23.004,0.693,NA,NA,12.822,32.544,NA,NA,23.95,43.818,27.084,26.783,25.121,20.48,19.489,13.257,13.029,-7.733,-4.288,-0.743,22.872,26.443,17.459,21.957,24.683,15.666,25.552,27.315,26.427,19.52,4.433,17.186
"1992-09",1.818,3.132,1.833,16.741,28.061,22.354,25.597,27.325,27.157,22.674,26.935,24.965,NA,14.693,18.176,7.462,9.88,17.757,23.672,23.721,29.669,25.806,23.432,34.547,25.466,16.539,22.855,23.258,-1.5,NA,NA,10.695,29.851,NA,NA,23.523,41.05,27.425,27.013,25.814,20.374,19.982,12.818,12.917,-7.391,-3.691,-6.216,23.157,26.422,17.626,21.87,24.692,15.361,25.611,27.438,26.406,19.426,4.561,17.021
"1992-10",-2.679,-2.959,-3.739,15.385,26.756,19.775,24.678,27.617,26.993,22.354,26.918,25.205,NA,14.744,19.172,8.366,6.368,14.367,14.121,20.226,28.165,26.134,24.638,31.733,26.374,16.684,22.976,24.021,-7.351,NA,NA,6.546,23.437,NA,NA,20.424,36.145,27.956,27.125,26.774,20.474,21.527,13.136,13.426,-6.215,-3.881,-13.53,22.61,26.352,18.003,20.619,25.402,15.878,26.068,27.649,26.688,19.777,4.824,16.646
"1992-11",-7.116,-9.413,-9.386,14.901,23.216,15.721,22.905,27.19,26.454,22.999,26.619,25.89,NA,15.65,20.498,9.789,2.79,11.081,7.734,16.758,24.157,26.905,25.597,28.787,27.209,17.686,23.779,24.462,-15.548,NA,NA,0.054,15.892,NA,NA,15.98,26.977,27.249,26.765,27.253,20.533,23.285,13.969,14.721,-2.383,-1.205,-20.585,21.23,26.372,18.754,19.273,25.762,16.644,26.691,27.201,26.851,20.523,5.493,16.343
"1992-12",-10.655,-12.731,-15.494,13.172,20.915,12.557,21.469,26.955,25.823,23.996,26.06,26.077,NA,17.221,22.396,11.531,2.147,9.036,3.755,14.416,21.926,27.408,26.524,26.914,26.723,19.137,24.457,25.273,-21.238,NA,NA,-3.751,12.552,NA,NA,11.724,22.354,25.5,26.406,27.551,21.48,24.24,14.911,15.975,0.271,1.323,-25.869,19.986,26.423,19.884,17.962,26.038,18.032,25.772,25.863,26.666,21.551,6.526,16.304
"1993-01",-11.539,-15.562,-19.516,11.37,21.312,12.092,21.014,26.519,25.226,25.06,25.53,25.723,NA,18.241,23.186,12.08,1.442,7.674,-0.918,11.686,20.149,27.707,27.052,26.296,26.992,20.284,25.075,25.834,-21.634,NA,NA,-5.317,9.527,NA,NA,10.785,19.352,24.488,26.051,26.986,21.964,24.883,16.441,17.546,2.28,3.541,-24.803,18.896,26.494,20.837,17.103,26.287,19.091,24.842,25.254,26.77,22.646,7.698,16.534
"1993-02",-11.076,-15.006,-17.791,11.98,19.879,11.287,20.351,26.369,24.654,25.669,25.819,26.145,NA,19.076,23.933,12.569,0.921,6.311,-3.475,11.059,22.477,27.83,27.741,28.084,27.338,20.968,25.305,26.061,-21.63,NA,NA,-6.606,8.574,NA,NA,10.876,24.001,25.209,26.249,26.84,22.682,25.719,17.251,18.238,2.708,3.86,-26.644,18.335,26.705,21.394,16.754,26.722,19.89,25.196,25.755,27.116,23.478,8.254,16.758
"1993-03",-10.376,-14.384,-17.072,12.389,20.26,11.639,20.546,26.69,25.007,25.841,26.562,26.413,NA,18.914,23.591,11.613,0.746,6.958,0.347,12.26,25.092,27.536,27.982,29.892,27.934,20.915,25.243,26.158,-20.373,NA,NA,-4.619,11.608,NA,NA,11.705,29.895,26.367,26.747,27.1,23.762,24.433,17.455,17.926,0.977,2.192,-26.695,18.417,26.988,21.327,16.695,27.004,20.059,26.098,27.003,27.673,23.592,7.927,16.869
"1993-04",-8.789,-7.761,-15.116,12.642,21.844,14.058,21.732,27.465,25.602,25.244,26.72,26.324,NA,17.996,21.841,10.499,2.485,9.725,8.137,14.568,26.989,27.586,28.243,30.863,27.953,20.605,24.643,25.772,-16.05,NA,NA,-2.009,17.927,NA,NA,15.07,34.652,27.839,27.222,27.633,23.666,23.476,16.43,16.537,-0.9,0.112,-19.413,18.988,27.235,20.712,17.186,27.076,19.385,27.378,28.579,28.24,23.127,7.193,17.02
"1993-05",-1.86,-1.524,-5.165,13.162,23.645,17.176,22.662,27.926,26.408,24.241,26.861,26.094,NA,17.253,19.961,8.252,4.706,12.614,17.988,17.856,28.705,26.975,26.867,32.771,27.223,18.548,23.418,25.201,-5.992,NA,NA,2.737,24.503,NA,NA,18.074,39.733,29.147,27.571,26.932,23.053,21.926,15.416,15.425,-2.759,-2.124,-9.129,19.829,27.315,19.648,18.247,26.735,18.247,28.58,29.276,28.246,22.154,6.241,17.201
"1993-06",2.577,3.779,1.889,14.134,26.439,20.13,24.177,28.217,27.069,23.859,26.665,25.874,NA,15.936,18.243,6.832,7.644,15.815,26.701,22.113,29.209,26.926,25.606,34.27,26.919,17.52,22.055,23.942,0.221,NA,NA,7.789,30.818,NA,NA,20.993,43.487,29.44,27.79,26.201,21.49,20.348,13.684,14.245,-4.654,-3.792,-0.824,20.922,27.209,18.719,19.475,26.152,17.15,28.202,29.124,27.903,21.093,5.487,17.333
"1993-07",4.441,5.746,4.971,15.618,27.53,22.928,25.368,27.706,27.303,23.662,26.892,25.204,NA,15.474,17.316,6.338,11.18,19.215,30.608,25.302,30.91,26.706,24.556,34.69,26.144,16.785,21.793,23.409,2.041,NA,NA,10.65,33.65,NA,NA,23.443,45.051,28.384,27.568,25.334,20.53,19.437,13.095,12.77,-6.18,-5.495,0.234,22.135,27.219,17.983,20.943,25.348,16.187,26.781,28.352,27.224,20.239,4.845,17.351
"1993-08",4.292,5.735,5.312,17.081,28.254,24.1,26.443,28.338,27.684,23.842,27.179,24.805,NA,15.383,18.146,5.729,12.01,20.071,27.131,26.062,31.333,26.385,23.642,34.601,25.746,16.679,21.997,22.881,1.451,NA,NA,11.816,32.524,NA,NA,24.162,44.37,27.624,27.257,25.151,20.136,19.602,12.852,12.732,-8.133,-4.019,-1.465,23.078,27.191,17.469,21.981,24.93,15.687,26.141,27.946,26.881,19.665,4.563,17.327
"1993-09",0.925,2.018,0.744,17.664,28.076,22.614,26.358,28.368,27.632,23.426,27.272,25.126,NA,14.756,17.679,7.155,11.37,17.842,19.653,24.226,30.311,26.364,24.206,34.424,25.975,16.723,23.136,23.684,-1.297,NA,NA,9.871,28.423,NA,NA,23.318,41.539,28.115,27.216,25.898,20.225,20.294,13.08,12.944,-7.123,-3.331,-5.96,23.247,27.034,17.51,21.761,25.16,15.418,26.145,27.816,26.764,19.76,4.627,17.178
"1993-10",-4.783,-3.131,-5.099,16.421,27.006,20.198,24.917,27.913,27.432,23.464,27.429,25.849,NA,15.182,19.074,8.086,7.279,14.345,14.444,20.599,28.025,26.497,25.429,32.048,26.515,16.996,23.604,24.372,-6.631,NA,NA,5.048,22.974,NA,NA,20.65,35.677,28.031,27.358,26.833,20.594,22.195,13.697,14.313,-6.046,-2.141,-14.506,22.363,27.11,17.838,20.789,25.794,15.783,26.821,27.773,26.902,20.154,4.882,16.797
"1993-11",-9.34,-8.352,-9.796,14.18,23.458,16.399,22.385,27.814,26.873,24.114,27.083,26.408,NA,15.949,20.179,9.971,3.875,11.495,8.076,16.051,24.346,27.462,26.425,29.394,26.982,17.67,23.952,24.779,-15.065,NA,NA,-1.397,17.19,NA,NA,17.03,26.926,27.388,27.594,28.034,20.789,23.603,14.304,15.384,-2.411,-0.146,-20.284,21.204,27.354,18.78,19.448,26.305,16.646,27.02,27.438,27.055,20.672,5.492,16.558
"1993-12",-9.682,-13.608,-14.457,12.795,19.528,11.874,20.409,27.148,25.786,24.793,26.813,26.427,NA,17.667,21.427,11.489,1.874,9.237,2.414,13.916,22.63,27.963,27.13,27.962,27.531,18.83,24.738,25.779,-18.973,NA,NA,-3.455,12.63,NA,NA,12.422,22.601,26.175,26.846,27.654,21.384,24.821,15.478,16.825,0.956,1.794,-23.11,19.869,27.318,19.946,18.006,26.644,17.819,26.527,26.367,27.188,21.911,6.519,16.532
"1994-01",-12.525,-16.238,-18.063,12.18,18.196,10.934,19.362,26.637,25.018,25.69,26.454,26.671,NA,19.114,22.473,12.611,2.183,9.398,-1.698,12.261,21.618,28.373,28.053,27.836,27.987,20.314,25.47,26.59,-25.332,NA,NA,-7.142,9.113,NA,NA,11.723,20.615,24.914,26.706,27.515,22.251,25.776,16.345,17.303,3.365,3.625,-28.936,18.648,27.196,20.968,17.081,27.003,19.109,25.765,26.023,27.372,23.22,7.742,16.642
"1994-02",-12.158,-17.234,-21.856,11.276,18.698,11.569,19.091,26.591,24.936,26.424,26.605,27.324,NA,19.819,24.067,13.66,1.231,8.406,0.981,12.264,23.604,28.827,28.674,27.786,28.365,21.037,26.216,26.843,-25.332,NA,NA,-8.986,12.278,NA,NA,11.537,25.136,25.22,27.067,27.94,23.719,25.055,16.779,17.63,3.301,4.134,-26.222,18.224,27.36,21.532,16.592,27.79,20.084,25.663,26.263,27.641,24.018,8.332,16.944
"1994-03",-13.048,-14.831,-19.161,11.035,19.421,12.63,19.422,27.17,25.313,26.82,27.245,27.296,NA,19.328,22.564,12.197,1.665,9.63,6.995,13.542,24.853,28.771,29.084,28.916,28.608,20.487,25.704,26.745,-24.142,NA,NA,-6.434,15.696,NA,NA,14.052,28.924,26.733,27.528,28.431,23.965,24.849,16.74,17.883,1.824,2.314,-27.877,18.34,27.547,21.409,16.842,27.906,19.973,26.502,27.73,28.402,24.079,8.049,17.071
"1994-04",-7.427,-8.386,-11.286,11.503,20.685,13.805,20.246,27.765,26.012,26.086,28.091,27.639,NA,18.65,21.298,11.077,1.898,10.8,13.986,15.166,27.503,28.386,29.208,30.005,28.347,19.496,24.857,26.635,-15.615,NA,NA,-1.835,20.405,NA,NA,16.734,34.896,28.324,28.206,28.547,23.819,23.693,16.034,16.572,-0.823,0.886,-19.105,18.806,27.683,20.814,17.2,27.966,19.339,27.97,29.586,29,23.373,7.293,17.256
"1994-05",-0.814,-2.655,-4.392,12.812,23.51,17.884,21.714,28.452,27.316,25.142,27.994,27.197,NA,17.551,19.296,9.678,4.847,13.841,18.763,17.808,28.844,28.522,29.276,34.311,27.686,18.856,23.494,25.108,-6.843,NA,NA,2.578,24.864,NA,NA,19.723,39.744,29.566,28.483,27.977,22.565,21.413,14.685,15.633,-3.355,-0.695,-7.745,19.734,27.713,19.917,18.243,27.724,18.235,29.158,30.282,28.933,22.133,6.288,17.444
"1994-06",2.963,4.305,2.618,14.133,27.023,20.873,23.949,28.765,28.022,24.44,27.383,26.849,NA,16.681,17.958,8.607,7.589,16.689,26.794,22.751,31.253,27.785,27.196,35.932,27.105,17.618,22.825,24.327,0.29,NA,NA,7.899,31.894,NA,NA,21.144,45.237,29.79,28.131,26.478,21.375,20.078,13.997,14.227,-5.499,-1.951,-0.649,20.935,27.355,18.996,19.923,26.968,17.112,28.153,29.424,28.19,20.991,5.433,17.531
"1994-07",4.881,6.76,5.533,15.702,28.402,23.262,24.277,27.986,27.918,23.362,27.455,26.58,NA,15.835,17.895,8.34,10.682,19.161,29.702,26.033,30.778,26.946,24.301,35.2,26.381,16.512,22.135,23.568,1.878,NA,NA,11.512,34.216,NA,NA,23.698,45.313,28.616,27.403,26.371,20.494,20.277,13.298,14.016,-6.472,-3.295,0.244,22.043,26.592,18.181,21.242,26.054,16.198,27.23,28.478,27.525,20.239,4.791,17.445
"1994-08",5.293,5.871,6.048,16.573,28.079,23.748,25.222,27.875,27.914,22.787,27.264,25.885,NA,15.235,18.112,8.317,11.139,19.775,28.691,26.957,30.742,26.385,22.999,34.477,26.014,15.742,22.021,23.329,1.461,NA,NA,12.238,33.204,NA,NA,25.524,44.416,27.814,27.342,26.328,19.732,19.993,12.246,13.473,-7.161,-4.454,-0.685,22.89,26.012,17.783,22.1,25.312,15.704,26.511,27.71,26.93,19.488,4.591,17.334
"1994-09",2.82,2.677,2.182,16.745,27.765,22.812,25.285,27.718,27.953,22.548,27.768,25.611,NA,15.04,18.642,8.42,10.031,18.162,22.025,24.408,30.578,26.395,23.744,33.094,26.31,15.595,22.856,23.966,-0.9,NA,NA,10.635,29.537,NA,NA,24.423,42.316,27.916,27.41,26.893,19.814,20.623,12.949,13.288,-7.487,-2.757,-5.714,23.077,25.773,17.734,22.216,25.434,15.655,26.537,27.606,26.831,19.541,4.52,17.16
"1994-10",-1.433,-3.395,-1.636,15.527,25.815,19.458,24.131,27.059,27.392,22.817,27.727,25.996,NA,15.266,19.443,9.462,6.624,14.928,16.179,21.24,29.006,26.679,24.799,32.262,27.205,16.063,23.585,25.225,-8.126,NA,NA,4.405,25.011,NA,NA,21.388,36.586,28.431,27.376,27.248,20.045,21.502,13.424,13.973,-6.061,-2.088,-13.415,22.31,25.546,18.061,21.065,25.862,16.05,27.09,27.854,27.114,19.902,4.787,16.775
"1994-11",-6.716,-12.175,-8.45,14.372,23.126,15.854,22.97,26.609,26.722,23.351,27.007,26.391,NA,16.227,20.796,10.405,3.25,12.22,10.82,17.448,25.338,27.751,26.144,29.066,27.609,17.119,24.406,25.83,-17.712,NA,NA,0.694,19.515,NA,NA,16.054,28.866,27.451,27.112,27.5,20.637,23.462,13.969,15.298,-2.447,0.098,-21.642,21.092,25.354,18.811,19.509,26.213,16.892,27.07,27.186,27.137,20.632,5.573,16.395
"1994-12",-10.574,-12.655,-12.725,12.349,21.782,13.267,21.536,26.054,25.847,23.855,26.304,25.896,NA,17.521,22.55,11.805,1.435,10.223,3.777,14.518,22.645,28.112,26.547,27.604,27.457,18.024,24.797,26.482,-22.035,NA,NA,-4.569,14.108,NA,NA,13.675,23.224,25.957,27.056,27.582,21.839,24.452,15.21,16.627,0.923,2.511,-22.79,19.697,25.483,19.794,18.195,26.292,18.135,26.522,25.986,26.776,21.775,6.699,16.43
"1995-01",-10.992,-19.677,-16.543,11.176,19.144,11.469,20.064,25.565,24.941,24.63,26.188,25.882,NA,18.732,23.726,13.527,0.106,7.281,1.99,13.216,22.91,27.965,26.991,26.644,27.562,19.756,25.934,27.174,-26.434,NA,NA,-5.437,13.213,NA,NA,10.692,24.381,25.313,26.502,27.717,23.579,25.256,16.478,17.566,2.968,4.956,-28.124,18.686,25.554,20.864,17.263,26.454,19.487,25.697,25.248,26.648,23.11,8.086,16.584
"1995-02",-12.835,-21.952,-21.593,10.68,17.902,10.475,19.168,25.787,24.678,25.555,25.965,25.639,NA,19.167,24.257,13.598,0.18,7.156,3.351,11.651,24.166,27.775,27.685,27.384,27.576,20.604,25.688,26.662,-28.958,NA,NA,-5.603,13.069,NA,NA,10.726,27.004,25.668,26.345,28.009,24.826,25.47,17.724,18.205,3.383,5.319,-29.77,18.386,25.842,21.389,16.626,26.588,20.386,25.569,25.437,27.05,23.669,8.668,16.689
"1995-03",-13.998,-18.796,-19.579,10.027,19.594,12.417,19.585,26.29,24.811,25.588,26.293,25.731,NA,18.942,23.073,12.704,1.379,8.801,5.814,12.781,24.501,27.368,28.412,29.831,27.99,20.851,25.94,26.749,-23.252,NA,NA,-2.066,15.88,NA,NA,13.272,29.449,26.946,26.736,27.77,24.763,25.081,17.306,17.864,1.364,2.999,-27.495,18.512,26.12,21.411,16.56,26.923,20.594,26.59,26.714,27.685,23.563,8.34,16.868
"1995-04",-9.391,-13.74,-13.658,10.164,21.724,14.849,20.803,27.399,25.744,24.493,26.916,26.177,NA,17.957,21.67,10.894,4.005,10.602,9.961,14.339,27.55,27.617,28.145,31.786,28.104,19.802,24.922,26.465,-19.242,NA,NA,-2.27,19.235,NA,NA,15.811,35.338,28.633,27.074,27.542,24.255,23.282,16.673,16.904,-1.259,0.26,-21.323,18.964,26.221,20.75,17.255,27.263,19.909,27.939,28.696,28.079,23.073,7.315,16.977
"1995-05",-3.564,-4.401,-6.216,11.088,24.471,17.64,21.725,27.04,26.793,23.03,27.234,25.843,NA,16.754,19.536,9.334,5.651,13.864,18.747,18.178,28.585,27.327,28.273,34.421,27.21,18.956,24.217,25.217,-8.835,NA,NA,3.138,25.268,NA,NA,18.29,40.333,29.712,27.456,26.916,23.462,21.539,15.738,15.481,-4.527,-1.221,-12.313,19.669,26.156,19.765,18.529,26.895,18.546,28.862,29.676,27.867,21.906,6.468,17.108
"1995-06",2.566,4.336,2.397,12.983,26.883,20.502,23.557,27.328,27.321,21.978,26.746,25.53,NA,16.089,18.144,8.217,7.838,16.745,28.421,22.481,30.938,27.055,27.527,34.91,26.277,18.386,22.947,24.134,0.389,NA,NA,7.976,31.185,NA,NA,21.499,44.393,28.715,27.702,26.454,21.794,19.78,14.339,14.12,-6.653,-1.066,-0.774,20.872,25.97,18.933,19.865,26.418,17.331,27.341,28.392,27.064,20.651,5.502,17.298
"1995-07",4.431,5.429,5.43,14.519,27.939,23.162,24.446,27.048,27.496,21.597,26.891,25.207,NA,15.529,17.925,7.675,11.445,19.603,31.033,26.736,29.945,26.64,26.352,30.239,25.347,17.579,22.151,23.519,1.426,NA,NA,11.621,33.326,NA,NA,23.616,43.903,27.754,27.393,25.807,20.974,18.798,13.719,13.135,-6.659,-2.336,0.27,21.927,25.441,18.176,21.282,25.918,16.37,25.925,27.767,26.452,19.849,4.809,17.285
"1995-08",5.178,5.197,6.001,15.83,27.694,23.767,24.464,26.713,27.682,21.158,27.686,25.039,NA,15.001,18.072,7.836,12.478,20.033,31.41,26.661,30.674,26.483,24.697,33.094,25.23,16.963,22.215,23.102,0.834,NA,NA,13.46,34.669,NA,NA,24.821,43.58,27.637,27.359,26.147,20.299,19.79,13.221,13.312,-7.47,-3.636,-0.215,22.589,24.911,17.742,22.213,25.611,15.681,25.664,27.891,26.347,19.494,4.544,17.224
"1995-09",2.346,1.287,1.626,16.175,27.206,22.56,24.546,26.828,27.684,21.469,27.458,25.126,NA,14.978,18.343,7.635,10.574,18.076,21.665,24.037,29.801,26.114,24.618,33.783,25.463,16.781,22.688,23.255,-0.868,NA,NA,11.44,29.617,NA,NA,24.347,41.407,27.556,27.285,26.704,20.693,20.678,13.39,13.813,-7.316,-1.696,-5.173,22.874,24.701,17.602,22.109,25.538,15.37,25.729,28.005,26.542,19.491,4.49,17.021
"1995-10",-3.54,-7.609,-5.396,15.087,26.64,19.407,24.073,26.744,27.429,21.558,27.508,25.663,NA,14.881,19.23,9.211,7.095,14.411,14.797,20.615,28.569,26.523,25.73,33.008,25.68,16.628,23.402,24.27,-10.58,NA,NA,5.943,23.244,NA,NA,21.943,35.844,27.975,27.38,27.286,21.378,22.162,13.464,14.213,-6.172,-2.068,-16.051,22.208,24.736,18.114,20.95,25.969,15.86,25.875,27.883,26.66,19.838,4.847,16.561
"1995-11",-6.266,-8.954,-6.746,13.709,23.331,16.12,22.449,26.007,26.371,22.111,26.93,26.196,NA,15.88,20.631,10.746,3.15,12.476,9.04,17.131,25.214,27.665,26.892,28.67,26.595,17.588,24.263,25.209,-18.75,NA,NA,-1.629,17.869,NA,NA,16.404,28.183,26.825,26.841,27.76,22.079,23.151,13.814,14.699,-2.629,-0.203,-21.855,20.994,24.664,18.99,19.553,26.511,16.746,25.893,26.6,26.459,20.678,5.59,16.268
"1995-12",-8.154,-14.429,-9.469,12.066,20.69,14.045,20.667,25.578,25.381,23.367,26.014,25.707,NA,17.405,22.177,11.964,1.062,9.717,6.464,15.236,21.99,27.819,26.925,26.888,26.511,18.955,24.662,25.529,-22.708,NA,NA,-2.933,13.258,NA,NA,12.873,21.718,25.268,26.25,27.338,22.145,24.143,15.127,16.294,0.627,2.095,-21.695,19.708,24.951,19.846,17.951,26.392,18.181,25.589,25.653,26.44,21.686,6.647,16.326
"1996-01",-13.543,-18.463,-19.111,11.862,19.846,11.953,20.232,25.486,24.956,24.463,25.688,25.9,NA,18.863,22.999,13.161,1.142,8.544,1.567,12.826,20.893,27.771,27.297,26.341,26.405,20.499,25.32,25.814,-24.753,NA,NA,-5.672,10.393,NA,NA,10.253,20.831,24.557,26.042,27.606,23.689,25.271,16.42,17.455,3.008,4.295,-29.283,18.848,25.12,21.048,17.049,26.542,19.452,24.873,25.038,26.35,22.791,7.943,16.437
"1996-02",-13.067,-21.695,-19.145,10.979,19.838,10.957,19.975,25.543,24.662,25.487,25.774,25.797,NA,19.347,23.704,12.931,-0.611,7.144,3.86,12.911,21.601,27.801,27.838,26.799,26.808,21.394,25.518,25.708,-27.074,NA,NA,-5.964,12.134,NA,NA,10.015,23.659,24.924,25.765,27.678,24.226,24.894,17.322,18.099,3.502,4.385,-33.06,18.263,25.669,21.474,16.547,26.769,20.39,24.889,25.231,26.454,23.266,8.618,16.582
"1996-03",-12.938,-17.966,-19.715,10.438,19.336,11.258,20.012,26.222,24.716,26.082,25.837,25.733,NA,18.983,22.952,12.588,1.037,8.777,9.318,13.749,24.113,26.858,27.878,28.659,27.314,20.503,25.25,26.322,-19.91,NA,NA,-3.47,16.067,NA,NA,12.967,28.547,26.221,26.215,27.613,24.144,24.205,16.987,18.04,0.902,2.46,-24.808,18.474,25.998,21.573,16.451,26.751,20.335,25.861,26.533,27.212,23.33,8.268,16.837
"1996-04",-9.948,-13.585,-13.407,10.596,21.226,14.016,21.091,26.972,25.249,25.384,26.442,25.967,NA,17.872,21.251,10.988,2.948,10.295,13.967,14.613,27.225,26.817,28.269,31.153,27.301,19.444,24.552,26.175,-18.455,NA,NA,-2.189,20.259,NA,NA,15.946,35.881,27.902,26.98,27.623,24.809,22.84,16.757,17.368,-2.688,0.28,-21.924,19.047,26.295,20.975,16.936,26.971,19.577,27.35,28.536,27.658,22.896,7.268,16.898
"1996-05",-2.742,-4.587,-3.793,11.405,24.496,17.704,22.505,27.772,26.203,23.96,26.513,25.377,NA,17.029,18.931,9.471,5.393,13.468,21.262,18.057,27.841,25.71,27.343,33.096,26.562,18.715,23.22,25.064,-7.597,NA,NA,2.382,25.178,NA,NA,18.56,37.724,29.012,27.539,27.312,23.405,20.747,15.308,15.994,-5.193,-1.028,-11.254,19.999,26.419,19.871,18.077,26.465,18.156,28.085,29.081,27.575,21.844,6.347,17.094
"1996-06",2.253,3.357,2.433,13.388,26.798,20.834,23.617,27.075,26.551,22.633,26.123,25.186,NA,16.198,18.621,7.663,8.43,16.192,27.269,22.961,30.341,26.72,27.138,35.122,25.806,18.208,22.474,23.922,0.157,NA,NA,7.452,31.639,NA,NA,21.255,44.26,28.523,27.484,26.104,22.104,18.451,14.134,13.987,-7.042,-2.039,-1.11,20.988,26.16,18.987,19.611,26.178,17.138,26.783,28.513,26.808,20.752,5.433,17.253
"1996-07",4.411,5.285,5.881,14.905,28.613,23.147,24.888,27.386,27.198,21.899,26.605,24.811,NA,15.353,17.36,7.038,11.047,19.304,31.532,27.09,30.339,26.275,25.638,34.221,24.955,17.509,22.031,23.389,1.846,NA,NA,11.64,34.583,NA,NA,23.669,44.752,27.505,27.387,25.694,21.38,18.43,13.417,12.765,-9.166,-3.092,0.308,22.106,25.929,18.299,21.035,25.613,16.176,25.909,28.174,26.287,19.955,4.748,17.287
"1996-08",4.24,4.963,6.463,15.865,28.339,24.027,25.023,27.034,27.301,21.554,26.565,24.48,NA,14.845,17.576,7.753,12.679,19.857,29.027,26.374,30.017,26.095,24.11,33.323,24.392,16.719,21.837,22.981,0.755,NA,NA,13.448,32.559,NA,NA,25.135,43.304,26.977,27.279,25.667,21.176,18.707,13.2,12.928,-9.013,-4.91,-1.066,22.926,25.527,17.835,21.957,25.155,15.605,25.156,27.537,25.963,19.717,4.546,17.219
"1996-09",2.549,2.246,3.541,16.21,27.897,22.632,24.949,26.631,27.141,21.411,26.821,24.698,NA,14.435,17.615,8.023,10.4,17.374,23.563,23.293,30.527,26.186,24.856,34.51,24.659,17.038,22.641,23.062,-2.266,NA,NA,11.175,30.35,NA,NA,24.62,41.656,26.927,27.474,26.598,20.575,19.991,13.252,13.341,-7.688,-1.618,-5.742,23.034,25.287,17.769,21.971,25.31,15.318,25.199,27.765,26.075,19.574,4.692,17.064
"1996-10",-0.94,-4.951,-0.679,15.294,25.983,19.421,23.922,26.747,27.034,22.115,27.283,25.246,NA,15.173,18.946,8.994,5.598,14.306,17.363,21.155,28.072,26.078,25.803,30.945,25.752,17.246,22.728,23.746,-9.679,NA,NA,6.11,25.126,NA,NA,21.049,35.874,27.561,27.478,27.44,20.842,22.027,13.659,13.951,-5.429,-1.919,-14.438,22.202,25.379,18.11,20.932,25.687,15.826,25.713,27.761,26.377,19.695,4.893,16.644
"1996-11",-6.314,-13.847,-7.977,13.026,24.163,17.451,22.812,26.438,26.221,22.93,26.128,25.76,NA,16.17,20.276,10.169,3.316,12.171,9.896,18.24,24.627,27.076,26.753,28.307,26.767,18.055,23.576,24.608,-17.411,NA,NA,1.161,17.701,NA,NA,16.32,26.869,26.92,27.071,27.598,21.438,23.348,13.817,14.797,-2.098,-0.015,-21.069,21.096,25.525,18.887,19.528,26.038,16.619,26.368,27.124,26.772,20.736,5.659,16.434
"1996-12",-10.501,-18.43,-14.363,10.728,21.998,14.924,21.31,26.045,25.444,23.998,25.393,25.888,NA,17.429,22.53,11.468,2.111,9.76,3.171,15.47,21.999,27.51,26.914,27.001,26.969,19.154,24.758,25.586,-20.819,NA,NA,-2.779,12.615,NA,NA,12.54,22.176,25.737,26.73,27.815,22.76,24.556,15.176,16.729,0.885,2.113,-25.048,19.86,25.773,19.943,18.068,26.126,18.072,25.718,26.273,26.779,21.841,6.735,16.431
"1997-01",-11.796,-17.279,-17.334,9.7,20.41,12.444,20.366,25.526,24.609,24.957,25.377,26.145,NA,18.541,23.45,13.281,0.756,7.192,2.854,12.61,21.714,27.692,27.336,26.221,26.863,20.157,25.356,26.087,-23.333,NA,NA,-6.171,12.45,NA,NA,10.321,23.022,25.037,25.979,27.535,23.039,24.96,16.883,17.28,3.149,3.978,-27.266,18.797,26.193,20.998,17.208,26.507,19.179,24.968,25.573,26.62,22.854,8.022,16.591
"1997-02",-12.893,-19.658,-22.365,9.967,20.866,11.285,20.58,25.784,24.479,25.285,25.393,25.882,NA,19.445,23.72,13.862,0.886,8.076,2.588,12.647,23.174,27.105,27.832,27.338,27.385,21.494,25.985,26.613,-26.819,NA,NA,-5.105,12.585,NA,NA,11.666,25.963,25.66,25.981,27.41,24.326,24.744,17.127,17.859,3.233,4.216,-27.449,18.349,26.304,21.513,16.621,26.746,20.19,25.33,25.85,26.808,23.804,8.579,16.812
"1997-03",-12.99,-21.926,-18.343,9.25,21.414,13.239,21.14,26.409,24.745,25.521,25.727,25.949,NA,19.015,22.339,11.989,0.471,8.247,6.105,13.879,24.797,27.25,28.323,28.933,27.646,21.042,24.968,26.296,-27.297,NA,NA,-3.034,14.389,NA,NA,12.127,29.456,26.429,26.16,27.195,23.981,24.724,17.111,17.648,1.33,2.777,-30.707,18.589,26.437,21.474,16.605,27.145,20.269,26.17,27.003,27.559,23.734,8.206,16.784
"1997-04",-8.733,-13.331,-14.965,9.682,22.612,14.604,21.561,27.249,25.212,25.273,26.203,26.185,NA,18.65,21.372,11.642,2,9.949,12.573,15.439,26.57,27.009,28.447,28.325,27.652,19.964,24.151,25.937,-17.009,NA,NA,-1.17,18.628,NA,NA,16.162,32.592,28.219,26.999,27.534,24.291,23.964,16.293,16.636,-0.936,0.496,-22.414,19.179,26.853,20.948,16.977,27.239,19.489,27.594,28.854,28.281,23.046,7.315,17.004
"1997-05",-2.503,-1.449,-4.763,10.882,24.561,17.028,21.835,27.715,26.054,24.284,26.888,25.964,NA,18.011,20.241,10.021,3.925,12.881,22.552,18.054,27.862,25.858,27.739,32.366,26.961,19.202,23.4,24.895,-7.571,NA,NA,3.231,26.658,NA,NA,18.945,37.874,29.318,27.573,27.156,23.575,21.853,15.165,14.89,-3.245,-2.077,-9.832,19.91,26.893,19.978,17.973,26.755,18.26,28.492,29.493,28.211,22.066,6.404,17.263
"1997-06",2.582,4.599,2.758,13.249,26.922,20.472,23.434,27.44,26.798,22.868,26.493,25.657,NA,16.681,18.776,8.896,6.807,16.305,27.882,22.888,30.688,26.876,27.626,34.605,26.184,18.265,22.584,23.792,0.502,NA,NA,7.373,31.363,NA,NA,21.448,44.444,28.709,27.399,26.344,22.127,20.193,14.449,13.698,-5.189,-1.098,-0.759,21.098,26.645,18.984,19.442,26.416,16.975,27.213,28.871,27.378,20.997,5.628,17.416
"1997-07",4.815,5.608,6.113,15.004,28.263,23.012,24.809,27.594,27.214,22.064,26.653,25.289,NA,15.097,17.796,7.198,10.753,19.832,32.908,26.552,30.253,26.728,26.446,34.138,25.447,17.083,21.979,23.426,2.013,NA,NA,11.135,35.598,NA,NA,23.639,44.884,27.903,27.09,25.55,21.853,19.311,13.963,13.198,-6.89,-2.365,0.205,22.295,26.323,18.122,20.921,25.875,16.342,26.456,28.224,26.969,20.275,4.88,17.417
"1997-08",5.203,5.267,6.033,16.383,28.606,23.899,25.623,27.592,27.538,21.646,27.061,24.866,NA,14.535,17.171,7.542,10.294,20.348,30.09,27.05,30.357,26.556,24.918,34.289,25.296,16.961,22.105,23.002,1.037,NA,NA,13.028,34.046,NA,NA,25.152,44.127,27.568,27.096,25.283,20.924,19.511,13.611,13.135,-6.743,-2.865,-0.738,23.227,26.01,17.666,21.998,25.531,15.354,26.046,27.747,26.832,19.868,4.696,17.393
"1997-09",2.154,0.836,2.138,16.318,28.128,23.229,25.239,27.189,27.226,21.647,27.314,25.292,NA,14.447,17.652,7.141,9.108,17.541,22.981,24.019,30.93,26.479,24.924,34.919,25.825,16.534,22.803,23.808,-0.92,NA,NA,11.481,29.959,NA,NA,24.236,42.548,28.148,27.16,25.832,20.497,20.325,13.572,13.576,-7.782,-1.981,-6.448,23.296,26,17.633,22.068,25.647,15.214,26.174,28.313,26.962,19.872,4.603,17.158
"1997-10",-2.292,-6.042,-3.505,14.721,26.619,20.396,24.073,27.177,27.012,22.145,27.228,25.79,NA,14.744,19.008,9.117,6.878,14.878,15.979,20.959,28.625,26.328,25.689,31.671,26.529,16.654,23.366,24.515,-9.749,NA,NA,6.507,23.214,NA,NA,21.618,36.307,28.373,27.486,27.149,20.967,21.61,13.792,14.199,-5.392,-1.691,-15.729,22.512,25.92,18.074,20.99,25.942,15.697,26.919,27.841,26.945,20.326,4.921,16.786
"1997-11",-8.337,-12.857,-9.787,12.523,24.146,17.382,22.496,26.955,26.53,22.857,26.686,26.455,NA,15.823,20.365,10.619,4.264,12.2,9.988,17.334,25.176,27.513,26.398,28.476,27.655,18.071,24.071,25.025,-21.28,NA,NA,-0.527,18.817,NA,NA,18.163,29.121,27.868,27.23,27.797,20.589,22.91,14.148,15.409,-2.387,-0.334,-26.027,21.158,25.875,18.972,19.647,26.26,16.768,27.177,27.229,27.246,20.787,5.46,16.384
"1997-12",-10.544,-18.228,-12.508,9.733,21.551,14.868,20.69,26.477,25.859,23.87,26.125,26.297,NA,17.558,22.305,11.788,1.178,8.547,6.011,13.757,22.831,27.873,26.797,27.411,27.415,19.035,25.082,26.183,-21.894,NA,NA,-2.161,13.959,NA,NA,12.778,22.913,25.786,26.7,27.944,21.956,24.277,15.355,16.292,0.861,1.935,-26.906,19.86,26.001,20.092,18.443,26.436,18.196,26.116,26.219,27.018,22.038,6.585,16.436
"1998-01",-11.281,-18.398,-16.595,9.881,19.586,11.865,19.634,26.157,25.06,24.948,25.704,25.722,NA,18.795,22.858,12.637,1.269,6.908,0.005,12.171,22.422,27.914,27.328,26.369,26.94,19.971,25.465,26.668,-25.363,NA,NA,-4.883,12.07,NA,NA,10.806,22.971,24.52,25.998,27.113,22.373,24.386,16.637,18.001,2.967,3.943,-28.621,18.951,26.277,21.007,17.373,26.704,19.429,25.062,25.774,26.781,23.109,7.783,16.573
"1998-02",-12.817,-19.237,-21.151,9.368,19.17,11.714,20.005,25.993,24.456,25.478,25.723,26.103,NA,19.221,23.41,13.282,1.795,7.812,-1.708,11.899,22.386,27.777,27.727,27.352,27.05,20.652,25.65,26.822,-27.398,NA,NA,-4.458,12.05,NA,NA,11.28,24.882,25.356,26.018,27.352,23.62,25.02,17.292,18.428,2.899,4.075,-29.497,18.48,26.505,21.667,16.761,26.933,20.242,25.281,25.677,26.992,23.594,8.254,16.723
"1998-03",-12.413,-19.593,-20.35,9.39,20.565,12.309,20.923,26.395,24.852,25.681,25.957,26.238,NA,18.999,23.65,12.042,2.154,9.4,4.978,13.348,24.026,27.445,28.109,29.673,27.583,21.109,25.479,26.774,-23.24,NA,NA,-2.998,16.12,NA,NA,12.977,29.122,26.792,26.278,27.557,24.62,24.504,16.601,17.874,1.134,1.812,-27.674,18.612,26.717,21.564,16.641,27.077,20.468,26.358,26.941,27.641,23.695,7.939,16.882
"1998-04",-8.935,-16.517,-14.073,10.42,21.843,14.696,21.216,27.296,25.505,25.42,26.844,26.322,NA,18.586,22.292,10.57,2.479,10.586,11.053,15.441,26.741,27.531,28.246,30.073,27.504,20.24,24.759,26.349,-19.223,NA,NA,-1.225,20.408,NA,NA,15.867,34.684,28.079,27.02,27.784,24.674,22.916,16.151,16.798,-1.611,0.192,-22.682,19.16,27.107,20.788,17.248,27.283,19.786,27.786,28.573,28.27,23.21,7.208,17.042
"1998-05",-3.794,-5.374,-6.281,11.687,23.922,17.43,22.444,27.73,26.461,24.552,27.107,25.838,NA,17.509,20.538,9.144,4.618,12.955,19.494,17.714,28.424,27.015,27.517,32.044,27.784,19.169,23.616,25.12,-8.306,NA,NA,2.873,26.49,NA,NA,19.22,39.958,28.91,27.627,26.837,23.329,21.149,15.132,15.466,-4.291,-2.156,-11.467,20.015,27.176,19.776,18.213,26.934,18.532,28.43,29.269,28.43,22.204,6.293,17.235
"1998-06",2.413,2.935,2.205,13.028,26.733,20.602,24.019,27.658,27.241,23.266,26.811,25.517,NA,16.287,18.864,7.989,7.444,16.148,26.477,22.364,31,27.284,26.717,35.965,27.085,17.781,22.63,24.299,-0.144,NA,NA,7.397,31.749,NA,NA,21.324,44.554,29.518,27.495,26.008,22.363,19.41,14.317,14.367,-7.026,-3.056,-1.123,21.113,27.036,18.794,19.854,26.5,17.42,27.573,29.258,27.929,21.168,5.443,17.428
"1998-07",4.397,6.199,5.258,14.688,28.106,23.302,25.478,27.988,27.547,22.651,26.755,25.325,NA,15.321,17.553,7.438,9.934,19.599,30.087,26.054,31.275,27.052,24.645,34.128,26.464,17.051,22.585,23.888,1.999,NA,NA,10.973,34.195,NA,NA,23.628,45.467,28.445,27.239,25.355,21.506,19.231,13.676,13.586,-7.48,-4.352,0.205,22.361,26.883,18.003,21.252,25.797,16.308,26.816,28.398,27.374,20.559,4.858,17.456
"1998-08",4.824,5.717,6.244,16.274,28.081,23.531,25.718,27.94,27.629,22.51,27.204,25.123,NA,14.821,17.837,6.947,10.173,20.068,30.211,26.598,30.429,26.441,23.624,33.079,25.948,16.256,21.72,23.257,1.053,NA,NA,13.161,34.351,NA,NA,24.685,43.995,27.913,27.158,25.34,21.016,19.446,13.121,13.378,-7.556,-4.719,-0.637,23.252,26.69,17.425,22.17,25.181,15.636,26.457,28.204,27.261,19.989,4.595,17.382
"1998-09",1.61,1.311,2.322,16.527,28.032,22.223,26.057,28.365,27.779,22.619,27.342,25.006,NA,14.708,18.822,7.645,8.37,17.315,23.542,24.185,30.734,26.119,24.253,34.569,26.146,16.517,23.247,24.087,-1.367,NA,NA,11.138,30.44,NA,NA,23.835,42.292,28.114,27.184,25.876,21.057,20.455,13.687,13.866,-9.716,-3.132,-6.997,23.609,26.609,17.459,21.949,25.193,15.492,26.52,28.143,27.16,20.202,4.459,17.185
"1998-10",-3.367,-5.451,-5.144,15.206,26.639,20.574,25.224,28.389,27.369,23.156,27.267,25.675,NA,15.016,18.99,8.806,6.775,14.758,12.598,20.161,28.924,26.594,25.485,32.224,26.891,16.8,24.028,25.201,-7.876,NA,NA,5.343,22.681,NA,NA,21.073,36.61,28.371,27.613,27.016,21.297,22.1,13.709,14.024,-7.09,-2.119,-15.026,22.812,26.812,17.907,20.96,25.864,15.848,27.235,28.117,27.373,20.75,4.774,16.868
"1998-11",-8.168,-11.08,-10.367,12.922,24.148,17.336,23.033,27.743,26.887,23.643,27.342,26.216,NA,16.139,19.773,9.854,3.412,11.881,10.056,17.407,25.093,27.55,26.367,29.021,27.696,18.266,23.528,24.785,-19.568,NA,NA,-1.114,17.759,NA,NA,17.455,28.018,27.598,27.459,28.087,21.544,23.284,14.149,15.5,-3.322,-0.192,-21.889,21.308,26.907,18.781,19.579,26.17,16.764,27.081,27.872,27.555,21.206,5.565,16.575
"1998-12",-10.683,-13.686,-13.551,11.993,21.382,12.917,21.205,27.293,26.15,24.438,26.641,26.16,NA,17.366,22.413,11.312,1.262,9.597,1.157,14.296,22.566,27.899,27.08,27.44,27.777,19.309,25.273,26.227,-21.881,NA,NA,-3.711,12.553,NA,NA,13.897,22.949,26.159,27.335,27.791,22.158,24.625,15.51,17.207,0.423,1.722,-24.833,20.185,27.185,19.808,18.091,26.524,18.306,26.332,26.667,27.513,22.486,6.512,16.615
"1999-01",-13.459,-19.216,-22.262,11.908,20.085,11.942,20.512,26.972,25.558,25.168,26.334,26.694,NA,18.732,23.437,12.772,1.569,7.91,-0.607,12.255,21.142,28.253,27.853,27.125,27.323,21.055,25.725,26.303,-24.228,NA,NA,-7.068,10.429,NA,NA,12.411,21.256,25.148,27.009,27.405,23.138,25.117,16.498,18.147,2.438,3.82,-26.81,19.15,27.19,20.95,17.288,26.961,19.542,25.544,26.191,27.611,23.279,7.635,16.787
"1999-02",-13.909,-18.114,-21.47,11.374,20.516,11.35,20.873,26.878,25.156,26.059,26.706,26.509,NA,20.052,23.365,13.591,1.983,9.114,2.653,13.059,23.406,28.614,28.683,27.684,27.745,21.16,25.986,26.538,-27.146,NA,NA,-7.318,12.374,NA,NA,11.602,25.722,25.709,27.016,28.101,23.938,26.07,17.469,18.766,2.752,4.149,-29.204,18.675,27.282,21.672,16.942,27.517,20.234,25.541,26.431,27.937,23.998,8.145,16.993
"1999-03",-13.076,-14.188,-18.23,11.47,20.77,12.063,20.984,27.172,25.193,25.961,26.937,27.076,NA,19.777,23.736,12.624,1.425,9.495,8.719,13.887,25.483,28.153,29.422,30.187,28.74,21.337,26.186,26.607,-21.94,NA,NA,-6.178,16.972,NA,NA,14.175,31.075,26.925,27.544,28.297,24.456,25.514,17.265,18.362,0.782,2.426,-25.712,18.715,27.473,21.555,16.894,27.856,20.351,26.658,27.615,28.556,24.028,7.955,17.213
"1999-04",-10.731,-10.853,-13.908,12.26,21.525,14.378,21.715,27.703,25.755,25.32,27.321,27.248,NA,18.763,22.134,11.248,3.419,10.662,13.355,15.199,27.954,28.382,29.474,31.355,28.798,20.515,25.494,26.358,-17.412,NA,NA,-1.501,21.956,NA,NA,17.021,36.746,28.395,28.327,28.618,24.653,24.027,16.351,17.251,-2.306,0.417,-23.165,19.275,27.753,20.891,17.372,28.1,19.805,27.743,29.327,29.1,23.634,7.057,17.282
"1999-05",-2.874,-2.121,-3.977,12.676,24.436,17.117,22.491,28.367,26.866,24.365,27.912,26.909,NA,17.105,20.568,9.019,4.289,13.485,23.521,19.609,29.246,28.326,28.809,34.707,28.33,18.941,24.549,25.812,-5.737,NA,NA,1.929,28.292,NA,NA,19.339,39.787,29.892,28.416,27.814,23.582,22.343,15.488,16.108,-4.358,-1.141,-9.216,20.184,27.793,19.904,18.353,27.723,18.787,29.102,29.819,28.969,22.749,6.162,17.552
"1999-06",2.12,3.972,1.892,14.373,27.044,20.627,23.977,28.24,27.52,23.449,27.801,26.72,NA,15.811,17.54,8.542,8.375,16.157,28.939,23.014,28.958,27.899,27.263,33.403,27.764,17.939,22.738,24.243,0.628,NA,NA,6.922,32.874,NA,NA,22.377,42.346,30.515,28.465,27.001,22.976,20.814,14.159,15.262,-6.252,-1.954,-0.455,21.449,27.618,18.983,19.619,27.005,17.252,29.064,30.149,28.456,21.328,5.42,17.65
"1999-07",4.364,6.435,5.392,15.834,28.611,23.115,25.415,28.273,28.189,22.854,27.761,26.154,NA,15.044,17.681,7.389,11.353,18.56,32.607,26.395,31.271,27.482,25.289,33.456,26.651,17.179,22.618,23.528,2.372,NA,NA,9.832,35.505,NA,NA,24.223,46.243,28.899,28.312,26.457,21.606,20.323,13.604,14.05,-7.795,-2.331,0.339,22.725,27.367,18.217,21.157,26.291,16.44,27.351,28.684,27.716,20.499,4.715,17.635
"1999-08",4.679,6.653,5.537,17.3,28.811,23.78,25.888,28.357,28.251,22.273,27.974,25.851,NA,14.242,17.582,7.515,11.178,19.729,29.982,26.785,31.67,27.049,24.492,36.143,26.341,16.43,22.763,23.718,2.074,NA,NA,11.656,34.507,NA,NA,24.773,45.165,28.191,27.906,26.385,21.116,20.94,13.647,13.992,-7.532,-3.946,0.01,23.54,26.855,17.735,22.337,25.996,15.868,26.743,28.567,27.547,19.987,4.46,17.585
"1999-09",3.041,3.188,2.56,17.652,28.756,23.28,26.219,28.718,28.176,22.357,28.005,25.549,NA,14.297,18.192,8.308,9.862,17.997,23.059,23.717,32.018,26.81,24.733,35.073,26.531,16.683,23.091,23.837,-0.582,NA,NA,9.727,30.226,NA,NA,24.215,43.017,28.262,27.916,26.933,20.773,22.191,13.166,14.327,-7.593,-3.427,-3.647,23.858,26.663,17.821,22.318,25.918,15.496,26.682,28.692,27.532,19.875,4.349,17.419
"1999-10",-1.956,-2.623,-2.099,16.063,27.056,20.377,25.118,27.9,27.684,22.845,28.053,26.267,NA,14.887,18.718,9.061,6.628,15.214,16.758,21.381,28.802,27.122,25.937,31.201,27.259,17.488,24.09,24.641,-6.27,NA,NA,4.224,25.103,NA,NA,21.116,36.742,28.921,28.028,28.035,21.232,22.714,13.301,14.565,-6.024,-1.736,-12.546,22.825,26.752,18.166,21.296,26.442,15.777,27.516,28.739,27.651,20.291,4.933,17.065
"1999-11",-6.391,-13.353,-9.684,13.58,23.171,17.438,22.517,27.588,26.921,23.731,27.159,26.933,NA,16.025,20.471,10.563,3.535,11.716,9.493,17.043,25.629,28.001,26.968,30.022,28.153,18.192,24.511,25.334,-15.216,NA,NA,0.44,19.529,NA,NA,17.527,29.221,28.127,27.952,28.578,21.583,23.885,13.822,15.026,-2.68,-0.226,-19.3,21.681,26.622,18.918,19.654,26.791,16.968,27.722,27.96,27.848,21.042,5.47,16.756
"1999-12",-11.789,-16.068,-16.591,12.589,21.768,13.47,21.618,26.88,25.854,24.591,26.763,26.763,NA,17.588,21.814,12.564,2.879,9.512,2.525,13.592,22.016,28.61,27.479,28.555,28.156,19.33,25.719,26.384,-19.87,NA,NA,-4.048,11.892,NA,NA,13.304,21.765,26.184,27.403,28.184,22.341,25.338,15.156,16.117,0.662,2.048,-24.457,20.248,26.699,20.05,18.12,26.989,18.337,26.701,26.976,27.705,22.404,6.605,16.682
"2000-01",-9.76,-18.065,-19.272,11.259,20.24,12.943,20.929,26.515,25.315,25.238,26.206,26.902,NA,18.723,23.277,13.229,1.029,7.233,1.584,13.293,21.786,28.39,28.063,27.046,27.543,21.112,26.118,26.563,-23.409,NA,NA,-6.821,11.266,NA,NA,11.239,22.402,25.414,26.96,27.914,23.551,26.249,16.474,17.619,2.977,4.117,-24.542,19.307,26.703,21.098,17.401,27.218,19.671,25.576,26.319,27.41,23.502,7.798,16.923
"2000-02",-10.629,-20.087,-20.376,11.585,20.857,12.176,20.928,26.558,25.099,25.695,26.479,26.871,NA,19.271,24.108,13.148,-0.465,6.848,4.359,12.914,23.117,28.61,28.323,28.049,28.035,21.267,25.685,26.789,-25.647,NA,NA,-7.062,14.013,NA,NA,11.763,26.256,25.83,26.999,27.708,24.225,25.762,17.217,18.461,3.226,4.154,-24.426,18.793,26.864,21.582,16.878,27.508,20.531,25.619,26.459,27.849,24.102,8.41,17.096
"2000-03",-12.018,-14.178,-19.801,11.407,20.955,12.708,20.884,27.161,25.274,25.535,27.37,27.274,NA,18.976,23.14,12.434,0.983,7.647,5.288,13.455,25.973,28.466,28.871,29,28.529,20.618,25.926,27.004,-23.63,NA,NA,-6.158,15.907,NA,NA,12.517,32.201,27.366,27.301,27.806,24.115,25.339,16.938,18.607,1.316,2.117,-24.14,18.922,26.979,21.55,16.85,27.918,20.569,26.424,27.61,28.337,24.046,8.051,17.172
"2000-04",-9.396,-12.537,-12.944,11.263,22.929,15.485,21.627,28.088,26.504,24.925,27.88,27.138,NA,18.547,21.46,11.289,2.03,9.929,12.286,15.653,27.029,28.607,28.346,31.502,28.692,19.184,25.269,27.064,-19.364,NA,NA,-1.912,21.3,NA,NA,15.628,35.846,28.8,27.793,28.002,24.286,25.011,16.161,17.611,-0.498,-0.26,-24.441,19.23,27.298,20.944,17.508,27.93,19.55,28.06,29.171,28.918,23.684,7.237,17.185
"2000-05",-3.354,-3.556,-5.251,12.054,24.932,18.057,22.963,28.122,27.069,23.51,27.551,26.519,NA,17.464,20.224,9.08,5.655,12.904,20.157,17.822,29.539,27.614,27.024,35.344,28.594,18.129,23.707,25.966,-9.515,NA,NA,2.502,25.418,NA,NA,19.584,41.758,29.883,28.205,27.429,23.102,22.386,15.057,15.646,-3.477,-1.958,-11.664,20.136,27.228,19.944,18.466,27.254,18.519,29.167,30.151,28.96,22.401,6.313,17.397
"2000-06",2.258,4.013,2.262,13.339,27.186,21.307,24.681,28.237,27.528,22.317,27.285,26.289,NA,15.972,18.264,8.063,8.981,16.571,26.966,22.689,30.483,27.915,25.568,36.936,27.503,17.519,23.178,24.612,0.403,NA,NA,7.649,31.295,NA,NA,22.141,44.175,28.817,28.319,26.818,21.944,20.603,14.171,14.443,-5.055,-2.983,-0.471,21.283,26.886,19.017,19.783,26.852,17.235,27.672,29.049,28.018,21.114,5.492,17.567
"2000-07",5.149,6.483,5.681,15.225,28.746,24.022,25.432,27.946,27.91,21.789,27.229,25.916,NA,15.436,17.223,7.268,11.434,18.836,32.143,26.158,30.954,27.061,24.337,33.274,26.278,16.745,22.444,23.886,1.905,NA,NA,11.182,35.044,NA,NA,24.254,45.298,28.117,27.825,26.166,20.899,19.458,13.383,13.233,-7.084,-2.662,0.514,22.412,26.485,18.299,21.348,25.956,16.071,26.506,28.37,27.228,20.337,4.939,17.544
"2000-08",5.378,6.099,6.035,16.562,28.491,24.882,25.972,28.288,28.211,21.745,27.816,25.746,NA,14.885,17.808,7.058,12.664,19.445,29.566,27.46,29.884,26.589,24.29,31.585,25.546,16.763,22.213,23.256,0.887,NA,NA,12.71,33.486,NA,NA,25.049,44.144,27.672,27.599,25.795,20.623,19.72,13.257,13.483,-8.953,-2.702,-0.505,23.321,25.998,17.863,22.486,25.614,15.509,26.007,28.079,26.888,19.718,4.486,17.484
"2000-09",3.188,2.616,3.526,16.817,28.722,23.528,26.091,28.151,28.25,21.995,27.863,25.8,NA,14.792,17.512,8.049,11.293,17.579,22.61,24.733,30.37,26.673,24.513,34.536,25.564,16.691,22.245,23.36,-2.043,NA,NA,10.486,29.089,NA,NA,24.196,41.715,27.637,27.74,26.522,19.742,20.798,12.884,13.973,-7.907,-2.82,-4.627,23.499,25.838,17.909,22.312,25.711,15.364,25.994,28.053,26.901,19.437,4.616,17.293
"2000-10",-1.716,-3.065,-2.177,15.438,26.932,20.57,24.605,27.164,27.499,22.522,27.724,26.305,NA,15.583,19.201,9.259,7.592,15.198,15.724,20.528,28.953,26.865,25.849,32.455,26.238,16.899,23.328,24.226,-8.891,NA,NA,6.831,23.927,NA,NA,21.765,36.786,28.092,27.753,27.417,20.766,22.141,13.174,14.055,-7.079,-1.447,-12.186,22.746,25.962,18.351,21.275,26.18,15.938,26.39,27.963,26.808,19.872,4.838,16.953
"2000-11",-6.043,-6.155,-7.1,14.087,24.129,16.832,23.342,26.906,26.705,23.146,26.967,26.819,NA,16.045,20.347,10.2,3.721,12.04,8.137,17.566,26.063,27.874,27.172,29.236,26.617,17.981,24.12,25.003,-15.124,NA,NA,-2.52,18.31,NA,NA,16.398,29.425,27.823,27.384,27.75,21.407,23.109,14.077,15.323,-2.892,-0.38,-15.91,21.488,25.859,19.14,19.754,26.626,16.762,26.724,27.865,26.922,20.69,5.634,16.689
"2000-12",-9.233,-12.148,-12.143,11.938,22.569,13.099,21.907,26.58,25.894,23.883,26.753,26.265,NA,17.222,22.301,11.733,2.33,10.04,6.76,15.221,23.441,28.164,27.264,27.338,27.014,19.297,25.171,26.014,-23.221,NA,NA,-4.705,14.6,NA,NA,13.659,23.777,25.886,26.765,27.816,21.702,24.942,15.531,16.955,0.572,1.964,-24.429,20.119,25.968,20.11,18.351,26.737,17.994,26.135,26.301,26.859,21.911,6.623,16.57
"2001-01",-10.525,-17.722,-14.328,11.119,19.134,11.569,20.218,26.167,24.986,24.836,26.238,26.19,NA,18.644,23.761,12.741,1.613,8.656,4.623,13.475,23.046,28.041,27.747,26.488,27.375,20.709,25.72,26.416,-24.929,NA,NA,-5.395,13.518,NA,NA,12.162,24.278,25.4,26.368,27.297,22.651,25.424,16.491,17.741,2.707,3.947,-25.607,19.051,26.163,21.072,17.265,26.85,19.419,25.633,25.564,26.873,22.969,7.781,16.776
"2001-02",-12.883,-17.832,-19.463,10.538,19.856,12.058,20.203,26.07,24.68,25.664,26,26.326,NA,19.266,23.774,13.322,0.523,7.738,2.184,12.509,23.944,28.182,28.151,28.415,27.877,21.154,25.99,26.75,-23.991,NA,NA,-5.835,12.044,NA,NA,12.166,26.789,25.682,26.555,27.582,23.465,25.137,17.517,18.274,2.92,4.013,-26.882,18.566,26.399,21.647,16.764,27.091,20.164,25.678,26.05,27.412,23.743,8.356,16.938
"2001-03",-12.97,-18.013,-20.673,10.755,20.562,12.331,21.002,26.877,24.966,25.615,26.392,26.7,NA,19.256,23.156,12.446,2.175,8.761,6.878,14.371,25.314,27.941,28.506,29,27.4,21.091,25.824,27.254,-21.963,NA,NA,-4.666,16.794,NA,NA,13.863,32.009,27.336,27.054,27.824,23.89,24.283,17.259,17.937,0.552,2.373,-25.245,18.742,26.6,21.561,16.607,27.507,20.242,26.87,27.369,27.702,23.899,8.04,17.054
"2001-04",-8.643,-6.503,-13.46,11.369,21.693,14.7,21.205,27.478,25.501,25.149,26.757,26.557,NA,18.381,22.022,11.18,3.668,10.316,9.755,15.019,26.176,26.828,28.707,30.575,27.748,20.322,25.185,26.568,-16.865,NA,NA,-3.456,18.823,NA,NA,17.013,33.835,28.35,27.771,28.2,23.906,23.281,16.46,17.145,-1.86,-0.237,-18.365,19.291,26.964,20.982,17.133,27.465,19.712,28.087,29.187,28.444,23.255,7.165,17.265
"2001-05",-3.231,-1.487,-4.364,12.517,23.708,17.806,22.702,27.516,26.188,23.658,26.953,26.283,NA,17.49,20.658,9.237,6.106,13.534,20.986,18.054,28.676,27.052,28.379,34.164,27.245,19.494,24.205,25.292,-8.265,NA,NA,2.52,26.339,NA,NA,19.843,40.922,29.904,27.991,27.35,23.456,21.158,15.066,15.684,-4.225,-1.543,-10.322,20.049,26.926,20.037,18.284,27.205,18.486,28.939,29.934,27.991,22.205,6.237,17.357
"2001-06",2.551,4.855,2.816,13.79,26.755,21.124,24.617,27.966,27.199,22.414,27.126,25.927,NA,16.242,18.666,7.388,8.695,16.679,26.472,22.517,30.436,27.168,27.892,35.722,26.556,17.664,22.924,24.457,0.114,NA,NA,8.009,31.749,NA,NA,21.762,45.097,29.986,28.093,26.604,21.643,20.224,14.587,14.494,-5.687,-2.725,-0.433,21.226,26.714,19.066,19.69,26.759,17.215,27.944,29.733,27.645,21.102,5.28,17.494
"2001-07",4.365,6.635,6.532,15.465,28.085,23.868,25.187,28.042,27.67,21.593,27.081,25.221,NA,14.854,18.059,6.793,12.287,19.287,29.65,26.192,30.791,26.88,26.178,33.894,25.641,16.767,22.043,23.578,1.767,NA,NA,11.918,33.668,NA,NA,23.753,45.346,28.32,27.719,26.381,20.616,19.673,13.453,13.624,-7.658,-2.291,0.457,22.393,26.218,18.369,21.272,26.11,16.246,26.476,28.51,26.986,20.164,4.602,17.465
"2001-08",4.723,5.927,7.039,16.48,28.503,24.273,25.583,28.013,27.677,21.429,27.249,24.968,NA,14.568,18.159,7.181,13.625,20.56,27.691,26.958,29.711,26.688,24.97,29.33,25.003,16.65,22.096,22.955,1.232,NA,NA,13.116,32.728,NA,NA,25.295,43.58,27.616,27.659,26.666,20.009,19.899,12.977,13.854,-8.322,-3.127,-0.641,23.262,25.681,18.044,22.213,25.601,15.685,25.875,27.89,26.563,19.509,4.312,17.403
"2001-09",1.788,2.846,3.289,15.984,28.451,22.769,25.106,27.017,27.349,21.38,27.491,24.79,NA,14.418,19.066,8.042,10.314,18.699,23.902,24.566,30.622,26.321,24.491,33.647,25.044,16.106,22.646,23.506,-0.621,NA,NA,11.945,30.735,NA,NA,25.243,42.514,27.814,27.845,27.478,20.163,21.083,12.594,14.146,-6.896,-4.927,-4.609,23.261,25.625,18.003,22.143,25.375,15.535,25.913,28.238,26.784,19.632,4.44,17.224
"2001-10",-2.296,-0.984,-1.724,15.358,26.592,20.105,24.529,27.13,27.279,21.897,27.577,25.647,NA,14.81,19.975,8.777,7.471,14.586,14.152,20.228,28.873,26.208,25.313,32.415,26.168,16.608,23.385,24.636,-8.558,NA,NA,7.436,23.454,NA,NA,21.877,36.989,28.002,27.755,27.684,21.437,21.782,13.407,14.437,-6.452,-2.076,-13.022,22.567,25.574,18.263,21.161,25.835,16.082,26.294,28.29,27.024,20.065,4.656,16.852
"2001-11",-6.066,-6.538,-5.172,13.731,23.653,15.737,22.844,26.401,26.145,22.822,27.053,26.119,NA,15.72,21.205,9.863,4.933,11.287,9.399,17.141,25.882,27.357,26.914,29.045,27.369,17.893,24.176,25.156,-17.892,NA,NA,-0.728,19.038,NA,NA,17.995,30.146,27.31,27.533,27.871,21.998,23.034,14.232,15.321,-2.199,0.009,-20.305,21.399,25.622,19.009,19.486,26.4,16.928,26.466,27.635,27.026,20.921,5.426,16.578
"2001-12",-11.888,-9.846,-11.617,11.455,21.888,13.685,21.12,26.046,25.669,23.196,26.212,26.292,NA,16.914,22.393,11.416,2.467,10.797,3.563,14.699,22.564,27.787,27.026,26.87,27.196,18.992,24.692,25.676,-23.292,NA,NA,-5.238,14.805,NA,NA,12.942,24.222,25.891,27.158,28.649,22.943,24.026,15.606,16.882,0.555,2.002,-25.468,20.003,25.69,20.014,18.193,26.522,18.221,25.948,26.226,26.966,21.84,6.558,16.48
"2002-01",-13.175,-15.093,-17.184,9.49,19.195,12.677,19.482,25.787,24.944,24.087,25.567,26.461,NA,18.208,23.134,12.778,2.472,8.933,-2.403,12.273,20.671,28.002,27.501,26.195,26.676,20.387,25.274,26.151,-24.329,NA,NA,-6.045,10.276,NA,NA,11.536,21.787,25.407,26.766,28.192,23.782,25.081,16.729,18.797,2.551,3.994,-26.309,19.042,26.025,20.985,17.169,26.689,19.512,25.335,25.417,26.777,22.907,7.686,16.688
"2002-02",-16.001,-14.773,-24.189,8.763,20.351,12.077,20.048,25.895,24.643,25.141,25.234,26.501,NA,19.15,23.695,12.898,2.321,8.212,0.769,12.176,22.663,28.034,28.45,27.043,27.168,21.307,25.691,26.575,-23.486,NA,NA,-6.386,11.217,NA,NA,12.105,25.242,25.638,26.546,27.997,24.808,25.448,17.144,19.54,2.635,4.152,-28.957,18.704,26.3,21.652,16.79,26.992,20.354,25.22,25.767,26.896,23.522,8.173,16.851
"2002-03",-13.345,-17.789,-21.365,9.299,21.522,13.015,21.045,26.145,24.644,25.147,25.686,26.535,NA,19.042,22.617,12.228,2.243,8.522,4.222,12.859,25.519,26.976,28.428,29.731,27.788,21.195,25.914,27.078,-23.921,NA,NA,-5.259,16.092,NA,NA,13.827,32.337,26.988,27.064,27.499,25.345,24.841,17.204,19.1,0.358,2.889,-28.149,18.771,26.436,21.524,16.708,27.121,20.309,26.433,27.09,27.675,23.786,7.917,16.906
"2002-04",-9.1,-7.038,-13.67,10.031,23.243,15.183,21.829,27.436,25.558,25.037,26.327,26.225,NA,18.186,21.437,10.658,3.578,10.846,12.672,14.889,26.149,26.606,28.495,32.531,27.236,20.317,24.62,26.243,-14.056,NA,NA,-2.515,19.722,NA,NA,16.766,34.179,28.455,27.531,27.642,25.222,23.766,16.654,17.91,-2.266,0.745,-16.011,19.342,26.756,20.918,17.201,27.088,19.671,27.671,28.924,27.975,23.285,7.054,17.192
"2002-05",-2.422,-1.026,-4.531,10.974,25.134,17.733,23.014,28.054,26.081,23.222,26.573,25.952,NA,17.161,20.8,8.733,6.271,13.38,20.127,17.884,27.991,26.402,28.323,35.053,27.32,19.407,23.982,25.345,-4.093,NA,NA,2.821,27.115,NA,NA,19.945,40.558,29.505,27.799,27.557,24.101,21.807,15.796,15.783,-4.732,-0.303,-6.486,20.221,26.849,19.909,18.197,26.867,18.647,28.087,29.269,27.788,22.106,6.011,17.365
"2002-06",2.201,3.608,1.994,12.672,26.87,20.752,23.635,27.323,26.69,22.027,26.681,25.796,NA,16.251,19.26,8.185,9.387,16.314,26.274,22.408,30.816,26.997,27.763,36.026,26.314,18.222,22.891,24.411,0.809,NA,NA,8.26,32.086,NA,NA,22.27,44.635,28.665,27.591,26.684,22.194,20.424,14.497,14.974,-6.762,-1.866,-0.05,21.135,26.647,18.896,19.771,26.605,17.603,26.884,28.452,27.06,20.917,5.262,17.405
"2002-07",4.717,6.581,5.72,14.255,27.861,23.107,24.521,27.656,27.22,21.556,26.951,25.318,NA,14.956,18.037,5.492,12.524,19.536,31.733,26.367,30.823,26.657,25.974,34.946,25.359,17.165,22.085,23.624,1.889,NA,NA,12.17,35.872,NA,NA,24.332,45.218,28.027,27.653,26.455,21.257,19.69,13.663,13.865,-6.259,-3.867,0.558,22.313,26.444,18.194,21.262,25.976,16.454,26.168,28.385,26.759,20.199,4.571,17.451
"2002-08",4.613,6.118,5.76,15.239,27.836,24.288,24.864,27.642,27.175,21.567,26.94,24.731,NA,14.731,17.813,7.465,12.843,20.025,29.421,26.885,30.464,26.539,25.196,34.207,24.969,16.823,22.514,23.549,1.834,NA,NA,12.642,34.109,NA,NA,25.423,43.55,27.363,27.453,26.431,20.719,19.747,12.798,13.626,-8.83,-3.34,-0.032,23.123,26.188,17.884,22.244,25.409,15.659,25.615,27.717,26.413,19.755,4.35,17.39
"2002-09",2.306,2.955,2.639,15.697,27.903,22.444,25.235,27.38,27.344,21.967,27.241,24.949,NA,14.72,18.426,7.784,11.153,18.188,25.591,24.298,30.717,26.329,24.979,34.911,25.067,16.842,22.891,23.911,-0.749,NA,NA,11.607,31.585,NA,NA,24.89,42.472,27.384,27.526,26.7,20.673,20.563,13.047,13.836,-8.725,-3.382,-4,23.209,26.075,17.811,22.058,25.504,15.624,25.616,27.658,26.639,19.692,4.439,17.199
"2002-10",-2.965,-2.537,-3.693,15.079,27.081,20.533,24.626,27.09,27.04,22.561,27.158,26.07,NA,15.202,19.153,8.662,7.861,15.295,13.482,20.576,28.962,26.898,26.47,31.961,25.914,17.648,23.423,24.26,-7.828,NA,NA,7.266,22.813,NA,NA,21.704,36.692,27.419,27.429,27.741,21.094,22.553,13.302,14.652,-5.365,-1.72,-11.167,22.602,26.086,18.25,21.04,26.239,16.067,25.973,27.507,26.843,19.932,4.753,16.894
"2002-11",-7.725,-10.835,-10.097,13.217,23.806,16.733,22.82,26.609,26.271,23.199,26.881,26.533,NA,16.112,20.543,10.18,4.396,11.765,10.229,17.486,25.16,27.546,26.909,28.987,27.224,18.285,24.236,25.341,-15.093,NA,NA,2.85,17.981,NA,NA,17.563,27.995,26.818,27.4,27.833,21.671,23.341,14.087,15.369,-2.556,-0.219,-18.976,21.442,26.205,18.952,19.455,26.563,17.092,26.021,27.334,27.032,20.813,5.49,16.631
"2002-12",-9.241,-13.775,-11.697,11.366,22.596,13.754,21.698,26.557,25.701,23.863,26.415,26.062,NA,17.35,22.571,11.509,2.65,9.787,3.024,15.611,22.707,27.831,26.938,26.74,27.221,19.279,24.848,26.16,-18.139,NA,NA,-2.324,12.864,NA,NA,13.299,22.361,25.101,26.842,27.826,22.55,24.506,15.429,16.923,0.314,1.918,-22.744,20.116,26.258,20.116,18.204,26.658,18.299,25.35,26.377,26.919,22.01,6.542,16.637
"2003-01",-10.232,-14.314,-15.328,11.757,19.2,11.618,20.487,25.857,24.541,24.659,26.37,26.421,NA,18.307,24.112,12.855,2.006,7.49,-1.116,12.652,21.9,27.51,27.278,26.3,27.025,20.627,25.461,26.814,-20.083,NA,NA,-4.316,9.787,NA,NA,10.802,21.856,24.474,26.363,27.448,24.22,24.88,17.018,17.891,2.484,3.98,-23.509,19.139,26.452,21.062,17.075,26.657,19.631,24.78,25.495,26.874,23.259,7.72,16.818
"2003-02",-12.854,-17.45,-22.826,11.627,20.763,12.125,20.887,26.163,24.908,25.542,26.485,26.336,NA,19.356,24.193,13.713,2.593,8.789,-0.152,12.777,22.71,27.84,27.771,26.627,27.555,20.815,25.371,26.808,-24.684,NA,NA,-5.024,9.991,NA,NA,11.005,24.287,25.297,25.932,26.851,24.025,25.587,17.706,18.544,2.76,4.16,-26.109,18.653,26.882,21.528,16.959,27.088,20.48,25.393,25.764,27.152,23.858,8.255,16.939
"2003-03",-12.106,-14.132,-18.697,11.754,20.965,12.65,20.984,26.741,25.22,26.124,26.517,26.671,NA,19.206,23.386,12.501,1.988,8.856,5.014,13.488,25.216,28.032,28.234,29.358,28.293,20.723,25.728,26.905,-21.959,NA,NA,-2.782,14.338,NA,NA,13.327,29.311,26.215,26.452,27.147,24.6,24.853,17.701,18.767,0.953,2.274,-26.367,18.799,27.05,21.398,16.899,27.527,20.484,26.258,27.057,27.714,24.009,7.986,17.099
"2003-04",-9.158,-10.914,-13.447,11.382,22.826,15.254,21.789,27.507,25.874,25.745,26.97,26.914,NA,18.493,22.519,10.867,2.936,10.517,13.934,16.103,27.683,27.763,28.646,30.614,27.932,19.825,24.807,26.343,-17.059,NA,NA,-1.209,21.35,NA,NA,15.673,36.076,27.731,27.173,27.812,24.163,22.956,16.546,17.144,-1.78,0.317,-21.786,19.247,27.389,20.838,17.439,27.653,20.044,27.654,28.652,28.391,23.225,7.152,17.195
"2003-05",-3.926,-3.033,-5.426,12.547,24.653,17.7,22.79,28.259,26.742,24.796,27.176,26.475,NA,17.149,19.922,9.301,6.37,12.931,21.974,18.526,29.203,27.302,28.251,32.061,27.535,18.45,23.848,25.512,-6.66,NA,NA,4.601,26.91,NA,NA,19.472,40.456,29.2,27.737,26.981,23.346,21.512,15.451,16.107,-4.06,-1.856,-9.251,20.225,27.375,19.894,18.214,27.342,18.707,29.04,29.576,28.673,22.108,6.239,17.421
"2003-06",1.907,4.427,1.031,13.973,27.229,21.032,24.842,28.242,27.488,24.61,27.408,26.192,NA,16.488,17.927,8.286,9.065,16.708,28.116,22.807,29.906,27.208,26.878,34.232,26.902,17.028,22.834,24.542,0.68,NA,NA,8.939,32.094,NA,NA,22.269,44.378,29.383,28.057,26.315,22.003,20.309,14.413,14.283,-6.89,-3.125,-0.307,21.469,27.443,18.968,19.761,26.837,17.348,28.477,29.446,28.104,21.082,5.423,17.592
"2003-07",4.094,6.722,5.141,15.662,28.307,23.494,25.78,28.584,27.818,24.625,27.25,25.789,NA,16.08,18.501,7,11.731,18.471,32.079,25.699,30.902,27.005,24.989,34.601,25.964,16.717,22.318,23.804,2.562,NA,NA,11.699,35.062,NA,NA,24.372,45.241,28.39,27.644,25.785,21.28,19.505,13.872,13.358,-8.095,-3.506,0.543,22.649,27.368,18.082,21.295,25.823,16.508,26.821,28.732,27.487,20.151,4.755,17.588
"2003-08",4.737,6.126,5.972,17.419,28.784,24.052,26.727,28.912,28.053,24.279,27.426,25.212,NA,15.345,18.048,7.219,12.917,19.159,31.022,26.706,31.238,26.643,24.062,36.059,25.412,16.268,22.556,23.919,1.947,NA,NA,13.741,35.55,NA,NA,25.482,44.946,27.812,27.573,25.786,21.055,19.747,13.174,13.331,-8.717,-5.287,0.119,23.579,27.414,17.766,22.195,25.16,15.836,26.295,28.018,27.152,19.888,4.37,17.562
"2003-09",1.757,2.567,2.254,17.519,28.184,23.223,26.494,28.507,27.816,24.145,27.575,25.333,NA,14.989,18.417,8.044,10.769,18.044,23.226,24.377,31.298,26.677,24.654,35.4,25.675,16.53,23.093,24.144,0.204,NA,NA,11.88,30.369,NA,NA,23.919,43.007,28.436,27.665,26.266,20.81,21.206,13.234,13.555,-7.182,-5.727,-3.415,23.775,27.402,17.688,22.193,25.407,15.705,26.483,28.374,27.35,19.862,4.364,17.43
"2003-10",-3.367,-4.533,-6.235,15.764,27.013,20.764,25.231,28.26,27.563,24.473,27.589,26.172,NA,15.279,19.243,8.707,7.796,15.138,15.01,21.188,29.304,26.917,25.802,31.633,26.946,17.06,23.372,24.986,-5.942,NA,NA,7.119,23.983,NA,NA,21.83,37.109,28.693,27.867,27.335,20.98,22.187,13.515,13.991,-6.97,-2.932,-13.358,22.989,27.658,17.979,21.299,26.086,16.215,27.272,28.213,27.592,20.234,4.732,17.099
"2003-11",-7.816,-11.214,-12.491,14.521,24.133,17.032,23.505,28.069,27.032,25.049,27.392,26.974,NA,16.459,21.131,10.132,5.171,11.067,6.091,15.922,25.255,27.786,26.906,28.972,27.91,18.213,24.169,25.428,-12.626,NA,NA,1.549,17.963,NA,NA,17.392,29.494,28,27.894,28.648,21.479,24.159,14.116,15.615,-2.352,-0.68,-19.714,22.022,27.679,18.897,19.759,26.639,17.105,27.384,27.542,27.807,20.963,5.409,16.889
"2003-12",-8.582,-8.654,-12.826,12.445,20.996,13.364,21.752,27.692,26.325,25.654,27.368,26.984,NA,17.684,22.509,11.277,1.782,8.061,-0.501,14.179,23.577,28.408,27.443,27.547,28.332,19.124,25.133,26.59,-17.512,NA,NA,-2.689,13.289,NA,NA,13.38,25.011,26.722,27.533,28.451,22.135,25.483,14.899,17.264,0.396,1.76,-18.475,20.495,27.665,19.924,18.262,27.149,18.365,26.846,26.631,27.671,22.317,6.478,16.952
"2004-01",-12.845,-14.212,-20.353,11.236,19.709,11.948,20.776,27.406,25.612,26.063,26.871,26.981,NA,18.999,24.007,12.406,0.487,7.81,-4.191,12.921,22.289,28.777,27.909,27.638,27.96,20.41,25.593,26.736,-22.273,NA,NA,-3.429,9.922,NA,NA,12.021,22.064,25.646,27.1,27.804,22.75,26.057,16.299,18.568,2.46,3.785,-25.682,19.467,27.69,21.009,17.449,27.163,19.646,26.091,25.889,27.688,23.143,7.627,16.972
"2004-02",-11.272,-17.33,-20.045,11.387,20.504,12.657,21.339,27.354,25.243,26.661,27.05,27.363,NA,19.527,24.14,12.378,1.793,7.847,-2.203,12.364,24.034,28.676,28.372,27.905,27.946,21.22,26.395,27.221,-26.583,NA,NA,-6.027,10.602,NA,NA,12.361,26.503,25.896,27.189,28.206,23.436,26.451,16.88,18.65,2.999,4.042,-27.101,19.002,27.849,21.763,17.105,27.587,20.328,25.764,26.431,27.886,23.899,8.258,17.218
"2004-03",-10.389,-14.609,-18.292,11.773,19.925,12.506,21.105,27.512,25.299,26.686,27.455,27.353,NA,19.218,22.995,11.668,1.566,9.13,4.225,13.605,25.535,28.964,28.845,29.465,28.681,20.286,25.964,27.57,-22.134,NA,NA,-5.045,15.306,NA,NA,13.111,30.295,27.34,27.897,29.03,24.213,25.744,17.262,18.02,1.016,2.121,-24.147,19.048,27.896,21.625,17.06,28.1,20.211,26.936,27.862,28.678,24.059,7.989,17.384
"2004-04",-9.011,-10.438,-15.378,11.622,22.442,14.894,21.514,28.23,26.162,25.941,27.995,27.452,NA,18.493,21.701,10.376,3.094,11.046,9.329,15.833,28.199,28.614,29.082,31.762,28.893,19.8,25.275,27.016,-18.913,NA,NA,-1.296,19.082,NA,NA,16.535,36.744,29.013,28.348,28.991,24.131,24.661,16.324,17.656,-0.889,-0.244,-21.08,19.394,27.99,21.072,17.452,28.109,19.436,28.314,29.704,29.399,23.273,7.178,17.399
"2004-05",-2.941,-1.71,-4.935,12.74,24.446,16.849,23.217,28.457,27.214,24.813,28.368,27.677,NA,17.115,19.617,8.773,5.025,13.079,21.35,18.242,29.535,28.42,28.081,33.443,28.88,18.868,24.261,26.285,-9.162,NA,NA,3.773,25.961,NA,NA,19.579,41.387,29.934,28.657,28.339,23.271,23.091,15.467,16.172,-3.614,-1.984,-11.794,20.37,27.966,20.111,18.52,27.907,18.536,29.364,30.225,29.257,22.315,6.183,17.583
"2004-06",2.763,5.257,2.701,13.921,26.964,20.252,24.456,28.874,27.841,24.624,28.019,27.211,NA,16.817,18.529,7.996,8.55,16.674,27.538,22.07,32.086,27.904,26.619,36.935,27.891,18.146,23.165,24.663,0.661,NA,NA,8.345,31.487,NA,NA,22.117,46.089,30.492,28.61,26.922,21.495,20.247,13.812,14.621,-5.269,-2.948,-0.564,21.575,27.949,18.989,19.973,27.056,17.361,28.542,29.937,28.56,21.089,5.487,17.782
"2004-07",4.865,7.164,6.22,15.515,29.056,23.122,25.485,28.51,28.326,23.854,28.103,26.71,NA,15.643,17.667,7.574,11.542,19.678,32.695,26.005,31.947,27.501,24.448,36.199,27.095,17.029,22.839,24.27,2.623,NA,NA,12.092,36.013,NA,NA,23.992,46.726,28.936,27.87,26.154,20.882,20.276,13.534,13.368,-6.103,-5.41,0.395,22.682,27.439,18.222,21.695,26.324,16.379,27.572,28.985,27.851,20.444,4.916,17.734
"2004-08",5.492,6.027,6.269,16.757,29.135,23.973,26.346,28.583,28.596,23.006,28.168,26.044,NA,14.91,17.795,7.383,12.339,20.282,30.599,27.69,31.926,26.911,23.898,35.421,26.228,16.463,22.392,23.527,1.34,NA,NA,13.295,35.713,NA,NA,24.98,45.271,28.055,27.586,26.202,20.064,20.623,12.88,13.355,-8,-4.157,-0.391,23.57,27.007,17.885,22.766,25.655,15.882,26.651,27.963,27.323,19.736,4.523,17.674
"2004-09",3.083,4.007,2.405,17.135,29.071,22.975,26.477,28.799,28.534,22.902,28.059,25.788,NA,14.897,18.568,8.29,10.691,18.38,24.357,24.503,32.045,26.471,24.067,35.957,26.431,16.439,22.883,23.854,-0.478,NA,NA,11.877,31.676,NA,NA,24.534,43.163,28.22,27.715,26.798,19.936,21.95,13.177,13.747,-7.827,-3.339,-4.137,23.685,26.67,17.839,22.849,25.535,15.692,26.759,28.15,27.494,19.779,4.402,17.48
"2004-10",-1.143,-3.28,-3.819,16.12,27.149,20.052,25.033,27.963,28.039,22.882,28.227,26.231,NA,15.157,18.938,9.183,7.869,15.51,15.578,21.174,29.391,26.909,25.462,33.318,27.441,17.111,24.126,25.127,-7.413,NA,NA,7.298,23.576,NA,NA,22.176,37.017,28.633,27.948,27.917,21.024,22.634,13.547,14.052,-5.776,-1.543,-13.182,22.82,26.551,18.142,21.568,26.181,15.862,27.339,28.774,27.648,20.357,4.79,17.114
"2004-11",-5.444,-11.469,-8.628,14.526,23.042,16.165,23.552,27.384,27.102,23.471,27.702,26.813,NA,16.088,19.95,10.247,4.463,12.033,10.339,17.527,26.405,27.984,26.73,30.304,28.266,17.928,24.794,26.316,-17.152,NA,NA,3.087,19.039,NA,NA,17.906,30.303,28.012,28.016,28.419,21.21,23.969,14.122,15.567,-2.47,0.138,-20.263,21.675,26.489,18.9,19.81,26.656,16.847,27.421,27.761,27.834,21.101,5.498,16.799
"2004-12",-10.104,-13.622,-12.933,12.953,20.408,13.642,21.933,26.913,26.132,24.311,26.683,27.026,NA,17.775,21.994,11.945,0.787,8.873,5.024,15.207,22.996,28.44,27.156,27.877,27.864,19.362,25.191,26.676,-22.437,NA,NA,-1.055,14.645,NA,NA,14.008,23.211,26.364,27.456,28.566,21.951,25.112,15.134,16.438,0.928,1.965,-24.716,20.481,26.336,20.076,18.467,26.858,18.244,26.6,26.773,27.395,22.007,6.584,16.721
"2005-01",-11.828,-21.903,-18.411,12.318,20.415,11.885,21.769,26.308,25.261,24.792,26.646,26.725,NA,19.035,22.777,13.444,1.92,7.915,-0.251,12.941,21.832,28.347,27.894,27.414,27.769,20.443,26.544,27.707,-24.026,NA,NA,-2.401,11.03,NA,NA,12.233,22.727,25.708,26.876,28.162,23.788,26.124,16.772,17.825,3.15,4.027,-30.658,19.392,26.278,21.184,17.532,27.153,19.522,26.087,25.666,27.249,23.499,7.889,16.862
"2005-02",-12.836,-17.548,-20.253,11.793,20.062,11.836,21.548,26.863,25.283,25.544,26.357,26.701,NA,19.717,23.338,13.505,0.713,8.502,2.968,13.027,22.761,28.466,28.335,27.912,27.972,21.084,25.902,27.076,-25.723,NA,NA,-5.121,11.161,NA,NA,12.201,23.627,25.845,26.904,27.893,24.736,26.059,17.265,18.682,3.138,4.416,-27.824,18.982,26.614,21.672,17.053,27.364,20.369,25.972,25.976,27.501,23.981,8.363,17.08
"2005-03",-12.898,-17.756,-21.881,11.62,21.338,12.695,21.743,27.293,25.432,25.996,26.626,26.77,NA,19.678,22.881,12.872,2.612,8.959,6.277,13.275,25.515,28.011,28.467,30.653,28.384,20.733,26.117,27.622,-21.282,NA,NA,-3.42,14.624,NA,NA,14.055,30.696,26.847,26.98,27.678,25.23,24.584,17.393,17.852,0.735,3.243,-26.837,19.096,26.861,21.714,17.001,27.462,20.341,27.063,27.245,27.83,24.191,7.962,17.175
"2005-04",-8.259,-13.094,-13.499,11.354,22.708,14.57,22.162,27.878,25.996,24.826,26.99,26.713,NA,18.625,22.068,11.17,4.191,11.525,13.362,15.294,26.54,27.302,28.693,32.724,27.835,19.947,25.332,27.105,-18.641,NA,NA,-0.984,19.37,NA,NA,16.904,33.805,28.874,27.644,28.125,23.843,23.589,16.981,16.956,-1.811,1.157,-21.693,19.473,27.05,21.017,17.534,27.531,19.718,28.627,29.098,28.479,23.417,7.1,17.272
"2005-05",-3.105,-2.481,-5.321,12.211,24.798,17.761,23.661,28.185,26.56,23.26,27.167,26.49,NA,16.825,19.653,8.317,6.92,13.844,22.074,18.763,29.085,26.801,28.035,34.105,27.441,19.141,24.059,25.803,-7.008,NA,NA,3.325,25.278,NA,NA,19.814,40.084,29.945,27.916,27.45,23.22,22.197,16.017,15.934,-4.83,-0.422,-10.954,20.317,27.172,20.028,18.486,27.137,18.364,29.195,30.148,28.433,22.11,6.161,17.428
"2005-06",2.514,3.891,2.81,13.494,26.998,21.088,25.109,28.422,27.385,22.254,27.111,25.871,NA,16.156,18.723,7.349,8.291,16.582,27.5,22.136,30.834,27.543,27.808,35.185,26.573,18.217,23.034,24.182,0.835,NA,NA,7.778,29.94,NA,NA,22.221,44.093,29.23,28.124,26.782,21.94,21.118,14.757,15.104,-6.397,-1.826,-0.356,21.528,26.83,19.187,19.923,26.698,17.252,27.53,29.257,27.61,20.874,5.376,17.566
"2005-07",4.737,5.398,5.517,15.099,28.196,23.745,25.141,27.84,27.713,21.783,27.217,25.285,NA,15.564,17.563,7.892,10.276,19.098,32.398,26.628,30.628,26.884,26.801,35.008,25.758,17.401,22.55,23.704,2.339,NA,NA,12.608,34.58,NA,NA,24.197,44.677,28.456,27.753,26.683,20.897,20.896,13.81,14.377,-8.059,-2.514,0.434,22.473,26.282,18.436,21.423,26.009,16.076,26.324,28.805,27.045,20.115,4.754,17.515
"2005-08",4.876,5.807,6.223,16.099,28.519,24.582,26.308,28.035,28.079,21.588,27.493,24.827,NA,14.791,17.725,6.844,10.863,19.426,30.893,27.276,30.564,26.709,25.17,33.617,25.912,16.814,22.652,23.666,1.792,NA,NA,14.363,34.007,NA,NA,25.362,44.313,27.744,27.703,26.594,20.583,20.136,12.923,13.426,-8.244,-2.751,-0.205,23.346,25.762,18.019,22.402,25.527,15.512,26.288,28.438,26.995,19.847,4.447,17.477
"2005-09",2.638,2.042,3.018,16.66,28.101,23.615,26.098,27.697,27.687,21.999,27.608,25.015,NA,15.052,18.885,8.474,10.055,18.398,22.366,25.337,30.515,26.408,25.104,34.938,26.193,16.54,23.213,23.879,-0.496,NA,NA,12.205,29.326,NA,NA,24.757,41.968,27.785,27.762,27.004,20.022,21.165,13.04,14.123,-7.31,-3.547,-4.513,23.553,25.718,17.898,22.234,25.541,15.612,26.312,28.108,27.016,19.745,4.537,17.326
"2005-10",-2.376,-2.904,-3.018,15.735,26.563,20.272,24.649,27.127,27.382,22.417,27.79,25.957,NA,15.139,19.485,8.822,6.67,15.682,14.651,21.477,28.863,26.611,25.909,32.159,26.774,16.848,24.096,25.041,-6.15,NA,NA,6.245,22.94,NA,NA,20.959,36.866,28.443,27.897,28.014,20.584,22.561,13.273,14.367,-6.465,-2.336,-12.748,22.751,25.704,18.268,21.126,26.167,16.082,26.7,27.751,27.1,20.266,4.773,16.912
"2005-11",-8.096,-13.743,-8.704,14.356,24.634,17.798,23.521,26.804,26.673,22.782,27.177,26.66,NA,16.038,20.56,9.999,3.832,11.775,10.054,17.534,25.523,27.997,27.035,28.755,27.082,18.159,24.682,25.564,-12.572,NA,NA,2.737,18.192,NA,NA,15.888,28.671,27.661,27.234,27.775,21.407,23.807,13.915,15.616,-1.875,-0.431,-21.097,21.363,25.639,18.968,19.864,26.669,16.946,27.013,27.033,27.029,20.95,5.581,16.603
"2005-12",-10.163,-17.014,-13.907,12.762,21.245,13.848,21.492,26.397,25.826,23.715,26.57,26.245,NA,17.339,22.229,11.676,2.459,10.424,4.289,14.926,23.402,28.201,27.281,27.015,27.162,19.664,25.134,25.749,-20.85,NA,NA,-1.62,14.104,NA,NA,12.686,23.919,26.07,26.712,28.641,22.278,24.493,15.221,17.25,0.779,1.996,-25.951,20.121,25.696,20.014,18.589,26.629,18.221,26.262,25.955,26.854,22.03,6.703,16.563
"2006-01",-12.234,-14.943,-21.036,11.843,19.393,11.903,20.623,25.714,25.026,24.341,25.993,26.602,NA,18.571,23.366,12.856,3.119,8.395,1.782,13.208,21.78,28.091,27.61,26.41,26.959,21.193,25.64,26.087,-21.481,NA,NA,-3.847,10.779,NA,NA,11.052,22.118,24.795,26.401,28.338,23.361,25.714,16.477,18.598,3.023,3.88,-24.012,19.191,25.926,21.028,17.385,26.822,19.571,25.336,25.098,26.853,22.948,7.867,16.84
"2006-02",-11.001,-16.719,-21.298,12.065,21.027,12.376,21.305,26.103,25.017,25.491,25.909,26.484,NA,19.121,23.761,13.074,2.298,8.039,1.148,12.654,23.232,27.761,27.946,28.961,27.881,21.54,25.972,26.398,-21.216,NA,NA,-4.567,10.987,NA,NA,10.903,25.693,25.266,26.26,27.677,24.415,26.036,17.187,19.033,3.054,3.92,-22.045,18.748,26.298,21.549,17.1,27.141,20.465,25.501,25.439,27.303,23.44,8.369,17.089
"2006-03",-11.044,-18.153,-21.45,11.097,22.188,13.495,21.54,26.974,25.553,25.928,26.313,26.765,NA,19.059,22.851,12.803,3.1,7.801,1.259,12.703,24.914,27.698,28.419,29.688,28.276,20.828,25.638,26.803,-19.398,NA,NA,-3.608,13.48,NA,NA,13.338,29.032,26.523,26.75,27.818,24.472,25.042,17.156,18.885,0.924,2.643,-24.44,18.828,26.59,21.583,17.144,27.408,20.472,26.488,27.014,27.725,23.453,8.003,17.134
"2006-04",-8.163,-14.046,-14.116,11.193,22.66,14.682,21.945,27.576,25.886,24.817,26.523,26.493,NA,17.886,21.375,10.858,3.403,10.541,11.209,14.696,26.551,26.897,28.783,30.039,27.639,19.907,24.587,26.113,-18.465,NA,NA,0.772,19.099,NA,NA,16.108,34.184,28.302,27.241,27.56,23.727,23.958,16.169,18.082,-1.564,0.793,-22.081,19.255,26.707,21.056,17.444,27.436,19.637,27.842,28.769,28.238,22.72,7.206,17.093
"2006-05",-1.63,-3.098,-3.498,11.637,25.834,17.774,23.37,28.403,26.869,23.687,26.851,26.269,NA,17.04,19.084,9.349,5.525,12.947,19.036,18.551,28.622,26.492,28.182,32.579,27.386,18.713,23.732,25.448,-6.608,NA,NA,4.903,25.989,NA,NA,19.219,39.745,28.792,27.79,27.37,22.528,21.666,14.894,16.515,-4.125,-0.69,-8.899,20.186,26.855,20.147,18.352,26.902,18.371,28.301,29.116,28.027,21.888,6.332,17.365
"2006-06",2.394,3.978,2.856,13.091,27.784,20.846,24.481,27.688,27.296,22.872,26.883,25.64,NA,16.42,18.958,8.394,8.921,17.257,26.156,22.799,30.976,26.96,27.396,35.654,26.461,18.279,22.915,24.201,0.852,NA,NA,8.719,30.918,NA,NA,21.578,44.502,28.998,27.766,26.722,21.306,20.346,14.064,14.54,-5.703,-2.546,-0.379,21.275,26.65,19.187,19.977,26.474,17.252,27.149,28.8,27.465,20.698,5.408,17.515
"2006-07",4.361,6.379,6.244,14.78,28.072,23.437,25.151,27.508,27.455,22.313,27.133,25.273,NA,15.474,17.956,7.304,13.1,19.484,31.294,26.814,30.913,26.684,26.094,34.28,25.866,17.56,22.149,23.562,2.443,NA,NA,12.884,34.881,NA,NA,24.014,45.104,27.95,27.505,26.209,21.131,19.795,13.207,13.89,-7.251,-3.492,0.473,22.517,26.436,18.341,21.367,26.034,16.508,26.456,28.083,26.852,19.998,4.736,17.558
"2006-08",5.355,5.73,6.336,16.003,29.005,24.205,25.6,27.609,27.877,21.829,27.452,24.984,NA,14.925,17.856,7.975,12.709,20.354,29.649,27.151,28.81,26.678,24.71,33.514,25.52,16.865,22.371,23.352,1.484,NA,NA,13.977,34.228,NA,NA,25.358,42.696,27.56,27.566,26.552,19.94,21.082,12.981,13.805,-8.038,-2.927,-0.327,23.38,26.011,17.95,22.273,25.521,15.64,26.104,28.05,26.753,19.566,4.591,17.511
"2006-09",3.294,2.59,3.962,16.211,29.242,23.015,25.741,27.829,27.846,22.043,27.627,24.849,NA,14.834,18.4,8.395,12.5,17.787,20.528,23.938,29.192,26.306,24.27,33.482,25.557,16.204,22.383,23.48,-0.608,NA,NA,12.29,28.086,NA,NA,24.996,41.658,27.632,27.892,27.423,19.721,21.528,12.621,13.921,-6.432,-4.348,-3.534,23.541,25.79,18.096,22.143,25.467,15.437,26.045,27.978,26.786,19.481,4.734,17.355
"2006-10",-1.871,-5.671,-3.441,15.487,27.17,20.053,24.923,27.778,27.537,22.162,27.308,25.83,NA,15.056,19.422,9.276,8.397,14.353,14.307,20.444,28.369,26.631,25.494,32.138,26.039,16.897,23.273,24.169,-6.782,NA,NA,6.885,23.586,NA,NA,22.333,36.769,28.005,27.855,28.053,19.894,21.938,12.868,14.203,-5.935,-1.322,-11.472,22.887,25.664,18.545,21.085,26.132,15.913,26.583,27.699,26.845,19.826,4.881,16.997
"2006-11",-6.376,-11.349,-9.722,13.475,24.188,17.389,23.478,26.752,26.548,23.022,26.556,26.366,NA,16.642,20.159,10.736,5.01,11.611,8.489,17.499,25.205,27.849,26.881,29.107,26.935,17.918,24.409,25.519,-16.769,NA,NA,0.986,17.907,NA,NA,16.894,29.074,27.288,27.432,28.102,20.714,22.893,13.804,15.254,-2.124,-0.175,-19.642,21.479,25.75,19.161,19.865,26.491,16.886,26.86,27.044,27.026,20.822,5.609,16.678
"2006-12",-10.082,-15.817,-16.562,11.215,21.323,13.68,22.121,26.246,25.626,23.821,25.684,26.116,NA,17.7,22.512,10.987,4.076,9.025,1.481,15.112,22.321,27.962,27.309,27.487,27.295,19.008,25.229,26.351,-22.65,NA,NA,-2.022,11.592,NA,NA,13.727,22.918,25.459,26.834,28.504,22.92,24.708,15.011,17.295,0.942,2.085,-24.645,20.151,25.785,20.18,18.277,26.571,18.17,25.909,26.262,26.946,22.083,6.637,16.604
"2007-01",-11.749,-14.988,-18.845,11.805,20.141,11.714,21.391,26.058,24.907,24.718,25.801,26.002,NA,18.513,23.964,12.86,1.847,9.096,1.39,13.292,21.88,27.696,27.568,26.954,27.158,20.116,25.172,26.501,-23.552,NA,NA,-4.526,11.511,NA,NA,11.088,23.041,24.824,26.16,27.822,24.588,25.431,16.486,18.2,3.206,4.075,-25.121,19.15,26.09,21.189,17.278,26.685,19.488,25.241,25.166,26.791,23.068,7.825,16.763
"2007-02",-13.915,-16.26,-23.465,10.969,21.061,12.893,21.481,26.366,24.896,25.517,25.532,26.402,NA,19.311,24.469,13.172,2.086,8.652,-0.591,12.475,22.745,27.58,27.989,27.625,27.309,21.062,25.564,26.681,-24.954,NA,NA,-5.761,11.716,NA,NA,11.472,25.935,25.574,25.896,27.438,24.43,26.095,17.146,18.655,3.47,4.386,-25.349,18.824,26.389,21.774,16.943,26.956,20.283,25.482,25.45,26.884,23.446,8.471,16.972
"2007-03",-13.001,-15.979,-22.795,10.96,21.411,13.405,21.578,26.812,24.975,25.825,25.851,26.432,NA,19.262,23.628,12.88,3.346,9.273,5.796,13.222,24.635,26.992,28.391,29.706,28.164,21.348,25.369,26.82,-17.69,NA,NA,-2.289,15.391,NA,NA,13.62,29.997,26.907,26.481,27.515,25.18,25.225,16.846,18.253,1.175,2.769,-23.034,18.874,26.637,21.693,16.83,27.225,20.426,26.576,26.899,27.605,23.395,8.273,17.175
"2007-04",-8.742,-10.531,-14.511,11.176,23.443,15.531,22.295,27.65,25.735,25.518,26.323,26.547,NA,18.624,22.571,10.812,3.39,10.999,12.26,15.348,26.564,26.527,28.67,30.093,27.868,20.234,24.808,26.334,-16.156,NA,NA,-0.668,19.102,NA,NA,16.071,33.296,28.229,27.002,27.601,25.056,22.764,16.141,16.831,-1.503,0.77,-21.069,19.438,26.887,21.045,17.454,27.294,19.946,27.884,28.75,28.198,23.114,7.33,17.232
"2007-05",-2.054,-3.35,-4.686,12.295,25.201,18.379,23.637,27.838,26.449,24.446,26.983,26.157,NA,17.281,20.153,9.24,5.271,13.759,21.945,18.651,27.992,26.078,27.741,34.499,27.638,18.316,23.41,25.412,-8.255,NA,NA,3.752,26.549,NA,NA,18.721,38.033,29.673,27.391,27.058,23.452,21.612,15.104,15.964,-3.941,-0.686,-11.184,20.231,27.064,19.971,18.422,27.066,18.644,28.638,29.483,28.05,22.046,6.404,17.347
"2007-06",2.629,4.032,1.908,13.781,27.423,20.858,24.805,27.52,26.712,23.628,26.514,25.889,NA,16.397,18.705,8.019,8.665,16.482,26.018,23.379,31.1,27.089,27.359,35.934,26.66,17.297,22.511,24.469,0.417,NA,NA,8.055,31.106,NA,NA,21.599,44.361,28.779,27.671,26.547,22.353,20.249,14.307,14.666,-5.976,-2.437,-0.466,21.536,26.961,18.927,19.853,26.457,17.471,27.181,28.606,27.585,20.953,5.568,17.546
"2007-07",4.857,5.815,5.252,15.001,26.993,23.248,24.912,27.286,26.918,23.181,26.902,25.447,NA,15.497,17.886,6.175,11.667,20.142,31.421,26.637,30.135,26.616,25.91,34.742,25.747,16.44,22.004,23.718,2.189,NA,NA,12.176,35.78,NA,NA,23.788,44.553,28.554,27.513,26.044,21.193,19.199,13.243,13.916,-6.804,-2.974,0.412,22.508,26.803,18.232,21.427,25.751,16.285,26.713,28.694,27.194,20.247,4.845,17.53
"2007-08",4.84,5.928,5.473,16.393,27.71,24.145,25.837,27.967,27.583,22.653,27.065,24.841,NA,14.608,18.019,7.116,12.807,21.069,29.848,27.51,29.83,26.526,24.575,34.459,25.523,16.208,22.509,23.667,1.816,NA,NA,13.829,34.024,NA,NA,25.491,43.664,28.067,27.478,26.047,20.854,19.024,12.945,13.33,-8.677,-3.222,-0.492,23.488,26.702,17.838,22.228,25.168,15.661,26.323,28.645,26.964,19.957,4.707,17.544
"2007-09",3.024,3.136,2.639,17.242,27.646,22.993,26.103,28.155,27.541,22.477,27.265,24.984,NA,14.528,18.549,7.153,11.177,18.671,21.041,23.696,30.286,26.16,24.698,35.669,25.729,16.296,22.883,23.884,-0.466,NA,NA,11.822,28.97,NA,NA,24.236,42.032,27.72,27.536,26.219,20.55,20.257,13.194,13.615,-8.192,-3.146,-3.976,23.821,26.685,17.75,22.132,25.22,15.622,26.368,28.258,27.236,19.899,4.407,17.374
"2007-10",-2.146,-3.951,-4.197,16.705,26.561,19.681,25.109,27.662,27.203,22.91,27.083,25.92,NA,14.713,19.004,8.248,8.169,15.753,14.972,20.681,28.361,26.757,26.138,31.941,26.673,17.092,23.88,24.615,-6.536,NA,NA,6.951,24.005,NA,NA,21.027,35.932,28.074,27.666,27.133,20.575,21.577,13.627,14.206,-5.876,-1.535,-12.74,22.855,26.755,18.124,21.25,25.965,15.826,26.986,27.785,27.335,20.423,4.882,17.011
"2007-11",-6.804,-12.527,-9.125,14.403,23.476,16.873,23.403,27.075,26.386,23.448,26.537,26.417,NA,15.594,20.501,10.134,4.003,12.529,10.589,17.472,25.581,27.727,26.947,29.101,27.059,17.995,24.389,25.304,-14.87,NA,NA,1.816,18.513,NA,NA,16.41,29.196,27.823,27.445,27.829,21.22,23.42,14.169,15.731,-2.576,0.252,-22.472,21.6,26.841,19.001,19.875,26.31,16.754,27.328,27.2,27.427,21.163,5.576,16.684
"2007-12",-9.691,-16.279,-13.533,13.529,21.295,14.131,21.906,26.33,25.368,24.442,26.421,26.486,NA,17.128,22.317,11.288,3.646,10.022,4.96,15.021,23.357,27.898,27.596,28.01,27.95,19.372,25.052,25.92,-17.984,NA,NA,-1.526,12.923,NA,NA,12.396,23.384,25.479,26.827,27.591,21.4,24.679,15.5,16.983,0.606,2.179,-24.763,20.151,26.9,20.096,18.446,26.618,18.081,26.176,26.331,27.413,22.002,6.693,16.69
"2008-01",-8.608,-12.051,-17.673,12.987,18.919,10.906,20.783,26.001,24.755,25.019,26.574,26.42,NA,18.54,22.687,13.078,0.355,6.838,-1.674,13.752,23.176,28.017,27.941,27.043,27.789,20.282,26.019,26.732,-20.865,NA,NA,-4.642,12.321,NA,NA,11.579,24.313,25.147,26.291,27.114,22.168,25.907,16.516,18.411,2.972,4.295,-19.104,19.225,26.913,21.209,17.288,26.88,19.337,25.745,25.674,27.343,23.334,7.905,17.019
"2008-02",-11.924,-14.806,-20.821,12.382,19.459,11.254,20.94,26.152,24.813,25.326,26.723,26.747,NA,19.518,23.738,13.61,1.699,8.44,-0.513,13.28,23.658,28.486,28.136,27.704,27.887,21.225,26.203,26.865,-23.993,NA,NA,-4.913,12.718,NA,NA,11.857,26.613,26.229,26.176,27.022,23.737,25.8,17.078,18.705,3.071,4.315,-26.316,18.703,27.001,21.871,16.96,27.2,20.323,26.152,25.983,27.675,23.964,8.477,17.123
"2008-03",-10.984,-13.009,-20.26,12.364,19.737,12.384,21.179,26.889,25.049,25.953,27.048,27.444,NA,19.426,23.282,12.882,1.172,8.236,5.507,14.041,26.5,29.037,28.294,28.989,28.247,21.108,25.915,26.988,-22.28,NA,NA,-2.234,16.263,NA,NA,12.662,32.158,27.029,26.714,27.466,24.196,25.289,16.479,18.019,1.387,2.184,-24.833,18.866,27.328,21.854,16.947,27.658,20.572,26.797,27.432,28.24,23.899,8.161,17.231
"2008-04",-7.116,-11.887,-11.669,12.679,20.509,14.729,20.996,27.125,25.655,25.972,27.807,27.303,NA,18.458,21.653,10.337,3.861,10.19,11.629,15.257,28.771,28.441,27.946,31.754,28.312,20.395,25.499,26.586,-16.452,NA,NA,-2.21,19.506,NA,NA,16.044,36.385,28.397,27.559,28.044,24.113,23.767,16.158,17.112,-1.751,1.311,-20.407,19.263,27.667,20.941,17.761,27.845,19.896,28.238,28.957,28.85,23.642,7.415,17.412
"2008-05",-2.52,-4.342,-5.582,13.866,23.243,17.263,22.858,27.834,26.953,25.719,28.245,26.959,NA,17.385,19.275,8.91,5.541,13.554,20.584,18.555,30.368,27.732,26.503,34.774,28.23,18.774,23.62,25.428,-5.335,NA,NA,2.896,26.268,NA,NA,19.382,41.22,29.635,28.03,27.676,23.32,22.747,15.108,16.072,-4.271,-0.345,-9.854,20.291,27.812,20.03,18.806,27.522,18.389,29.203,29.588,28.852,22.486,6.344,17.572
"2008-06",3.089,3.79,1.735,15.285,26.252,20.907,24.799,28.669,27.653,25.776,27.665,27.082,NA,16.721,17.611,7.958,8.269,16.457,28.495,22.52,31.47,27.68,24.664,36.892,27.01,17.354,22.556,24.277,0.711,NA,NA,7.775,31.82,NA,NA,22.135,44.82,29.264,28.148,26.771,22.355,20.719,14.218,14.863,-6.633,-0.915,-0.638,21.504,27.758,18.996,20.264,26.731,17.148,27.977,29.128,28.25,21.208,5.539,17.692
"2008-07",5.653,6.221,5.508,16.263,28.394,23.181,26.078,28.758,28.092,25.237,27.835,26.267,NA,16.268,17.747,7.986,10.709,19.62,32.588,26.962,30.86,26.936,22.903,35.653,26.042,16.931,22.276,23.618,1.956,NA,NA,11.379,34.848,NA,NA,23.983,45.788,28.838,27.757,26.142,21.065,20.157,13.102,13.889,-6.49,-5.009,0.406,22.758,27.662,18.307,21.775,25.778,16.444,27,28.685,27.614,20.311,4.937,17.723
"2008-08",5.29,5.785,5.592,17.78,28.357,24.136,26.715,28.719,28.227,24.748,28.041,25.92,NA,15.55,17.105,8.372,12.205,20.738,29.6,27.653,31.178,26.703,22.888,36.561,25.605,16.574,22.718,23.779,1.224,NA,NA,13.243,34.078,NA,NA,25.017,45.252,28.141,27.579,25.831,20.37,20.197,13.227,13.683,-8.566,-2.672,-0.029,23.634,27.625,17.746,22.642,25.599,15.972,26.524,28.013,27.338,19.934,4.592,17.712
"2008-09",2.36,2.646,2.398,17.75,28.999,23.597,26.912,29.427,28.599,24.696,28.393,26.241,NA,15.491,17.786,7.848,11.055,19.077,22.6,24.803,31.231,27.144,24.384,36.105,25.761,16.869,22.942,23.545,-0.519,NA,NA,11.952,29.767,NA,NA,24.569,42.414,28.117,27.771,26.511,20.689,21.826,13.126,14.118,-7.056,-3.031,-5.298,23.904,27.721,17.77,22.542,25.967,15.835,26.713,28.216,27.412,19.808,4.532,17.592
"2008-10",-1.872,-3.984,-4.24,16.472,26.824,20.211,25.891,29.003,28.191,24.699,28.223,26.57,NA,15.862,19.252,8.875,7.067,15.823,15.752,20.496,29.603,27.248,25.298,31.797,26.984,17.054,23.832,24.882,-5.119,NA,NA,7.401,24.291,NA,NA,22.267,36.935,28.849,28.155,27.749,21.947,22.4,13.287,14.288,-5.89,-2.232,-11.063,23.179,27.937,18.262,21.496,26.257,16.272,27.386,28.661,27.878,20.611,4.733,17.33
"2008-11",-7.724,-11.356,-11.406,14.548,24.02,17.597,23.917,28.164,27.266,25.39,27.839,27.226,NA,16.572,21.189,10.787,5.719,13.464,10.435,17.821,26.618,27.867,27.02,29.85,27.952,18.044,24.984,25.894,-14.916,NA,NA,1.016,18.544,NA,NA,17.422,29.725,28.199,28.217,28.81,22.266,23.451,14.193,14.904,-2.129,0.117,-20.113,21.838,28.034,19.109,20.058,26.965,17.122,27.613,28.05,27.925,21.305,5.638,17.047
"2008-12",-9.953,-12.311,-12.721,13.171,20.526,14.53,21.822,27.875,26.221,26.314,27.701,27.396,NA,18.014,22.476,12.161,2.674,10.532,6.433,15.369,23.248,28.845,28.028,28.01,28.513,19.466,25.828,26.652,-18.638,NA,NA,-1.951,14.703,NA,NA,14.187,23.634,25.976,27.9,28.348,22.641,24.844,15.383,16.21,0.649,2.242,-22.13,20.426,28.059,20.182,18.657,27.408,18.487,26.714,27.242,28.024,22.495,6.702,17.061
"2009-01",-12.215,-13.777,-17.803,12.084,19.041,12.311,20.84,27.339,25.382,26.878,27.292,27.648,NA,19.26,24.067,13.101,1.865,8.683,2.028,12.515,22.526,29.121,28.616,27.532,28.364,20.595,26.61,27.185,-23.936,NA,NA,-4.778,12.369,NA,NA,11.989,23.026,25.218,27.538,28.061,23.55,25.254,16.776,16.808,2.995,4.353,-24.146,19.403,28.068,21.046,17.739,27.717,19.802,25.928,26.666,28.066,23.833,7.919,17.196
"2009-02",-12.497,-17.435,-22.886,11.732,18.77,11.836,20.34,27.411,25.448,27.245,27.52,28.077,NA,19.763,24.13,13.387,2.102,7.816,6.474,12.872,23.727,29.298,28.74,28.083,29.004,21.423,26.662,27.443,-23.264,NA,NA,-3.813,14.756,NA,NA,12.469,25.689,25.846,27.612,28.272,23.889,26.482,17.038,18.283,3.142,4.65,-26.184,18.859,28.014,21.784,17.226,28.087,20.555,26.294,27.033,28.526,24.188,8.425,17.359
"2009-03",-11.502,-14.988,-18.9,11.696,19.804,13.716,20.621,27.43,25.266,27.312,27.406,27.995,NA,19.653,24.047,12.324,1.837,9.065,7.794,14.223,26.67,28.985,29.067,31.204,29.099,21.438,26.197,27.327,-22.097,NA,NA,-3.557,16.451,NA,NA,14.293,31.413,27.244,28.168,29.355,24.563,25.441,16.737,18.076,1.44,2.517,-25.706,18.917,28.094,21.641,17.073,28.313,20.571,27.258,28.449,29.182,24.438,8.101,17.505
"2009-04",-7.94,-12.088,-12.484,11.821,22.286,15.84,21.264,28.213,26.295,27.141,28.033,28.009,NA,19.054,22.565,11.131,4.172,11.782,11.924,16.136,26.786,28.38,29.679,31.778,28.494,21.003,25.222,26.466,-18.443,NA,NA,-1.811,19.137,NA,NA,17.233,33.871,28.991,28.811,29.019,24.913,24.339,16.122,16.764,-0.978,0.978,-19.146,19.417,28.174,21.122,17.684,28.397,19.818,28.442,30.169,29.401,23.543,7.292,17.607
"2009-05",-2.831,-2.697,-5.582,12.907,24.771,17.989,22.807,28.645,26.971,25.456,27.18,27.61,NA,17.955,20.804,9.288,6.952,14.528,20.974,18.898,29.488,27.867,28.9,35.11,28.471,19.696,24.329,25.805,-5.71,NA,NA,3.699,26.16,NA,NA,20.021,40.577,30.071,28.873,28.381,23.915,22.223,15.078,15.008,-2.609,-0.554,-9.809,20.346,27.854,20.142,18.507,27.888,18.698,29.343,30.476,29.443,22.438,6.354,17.732
"2009-06",2.734,3.917,2.236,14.081,27.399,21.496,24.528,28.765,27.741,24.091,27.489,26.994,NA,16.698,18.518,8.393,10.129,17.114,26.71,22.826,31.414,27.903,27.766,37.214,27.486,18.313,23.259,24.51,0.666,NA,NA,8.473,32.244,NA,NA,22.192,45.093,30.3,28.539,27.197,21.939,20.805,14.02,14.358,-6.839,-0.802,-0.172,21.483,27.17,19.202,19.908,27.369,17.524,28.463,30.392,28.518,21.275,5.681,17.807
"2009-07",4.939,6.012,5.976,15.402,28.57,23.873,25.578,28.087,28.004,22.888,27.629,26.391,NA,15.68,17.854,7.507,12.864,19.422,31.461,26.984,31.619,27.355,25.627,35.271,26.334,17.14,22.568,24.058,2.159,NA,NA,12.82,35.185,NA,NA,24.115,46.63,28.658,28.17,26.838,20.702,19.429,13.12,13.735,-6.627,-2.882,0.588,22.501,26.539,18.614,21.529,26.578,16.568,27.002,28.637,27.611,20.384,4.967,17.739
"2009-08",5.493,5.614,6.58,16.61,29.165,25.014,26.341,28.007,28.314,22.328,27.804,25.996,NA,15.356,17.948,7.061,13.181,20.327,30.287,27.964,30.697,27.098,24.984,33.85,25.878,16.867,23.126,24.157,1.244,NA,NA,14.129,35.025,NA,NA,25.058,44.612,28.086,27.893,26.928,20.568,20.413,13.282,13.365,-6.935,-3.441,-0.164,23.323,25.821,18.005,22.635,26.14,15.9,26.452,28.705,27.253,20.174,4.54,17.643
"2009-09",2.292,1.955,3.471,16.52,28.778,23.375,25.681,27.654,28.135,22.333,28.01,25.924,NA,15.255,18.577,8.125,11.367,19.4,23.975,26.199,31.359,26.71,25.632,35.564,25.888,17.167,23.588,24.179,-1.053,NA,NA,12.306,30.822,NA,NA,24.59,42.973,28.309,28.021,27.425,21.191,21.202,13.176,13.636,-8.444,-3.295,-6.356,23.445,25.659,17.879,22.488,26.021,15.851,26.471,28.403,27.247,20.207,4.539,17.423
"2009-10",-3.044,-4.88,-3.43,15.641,26.626,20.768,24.857,27.515,27.658,22.623,27.669,26.488,NA,15.633,19.345,9.155,9.316,15.753,14.201,21.622,29.119,26.935,26.259,32.701,26.884,17.911,24.314,24.551,-6.885,NA,NA,6.488,23.701,NA,NA,22.282,37.248,28.417,28.018,27.61,21.134,22.288,13.622,14.528,-5.967,-1.207,-13.546,22.751,25.702,18.275,21.485,26.316,16.062,26.618,28.003,27.338,20.286,4.879,17.073
"2009-11",-6.743,-10.548,-6.575,14.042,23.575,17.102,23.292,26.867,26.853,23.257,27.407,26.566,NA,16.38,21.007,10.091,4.883,13.105,10.05,18.092,25.612,28.012,27.178,29.502,27.547,18.514,24.752,25.551,-15.103,NA,NA,1.665,18.955,NA,NA,17.319,29.601,27.593,27.633,28.005,22.491,22.903,14.151,15.283,-2.955,0.195,-18.268,21.449,25.595,18.929,20.024,26.736,17.207,26.87,27.102,27.341,21.009,5.541,16.759
"2009-12",-8.999,-10.89,-12.591,12.909,20.625,13.377,21.542,26.039,25.639,24.084,26.704,26.139,NA,18.008,21.732,12.083,2.834,10.099,6.102,15.36,23.332,28.384,27.337,27.143,27.583,19.633,25.391,26.08,-21.206,NA,NA,-3.815,15.987,NA,NA,12.452,24.473,26.233,27.217,28.219,23.002,24.31,15.604,16.629,0.328,2.123,-22.253,20.215,25.682,19.93,18.512,26.801,18.429,26.287,26.235,26.989,22.115,6.616,16.68
"2010-01",-12.778,-17.851,-17.829,11.836,20.46,13.826,20.559,26.007,25.426,24.675,26.227,26.461,NA,18.965,23.325,13.056,2.667,10.74,6.205,14.474,22.196,28.403,27.634,26.741,27.335,20.886,26.098,27.045,-25.148,NA,NA,-5.519,13.258,NA,NA,11.554,22.833,24.948,26.839,28.27,24.205,25.661,16.932,18.521,2.493,4.031,-27.995,19.139,25.766,21.024,17.787,26.894,19.971,25.283,25.418,26.732,23.123,7.675,16.787
"2010-02",-11.557,-14.688,-22.287,11.337,19.303,11.757,20.019,26.185,25.067,25.453,25.958,26.619,NA,19.835,23.725,13.551,2.942,9.257,5.999,13.354,23.359,28.211,28.329,27.686,27.833,21.628,25.894,26.941,-21.666,NA,NA,-5.875,15.365,NA,NA,11.456,26.752,25.851,26.548,27.856,25.036,25.144,17.521,19.041,2.84,4.037,-24.648,18.76,26.113,21.7,17.202,27.161,20.7,25.446,25.841,26.953,23.402,8.204,17.08
"2010-03",-12.761,-16.247,-21.249,11.4,20.465,13.417,20.669,26.485,25.182,25.867,26.366,26.549,NA,19.787,23.023,12.439,2.867,9.857,9.462,13.861,25.925,27.651,28.794,29.546,27.919,21.601,25.37,26.316,-20.738,NA,NA,-2.759,18.543,NA,NA,14.05,32.706,27.308,26.886,28.016,25.63,25.032,17.165,18.749,0.555,2.547,-24.615,18.835,26.173,21.613,17.04,27.349,20.711,26.741,27.252,27.637,23.471,7.935,17.131
"2010-04",-8.866,-13.267,-14.735,11.284,23.242,15.922,21.676,27.462,25.731,25.392,26.418,26.405,NA,19.469,21.958,11.228,4.498,11.203,14.298,15.59,26.636,26.303,28.034,32.361,28.269,20.815,24.726,25.696,-15.647,NA,NA,-1.515,21.007,NA,NA,16.705,33.733,28.467,27.45,28.172,25.098,23.011,16.721,17.354,-2.019,0.654,-19.716,19.245,26.568,20.923,17.573,27.005,19.775,28.013,28.778,28.208,23.014,7.168,17.257
"2010-05",-1.808,-1.585,-3.948,11.927,25.63,18.299,22.503,27.644,26.585,24.07,26.708,25.914,NA,18.451,20.244,9.725,6.275,14.025,20.291,19.559,29.239,26.738,27.674,35.113,27.519,19.588,23.565,25.08,-5.459,NA,NA,3.164,27.73,NA,NA,19.626,41.591,29.601,27.643,27.338,23.631,21.426,15.635,15.448,-4.468,-1.913,-8.236,20.091,26.708,20.011,18.607,26.808,18.372,28.558,29.211,28.164,22.026,6.211,17.453
"2010-06",2.797,4.365,2.006,13.631,27.619,21.541,23.931,27.648,27.093,22.562,26.602,25.74,NA,17.136,19.313,9.062,9.046,17.477,26.449,23.681,31.335,26.71,27.162,35.948,27.03,18.128,22.135,23.996,0.631,NA,NA,8.122,32.22,NA,NA,22.023,45.197,29.137,27.68,26.708,22.611,20.189,14.543,14.537,-7.258,-2.028,-0.706,21.279,26.403,19.075,20.067,26.399,17.3,27.504,28.947,27.539,20.897,5.328,17.543
"2010-07",4.754,5.778,5.517,15.399,28.413,23.969,24.984,27.623,27.637,21.902,26.913,25.294,NA,15.705,18.054,7.188,11.278,20.225,32.206,27.099,30.965,26.835,26.061,32.448,25.853,17.259,21.671,22.953,2.328,NA,NA,11.23,34.891,NA,NA,24.405,44.909,28.15,27.57,26.247,21.561,20.066,13.799,14.15,-7.527,-3.315,0.425,22.431,26.022,18.339,21.466,25.898,16.391,26.354,28.299,26.841,19.954,4.721,17.507
"2010-08",5.732,6.698,5.997,16.595,29.077,24.61,25.909,27.539,27.873,21.143,27.532,25.139,NA,15.046,17.491,7.816,11.093,20.315,29.997,27.78,30.762,26.673,24.967,34.182,25.225,17.121,22.141,22.976,1.737,NA,NA,12.939,34.515,NA,NA,24.843,43.963,27.676,27.573,26.833,20.864,20.072,13.087,13.805,-7.756,-2.466,-0.051,23.171,25.429,18.067,22.484,25.571,15.697,25.74,28.183,26.582,19.493,4.522,17.463
"2010-09",2.866,2.439,2.965,16.703,28.478,23.314,25.248,27.054,27.651,21.396,27.616,25.057,NA,15.102,18.751,8.729,10.38,17.607,23.656,25.178,30.765,26.078,25.279,35.59,25.224,16.799,22.708,23.329,0.1,NA,NA,11.997,30.69,NA,NA,24.402,42.44,27.607,27.658,27.293,20.816,20.934,13.168,13.564,-7.008,-4.619,-3.829,23.297,25.161,18.012,22.44,25.653,15.662,25.833,28.248,26.622,19.461,4.638,17.329
"2010-10",-1.563,-2.918,-1.31,15.523,27.393,20.46,24.554,27.173,27.377,21.947,27.391,26.007,NA,15.443,19.829,9.635,7.224,15.02,16.214,22.44,29.22,26.508,26.242,32.283,25.634,17.385,23.442,24.071,-6.777,NA,NA,4.727,24.873,NA,NA,21.93,36.578,27.676,27.611,28.066,21.537,21.77,13.341,13.964,-6.241,-2.423,-13.187,22.635,25.091,18.384,21.182,26.037,16.134,25.908,27.822,26.618,19.91,4.888,16.91
"2010-11",-4.566,-8.391,-4.395,13.58,24.111,17.483,22.926,26.962,26.833,23.108,26.716,26.094,NA,16.58,20.522,10.139,3.589,12.03,10.832,18.545,25.91,27.657,26.718,28.446,26.584,18.145,23.965,24.865,-16.282,NA,NA,1.245,18.838,NA,NA,16.957,29.301,27.226,27.181,27.779,21.573,23.722,14.295,15.25,-2.221,0.395,-19.894,21.354,25.266,19.105,19.905,26.318,17.015,26.126,27.134,26.753,20.721,5.653,16.611
"2010-12",-10.221,-13.388,-11.275,12.188,21.122,13.231,21.081,26.289,25.915,23.821,26.176,25.678,NA,17.9,22.53,11.606,2.518,10.761,7.1,16.739,23.563,28.059,27.037,26.87,27.165,19.738,25.228,26.021,-21.149,NA,NA,-0.608,14.562,NA,NA,13.413,23.77,25.567,26.91,27.921,22.448,24.036,15.334,16.253,0.62,2.19,-25.488,20.064,25.541,20.03,18.296,26.497,18.429,25.757,25.803,26.703,21.96,6.74,16.566
"2011-01",-11.789,-22.326,-17.359,11.119,19.378,13.134,20.144,25.862,24.999,24.946,26.088,25.892,NA,18.977,23.445,12.9,1.965,9.158,0.104,13.214,22.228,28.117,27.265,26.178,26.546,20.503,25.194,26.144,-23.871,NA,NA,-3.041,10.773,NA,NA,11.728,22.191,24.754,26.655,28.421,24.03,25.155,17.068,17.454,2.901,4.267,-28.626,19.066,25.744,21.156,17.476,26.578,19.624,24.94,25.099,26.3,22.925,8.001,16.694
"2011-02",-10.974,-19.839,-18.885,10.782,20.867,12.401,20.704,25.987,25.034,25.915,26.157,26.498,NA,19.723,23.485,13.667,0.957,8.715,4.448,14.146,23.708,28.401,28.042,26.633,26.692,21.344,25.489,26.117,-23.924,NA,NA,-4.442,13.748,NA,NA,11.209,25.805,25.401,26.197,27.595,24.221,25.271,17.902,18.64,3.048,4.646,-28.763,18.466,26.334,21.722,17.127,27.077,20.545,25.185,25.398,26.725,23.017,8.526,16.924
"2011-03",-13.487,-13.448,-18.875,10.974,20.879,12.757,21.295,26.493,24.886,25.567,26.263,26.222,NA,19.48,22.833,13.028,2.797,9.529,6.289,14.956,25.378,27.42,28.383,28.452,26.782,21.185,25.411,26.214,-18.019,NA,NA,-2.172,14.928,NA,NA,13.858,29.564,26.538,26.628,27.62,24.779,25.575,17.613,18.444,0.975,3.458,-25.487,18.885,26.412,21.765,16.773,27.168,20.574,26.207,26.972,27.451,23.27,8.212,17.147
"2011-04",-9.143,-13.211,-15.825,11.379,22.896,15.491,22.376,27.61,25.6,25.248,26.769,26.513,NA,18.407,21.394,11.112,3.339,11.234,11.404,16.336,27.369,27.32,28.718,30.06,26.992,20.218,24.22,25.69,-14.476,NA,NA,-0.188,19.541,NA,NA,16.529,35.592,28.293,27.492,27.786,24.203,23.835,16.465,17.514,-1.363,1.109,-19.139,19.464,26.791,21.11,17.476,27.451,19.806,27.759,28.677,28.066,22.63,7.388,17.235
"2011-05",-2.699,-3.906,-4.969,12.055,24.613,17.71,23.195,27.534,26.521,23.949,26.901,26.034,NA,17.495,20.013,9.85,5.648,14.116,19.215,19.022,28.704,26.627,27.97,33.945,27.074,18.918,23.757,24.84,-8.377,NA,NA,4.875,25.309,NA,NA,18.901,39.87,29.485,27.749,27.106,23.07,21.701,14.848,15.909,-3.495,-1.485,-11.355,20.305,26.85,20.13,18.529,27.007,18.649,28.417,29.354,27.672,21.909,6.354,17.369
"2011-06",3.348,4.099,2.318,13.22,27.287,20.947,24.567,27.815,27.358,23.135,26.87,25.738,NA,16.666,19.044,7.882,8.623,16.782,27.543,23.377,30.651,27.083,27.311,34.589,26.165,17.792,22.607,24.011,0.249,NA,NA,8.841,31.67,NA,NA,20.933,44.476,29.365,27.605,26.217,21.902,19.667,14.336,13.785,-5.439,-2.37,-0.636,21.439,26.672,19.076,20.088,26.661,17.652,27.308,28.636,27.142,20.816,5.539,17.549
"2011-07",5.015,5.81,5.774,14.782,28,23.101,24.829,27.503,27.589,22.492,27.009,25.682,NA,15.789,18.118,7.487,12.159,20.067,32.251,26.897,30.66,26.925,25.651,34.962,25.226,17.333,22.128,23.215,2.759,NA,NA,12.021,35.257,NA,NA,23.632,44.759,27.874,27.244,25.846,21.171,19.426,13.694,13.464,-6.179,-3.159,0.331,22.553,26.338,18.302,21.564,26.054,16.453,26.177,28.197,26.661,20.046,4.865,17.545
"2011-08",5.242,5.794,5.872,16.11,28.456,24.154,25.621,27.418,27.822,22.146,27.562,25.408,NA,14.761,17.804,6.636,12.084,20.181,28.957,26.908,29.322,26.54,24.008,34.709,25.225,16.481,22.014,23.262,2.904,NA,NA,13.429,33.843,NA,NA,25.421,42.332,27.503,27.443,26.237,20.363,20.261,13.194,13.417,-8.003,-3.17,-0.175,23.291,26.135,17.871,22.551,25.442,15.827,26.015,27.997,26.684,19.688,4.501,17.485
"2011-09",2.782,2.697,3.781,16.466,28.492,23.047,25.78,27.773,27.795,22.317,27.701,25.157,NA,14.745,18.421,7.482,10.168,19.082,24.85,25.098,30.478,26.292,24.38,35.438,25.529,16.188,22.221,23.65,1.159,NA,NA,12.186,31.027,NA,NA,24.826,42.366,27.763,27.765,26.881,20.202,20.738,12.658,13.406,-6.684,-6.27,-3.363,23.383,26.002,18.148,22.404,25.35,15.667,26.146,28.385,27.003,19.53,4.506,17.324
"2011-10",-1.01,-3.344,-0.154,15.985,27.264,20.105,24.379,27.394,27.461,22.508,27.457,25.927,NA,14.995,19.663,8.169,6.497,15.631,17.662,22.105,29.011,26.305,25.624,32.054,26.172,17.395,23.47,24.263,-2.964,NA,NA,7.987,25.56,NA,NA,21.692,36.201,27.805,27.731,27.822,20.974,22.101,13.694,14.061,-5.918,-2.107,-9.764,22.641,25.903,18.364,21.093,25.805,15.984,26.269,28.155,27.12,20.001,4.854,17.041
"2011-11",-8.155,-12.931,-8.003,13.852,24.308,16.895,22.886,26.848,26.592,23.031,26.907,26.313,NA,16.045,20.994,10.148,4.981,12.452,9.256,18.162,26.158,26.903,26.534,28.626,26.911,18.11,24.24,25.462,-12.616,NA,NA,2.172,19.361,NA,NA,16.394,29.308,27.539,27.478,28.392,21.908,23.71,14.173,15.152,-2.458,-0.71,-20.616,21.381,25.915,19.186,19.619,26.194,17.026,26.714,27.384,27.186,20.876,5.586,16.676
"2011-12",-9.331,-13.327,-13.5,12.594,20.732,14.029,20.98,26.363,25.767,24.123,26.335,26.05,NA,17.518,22.24,11.686,3.157,9.761,4.864,15.48,23.807,27.597,26.941,27.005,27.651,18.97,25.217,26.432,-18.125,NA,NA,-2.34,15.297,NA,NA,12.552,24.781,25.821,26.759,28.155,22.813,24.885,15.419,16.576,0.533,1.831,-24.949,20.057,26.125,20.187,18.382,26.39,18.185,25.981,25.962,26.843,22.047,6.736,16.62
"2012-01",-11.519,-18.735,-17.915,11.289,19.864,11.423,20.641,26.05,25.01,24.925,25.968,26.152,NA,18.858,23.301,13.263,1.852,8.392,-0.072,12.775,22.252,27.639,27.581,27.102,27.381,20.631,26.397,27.131,-19.84,NA,NA,-3.238,12.629,NA,NA,11.482,23.144,25.035,26.208,27.582,24.168,25.337,16.491,17.594,2.663,3.46,-24.498,19.156,26.317,21.07,17.35,26.656,19.61,25.515,25.258,26.739,23.326,7.795,16.83
"2012-02",-11.785,-17.399,-19.446,11.435,19.851,10.228,20.76,26.138,24.813,25.686,26.165,25.924,NA,19.514,23.64,13.321,2.1,8.42,1.99,13.77,23.614,28.05,28.107,26.811,27.74,21.482,26.525,27.114,-21.96,NA,NA,-4.867,12.079,NA,NA,11.378,25.13,25.454,26.123,27.151,25.012,25.109,17.527,18.228,3.191,3.955,-24.811,18.618,26.697,21.584,16.888,27.125,20.446,25.774,25.898,27.107,24.005,8.381,17.067
"2012-03",-9.398,-16.208,-18.201,11.717,20.884,13.361,21.047,26.759,25.373,26.08,26.314,26.145,NA,19.288,22.788,12.521,2.316,8.723,2.434,13.899,26.034,27.756,28.234,28.706,28.079,20.869,25.881,27.254,-22.038,NA,NA,-4.186,13.808,NA,NA,12.369,31.72,27.142,26.207,27.327,25.139,24.797,17.456,18.376,0.939,2.848,-25.21,18.763,26.882,21.629,16.968,27.347,20.53,26.659,26.947,27.639,24.013,8.09,17.129
"2012-04",-7.08,-11.945,-9.868,12.102,22.106,15.088,21.874,27.76,26.099,25.594,27.293,26.395,NA,18.661,21.786,11.229,2.947,10.855,14.827,16.121,27.081,27.623,28.558,28.901,27.688,20.445,25.52,26.829,-17.599,NA,NA,-0.174,21.556,NA,NA,15.644,34.258,27.854,27.282,27.929,24.972,23.743,16.532,16.946,-1.776,0.89,-19.837,19.327,27.31,20.884,17.367,27.479,19.847,27.92,28.299,28.299,23.366,7.321,17.317
"2012-05",-2.832,-2.866,-5.091,13.144,25.39,17.599,23.281,28.117,27.043,25.132,27.325,26.111,NA,17.627,20.219,9.726,6.124,13.376,18.739,18.804,29.274,27.078,27.609,33.925,27.945,19.255,24.594,25.732,-6.281,NA,NA,4.085,25.618,NA,NA,18.821,40.106,29.177,27.695,27.107,24.039,21.37,15.643,15.111,-5.145,-0.23,-10.34,20.248,27.373,19.992,18.379,27.171,18.634,28.627,29.257,28.701,22.378,6.407,17.503
"2012-06",2.52,3.533,1.612,14.781,27.245,21.015,24.432,28.191,27.51,24.706,26.87,25.987,NA,16.45,19.012,7.78,8.93,17.343,26.858,23.378,31.427,27.657,27.229,35.78,26.892,18.181,23.257,24.354,0.841,NA,NA,8.051,31.312,NA,NA,21.999,44.525,28.903,27.947,26.136,22.302,19.732,14.612,14.159,-6.233,-2.31,-1.225,21.315,27.282,18.932,19.994,26.868,17.579,27.611,29.133,28.04,21.164,5.596,17.642
"2012-07",4.317,6.368,5.635,15.749,27.938,23.404,25.187,27.837,27.586,24.336,27.294,25.608,NA,15.964,18.045,6.965,12.619,19.699,31.99,27.316,31.272,27.141,25.562,35.481,26.066,17.861,22.604,23.666,2.369,NA,NA,11.841,35.148,NA,NA,23.996,45.849,28.279,27.338,25.494,21.182,19.073,13.71,13.096,-7.41,-4.627,0.478,22.496,27.286,18.169,21.452,26.237,16.629,27.005,28.177,27.285,20.314,5.02,17.655
"2012-08",4.879,5.991,6.837,16.916,28.477,24.055,26.066,28.477,28.029,24.277,27.699,25.165,NA,15.415,18.605,7.107,13.414,19.989,28.765,26.244,31.254,26.977,24.942,35.949,25.932,16.959,22.608,23.488,2.4,NA,NA,12.73,33.916,NA,NA,25.069,44.546,27.771,27.224,25.443,21.054,19.937,13.724,13.505,-9.67,-5.051,-0.043,23.531,27.219,17.689,22.334,25.688,15.969,26.502,28.133,27.239,20.023,4.791,17.649
"2012-09",2.407,2.564,3.113,17.369,28.591,22.876,26.201,28.281,28.019,24.031,27.707,25.216,NA,15.141,18.304,8.025,11.005,18.262,21.615,24.479,31.541,26.762,25.399,35.451,26.074,16.77,22.985,24.123,0.143,NA,NA,11.258,29.555,NA,NA,23.947,42.386,27.903,27.354,26.016,20.756,20.567,13.542,13.776,-9.254,-4.792,-3.531,23.691,27.154,17.733,22.32,25.72,15.693,26.504,28.02,27.29,20.125,4.673,17.466
"2012-10",-2.5,-5.344,-4.139,16.395,27.361,20.541,25.067,28.127,27.59,24.167,27.846,25.978,NA,15.352,19.184,8.902,8.598,16.049,15.532,21.181,29.22,26.837,26.284,31.129,27.198,17.141,23.463,24.523,-5.95,NA,NA,7.939,23.691,NA,NA,21.414,36.834,28.326,27.828,27.36,21.086,22.012,13.568,14.053,-6.708,-2.917,-12.076,22.948,27.247,18.169,21.168,26.237,16.149,27.246,28.405,27.592,20.275,4.946,17.15
"2012-11",-8.556,-12.191,-11.203,13.767,24.034,17.061,23.297,28.206,26.984,24.647,27.177,26.745,NA,16.215,20.839,10.154,5.074,12.601,10.206,17.756,24.968,27.584,27.122,30.036,27.693,17.973,24.352,25.67,-13.186,NA,NA,1.567,18.723,NA,NA,18.808,28.311,27.756,27.939,28.606,21.561,23.464,14.242,14.436,-2.753,-0.782,-17.05,21.815,27.404,18.976,19.646,26.609,17.111,27.531,27.806,27.549,21.119,5.571,16.936
"2012-12",-9.252,-14.882,-14.632,13.076,20.63,13.485,21.633,27.041,26.07,25.39,26.93,26.958,NA,17.336,22.217,11.606,2.372,8.698,5.448,14.254,23.115,28.184,27.238,27.838,27.588,19.023,24.895,26.456,-17.828,NA,NA,-2.79,15.81,NA,NA,14.31,25.097,26.527,27.551,28.292,22.088,25.052,15.376,16.177,0.47,1.659,-22.672,20.525,27.552,20.29,18.353,26.889,18.268,26.827,26.595,27.589,22.198,6.7,16.903
"2013-01",-10.573,-16.622,-16.088,12.547,19.607,11.469,21.119,26.569,25.114,25.785,26.634,26.945,NA,18.664,24.76,12.241,1.918,7.434,-2.48,13.419,22.046,28.206,27.831,27.318,27.894,20.657,26.017,27.005,-22,NA,NA,-4.777,9.987,NA,NA,12.463,22.452,25.708,27.099,27.762,23.12,25.585,16.727,17.569,2.77,3.901,-24.479,19.531,27.548,21.119,17.165,27.142,19.846,26.185,26.035,27.684,23.518,7.839,17.112
"2013-02",-14.992,-17.445,-22.185,11.93,18.406,11.002,20.392,26.919,25.146,25.895,26.723,27.135,NA,18.92,24.674,12.816,2.15,8.796,1.125,13.745,23.559,28.707,28.594,27.131,27.995,21.413,25.98,26.778,-20.896,NA,NA,-5.13,11.002,NA,NA,11.621,25.625,25.906,27.047,27.713,23.316,25.622,17.302,18.139,3.356,3.979,-26.693,18.984,27.605,21.712,16.853,27.589,20.78,25.786,26.597,28.053,24.198,8.484,17.228
"2013-03",-12.909,-11.916,-17.995,12.258,19.893,12.452,20.777,27.152,25.183,25.908,27.152,27.471,NA,18.852,23.989,12.27,1.866,9.774,6.817,14.228,25.687,28.701,29.08,29.399,29.18,21.381,26.328,27.294,-18.996,NA,NA,-2.882,15.8,NA,NA,14.013,30.806,26.734,27.641,28.112,24.502,24.935,17.072,17.992,1.488,1.438,-23.801,19.028,27.854,21.739,16.884,28.029,20.823,26.534,27.895,28.731,24.419,8.101,17.45
"2013-04",-8.651,-10.76,-14.962,12.437,21.886,14.466,21.943,27.986,26.265,25.906,27.74,27.347,NA,18.483,22.303,11.425,2.81,10.971,15.025,16.298,27.693,28.525,29.336,31.952,28.843,20.611,25.438,26.656,-12.993,NA,NA,-0.069,22.146,NA,NA,16.853,36.267,28.615,28.19,28.736,24.697,23.793,16.259,16.836,-0.813,-0.528,-18.698,19.543,28.039,21.023,17.517,28.206,19.989,28.106,29.463,29.18,23.991,7.233,17.586
"2013-05",-2.565,-0.161,-4.6,13.407,24.366,17.7,22.613,28.506,27.002,25.981,27.658,27.284,NA,18.085,20.91,8.949,5.791,14.185,21.069,19.073,28.641,27.577,28.323,32.81,28.489,19.109,24.386,25.731,-4.979,NA,NA,3.511,24.692,NA,NA,19.827,37.29,29.805,28.44,27.776,23.497,22.449,15.144,15.79,-3.615,-2.259,-6.597,20.423,28.1,19.883,18.52,27.787,18.871,29.148,30.542,29.326,22.991,6.273,17.775
"2013-06",2.46,5.2,2.839,15.063,27.269,20.833,24.59,28.441,27.46,25.313,27.277,27.094,NA,16.848,18.176,7.878,8.509,18.373,28.476,23.321,30.516,27.786,26.886,35.909,27.557,18.097,22.899,24.324,0.868,NA,NA,8.261,31.588,NA,NA,22.634,44.629,30.404,28.425,27.1,22.565,20.823,14.37,15.315,-5.36,-2.305,-0.145,21.52,28.02,19.043,19.773,27.197,17.468,28.841,30.208,28.685,21.632,5.516,17.851
"2013-07",4.316,6.444,5.619,16.644,27.764,23.287,25.723,28.569,27.846,24.974,27.509,26.424,NA,15.893,17.99,7.879,10.507,19.211,31.944,26.948,30.78,27.746,26.162,34.865,26.377,17.475,22.745,23.722,1.925,NA,NA,12.36,35.495,NA,NA,24.371,46.467,29.167,28.128,26.351,21.704,20.201,13.512,14.208,-8.056,-1.962,0.274,22.793,27.885,18.156,21.221,26.487,16.532,27.637,29.351,27.93,20.741,4.969,17.828
"2013-08",4.784,7.11,6.299,17.403,28.679,24.017,26.639,29.06,28.297,24.364,27.824,26.124,NA,15.12,17.116,7.627,12.349,19.833,30.785,26.998,31.228,27.402,25.336,37.164,25.999,17.007,22.323,23.154,2.37,NA,NA,13.7,35.578,NA,NA,25.055,45.444,28.457,27.995,26.419,21.434,20.822,13.76,13.936,-6.999,-4.141,-0.282,23.736,27.746,17.737,22.183,26.071,15.872,26.943,28.981,27.852,20.152,4.637,17.826
"2013-09",2.269,4.489,2.673,17.938,28.405,23.221,26.476,29.009,28.058,23.997,27.932,26.535,NA,14.816,17.566,7.681,11.186,18.276,23.727,25.272,31.203,27.145,25.674,35.85,26.62,16.817,22.923,23.839,1.031,NA,NA,11.769,31.066,NA,NA,23.819,43.292,28.794,28.152,26.723,20.861,21.659,13.686,14.429,-7.153,-1.986,-3.248,23.913,27.751,17.724,22.205,26.394,15.692,26.98,28.945,27.749,20.021,4.63,17.689
"2013-10",-2.056,0.67,-3.357,17.33,26.802,20.583,25.531,28.478,27.62,23.963,28.245,27.186,NA,15.197,19.013,9.026,8.143,14.91,14.977,21.074,29.489,27.799,26.493,33.235,27.436,17.171,23.836,24.911,-2.763,NA,NA,6.231,24.021,NA,NA,22.006,36.386,29.099,28.486,27.957,21.818,23.359,13.878,14.826,-5.645,-2.211,-9.322,23.013,27.825,18.152,21.361,27.039,16.201,28.008,28.856,28.057,20.51,4.905,17.412
"2013-11",-8.257,-6.306,-9.413,15.741,24.168,16.475,24.005,28.175,27.056,24.591,28.327,27.855,NA,16.329,20.459,10.505,4.207,12.092,9.525,17.511,26.348,28.392,27.301,30.997,28.52,18.826,24.681,25.649,-11.636,NA,NA,1.535,19.225,NA,NA,17.396,30.674,28.274,28.447,28.933,21.909,24.48,14.475,15.824,-2.512,0.101,-18.111,21.884,27.979,19.053,19.73,27.512,17.172,27.593,28.221,28.421,21.187,5.594,17.11
"2013-12",-10.86,-11.816,-13.666,13.108,20.468,13.497,21.317,27.673,26.278,25.595,27.756,27.462,NA,18.169,22.499,12.287,1.866,9.715,2.946,15.348,23.022,29.214,28.071,28.191,28.404,19.852,25.455,26.288,-15.792,NA,NA,-1.753,12.943,NA,NA,13.512,22.983,26.581,28.051,29.275,22.849,25.481,15.55,16.919,0.468,2.1,-22.169,20.583,27.933,20.161,18.378,27.637,18.679,26.812,27.401,28.168,22.307,6.65,17.104
"2014-01",-11.477,-12.257,-17.178,12.59,19.664,11.822,20.583,27.576,25.813,26.44,27.507,27.656,NA,19.457,23.996,13.342,2.422,9.208,-2.819,13.248,22.076,29.318,28.648,27.93,27.976,20.623,25.803,26.653,-20.606,NA,NA,-5.53,8.815,NA,NA,11.408,21.274,25.98,27.615,28.557,23.73,26.553,16.755,18.096,2.657,4.298,-23.02,19.531,27.961,21.327,17.507,27.889,19.899,26.045,26.75,28.171,23.36,7.782,17.253
"2014-02",-11.529,-13.458,-18.923,11.916,19.465,12.155,20.331,26.969,25.372,27.205,27.385,27.476,NA,20.216,24.521,13.949,2.368,8.596,-1.179,13.568,23.583,29.366,29.446,29.063,28.785,21.331,26.27,27.254,-22.505,NA,NA,-6.562,11.331,NA,NA,13.205,25.538,26.597,27.584,28.442,23.784,26.393,17.153,18.866,3.027,4.507,-25.195,18.84,27.96,21.776,17.161,28.232,20.848,26.55,27.04,28.329,24.24,8.364,17.437
"2014-03",-10.489,-12.465,-15.397,11.156,20.264,12.86,20.05,27.521,26.115,27.118,28.086,27.764,NA,19.725,23.899,13.186,2.794,9.389,4.13,14.098,26.671,29.455,29.736,30.344,28.878,21.294,26.393,27.387,-21.772,NA,NA,-5.601,15.245,NA,NA,14.093,31.796,27.839,27.975,29.282,24.423,25.924,17.373,18.82,0.975,3.187,-24.376,18.822,27.983,21.741,17.406,28.597,20.744,27.309,28.512,28.997,24.304,8.082,17.566
"2014-04",-9.423,-10.129,-15.794,12.049,22.011,14.969,21.291,28.305,26.68,26.328,28.335,27.77,NA,18.724,22.393,11.666,3.336,12.218,11.886,16.076,28.007,28.628,29.707,32.763,28.646,20.281,25.581,27.083,-15.045,NA,NA,-1.105,20.603,NA,NA,16.663,36.908,29.481,28.557,29.081,23.97,24.414,16.752,17.618,-2.518,1.334,-20.396,19.377,27.976,21.127,17.683,28.476,20.001,28.817,30.014,29.486,23.64,7.286,17.548
"2014-05",-2.927,-0.952,-5.838,12.795,24.58,18.087,22.66,28.722,27.201,24.801,27.947,27.178,NA,17.976,20.999,9.897,6.778,14.114,19.289,18.42,29.551,28.122,28.712,36.829,28.604,18.985,24.543,26.435,-5.717,NA,NA,3.929,26.171,NA,NA,19.984,41.071,30.591,28.749,28.438,22.92,22.843,15.876,16.282,-4.57,-0.044,-8.327,20.243,27.354,20.062,18.599,27.991,18.81,29.5,30.831,29.179,22.717,6.267,17.691
"2014-06",2.362,4.857,1.976,13.904,27.746,21.14,24.286,28.493,28.045,23.36,27.727,27.037,NA,16.681,18.491,9.021,9.565,17.828,26.82,22.539,31.725,27.965,27.876,36.122,27.291,17.984,23.544,24.924,1.058,NA,NA,8.486,31.152,NA,NA,22.82,45.275,29.98,28.713,27.402,21.566,20.95,14.677,15.384,-5.467,-0.997,-0.108,21.288,26.673,19.204,20.035,27.366,17.512,28.134,29.774,28.252,21.386,5.513,17.735
"2014-07",4.373,7.654,5.806,15.439,28.449,23.898,25.001,27.973,28.095,22.129,27.751,26.315,NA,15.481,18.124,8.324,11.268,20.572,32.473,27.074,31.06,27.326,25.571,31.741,26.278,17.046,22.826,24.229,2.262,NA,NA,12.386,35.189,NA,NA,24.916,45.619,28.473,28.18,27.041,21.029,21.079,13.816,15.065,-7.062,-2.394,0.39,22.463,25.919,18.418,21.736,26.53,16.559,27.08,28.839,27.598,20.663,4.845,17.676
"2014-08",4.779,7.548,5.769,17.043,28.353,24.673,25.208,28.145,28.328,21.757,27.99,26.02,NA,15.07,18.743,8.091,11.943,21.065,29.594,27.613,30.675,26.906,24.574,32.487,25.799,16.527,22.879,23.872,2.709,NA,NA,13.797,34.428,NA,NA,25.667,44.184,28.242,28.306,27.166,20.462,20.758,13.141,13.973,-6.482,-3.65,-0.362,23.26,25.28,17.99,22.734,26.036,16.07,26.338,28.477,26.999,20.045,4.519,17.578
"2014-09",2.536,5.002,3.897,17.137,28.64,23.382,25.726,27.749,28.279,22.078,28.005,25.916,NA,14.844,18.938,8.41,9.864,18.805,25.535,25.395,31.168,26.554,25.181,34.624,25.731,16.714,23.447,24.031,1.229,NA,NA,11.326,30.575,NA,NA,24.756,42.161,28.017,28.025,27.386,20.903,21.379,13.18,14.036,-7.285,-2.712,-4.045,23.416,25.226,18.114,22.592,25.986,15.816,26.132,27.989,26.839,19.867,4.596,17.405
"2014-10",-2.873,0.425,-1.942,16.278,26.906,20.132,24.921,27.045,27.75,22.528,28.203,26.495,NA,15.191,19.632,9.328,6.698,15.659,16.928,21.342,29.672,27.083,26.297,32.378,26.313,17.51,24.048,24.709,-3.108,NA,NA,7.354,24.348,NA,NA,21.389,37.56,28.179,27.766,27.902,21.191,22.824,13.531,14.555,-5.916,-1.621,-11.276,22.676,25.048,18.362,21.507,26.472,16.283,26.286,27.734,26.916,20.091,4.775,17.002
"2014-11",-7.513,-7.642,-9.235,13.924,24.257,17.544,23.004,26.406,26.842,23.171,27.28,27.005,NA,16.157,20.515,10.692,4.961,12.632,9.123,18.12,25.97,27.32,27.246,29.245,26.94,18.686,24.613,25.557,-13.411,NA,NA,0.682,17.071,NA,NA,17.916,29.644,27.508,27.588,28.727,21.702,23.828,14.223,15.651,-2.397,-0.473,-18.438,21.447,25.157,19.15,19.934,26.775,17.32,26.559,27.17,26.873,20.933,5.58,16.743
"2014-12",-10.901,-14.708,-14.807,11.917,22.792,14.958,21.349,26.303,25.994,23.716,26.576,26.918,NA,17.443,22.071,11.976,3.652,10.955,2.357,15.554,22.892,28.109,27.619,27.554,27.547,19.709,25.057,25.746,-16.887,NA,NA,-3.743,12.547,NA,NA,12.981,24.137,26.298,27.138,28.084,22.399,24.897,15.323,17.195,0.562,1.936,-20.416,20.079,25.105,20.172,18.514,26.82,18.636,26.216,26.54,27.027,21.849,6.637,16.696
